  0.0000    2    2.000   1.0000        square
  2.0000    0    2.500   1.0000          NULL 
  4.5000    2    2.000   1.0000        square
  6.5000    0    1.000   1.0000          NULL 
  7.5000    2    2.000   1.0000        square
  9.5000    0    1.500   1.0000          NULL 
 11.0000    1    2.000   1.0000          line
 13.0000    0    0.500   1.0000          NULL 
 13.5000    3    2.000   1.0000      triangle
 15.5000    0    2.500   1.0000          NULL 
 18.0000    1    2.000   1.0000          line
 20.0000    0    1.500   1.0000          NULL 
 21.5000    4    2.000   1.0000        circle
 23.5000    0    2.000   1.0000          NULL 
 25.5000    2    2.000   1.0000        square
 27.5000    0    1.500   1.0000          NULL 
 29.0000    2    2.000   1.0000        square
 31.0000    0    0.500   1.0000          NULL 
 31.5000    1    2.000   1.0000          line
 33.5000    0    1.000   1.0000          NULL 
 34.5000    3    2.000   1.0000      triangle
 36.5000    0    0.500   1.0000          NULL 
 37.0000    2    2.000   1.0000        square
 39.0000    0    1.500   1.0000          NULL 
 40.5000    3    2.000   1.0000      triangle
 42.5000    0    1.500   1.0000          NULL 
 44.0000    1    2.000   1.0000          line
 46.0000    0    0.500   1.0000          NULL 
 46.5000    1    2.000   1.0000          line
 48.5000    0    1.000   1.0000          NULL 
 49.5000    4    2.000   1.0000        circle
 51.5000    0    1.500   1.0000          NULL 
 53.0000    4    2.000   1.0000        circle
 55.0000    0    2.000   1.0000          NULL 
 57.0000    3    2.000   1.0000      triangle
 59.0000    0    0.500   1.0000          NULL 
 59.5000    1    2.000   1.0000          line
 61.5000    0    1.500   1.0000          NULL 
 63.0000    2    2.000   1.0000        square
 65.0000    0    1.000   1.0000          NULL 
 66.0000    2    2.000   1.0000        square
 68.0000    0    0.500   1.0000          NULL 
 68.5000    3    2.000   1.0000      triangle
 70.5000    0    0.500   1.0000          NULL 
 71.0000    4    2.000   1.0000        circle
 73.0000    0    1.000   1.0000          NULL 
 74.0000    3    2.000   1.0000      triangle
 76.0000    0    3.000   1.0000          NULL 
 79.0000    1    2.000   1.0000          line
 81.0000    0    1.500   1.0000          NULL 
 82.5000    4    2.000   1.0000        circle
 84.5000    0    1.000   1.0000          NULL 
 85.5000    3    2.000   1.0000      triangle
 87.5000    0    2.000   1.0000          NULL 
 89.5000    4    2.000   1.0000        circle
 91.5000    0    0.500   1.0000          NULL 
 92.0000    4    2.000   1.0000        circle
 94.0000    0    1.000   1.0000          NULL 
 95.0000    1    2.000   1.0000          line
 97.0000    0    1.500   1.0000          NULL 
 98.5000    2    2.000   1.0000        square
100.5000    0    0.500   1.0000          NULL 
101.0000    1    2.000   1.0000          line
103.0000    0    0.500   1.0000          NULL 
103.5000    4    2.000   1.0000        circle
105.5000    0    0.500   1.0000          NULL 
106.0000    3    2.000   1.0000      triangle
108.0000    0    0.500   1.0000          NULL 
108.5000    4    2.000   1.0000        circle
110.5000    0    2.000   1.0000          NULL 
112.5000    4    2.000   1.0000        circle
114.5000    0    0.500   1.0000          NULL 
115.0000    4    2.000   1.0000        circle
117.0000    0    0.500   1.0000          NULL 
117.5000    1    2.000   1.0000          line
119.5000    0    1.000   1.0000          NULL 
120.5000    2    2.000   1.0000        square
122.5000    0    2.500   1.0000          NULL 
125.0000    4    2.000   1.0000        circle
127.0000    0    1.000   1.0000          NULL 
128.0000    4    2.000   1.0000        circle
130.0000    0    1.500   1.0000          NULL 
131.5000    3    2.000   1.0000      triangle
133.5000    0    0.500   1.0000          NULL 
134.0000    3    2.000   1.0000      triangle
136.0000    0    0.500   1.0000          NULL 
136.5000    2    2.000   1.0000        square
138.5000    0    3.500   1.0000          NULL 
142.0000    3    2.000   1.0000      triangle
144.0000    0    4.000   1.0000          NULL 
148.0000    2    2.000   1.0000        square
150.0000    0    0.500   1.0000          NULL 
150.5000    1    2.000   1.0000          line
152.5000    0    0.500   1.0000          NULL 
153.0000    4    2.000   1.0000        circle
155.0000    0    3.000   1.0000          NULL 
158.0000    4    2.000   1.0000        circle
160.0000    0    2.500   1.0000          NULL 
162.5000    3    2.000   1.0000      triangle
164.5000    0    1.000   1.0000          NULL 
165.5000    3    2.000   1.0000      triangle
167.5000    0    1.500   1.0000          NULL 
169.0000    1    2.000   1.0000          line
171.0000    0    2.500   1.0000          NULL 
173.5000    3    2.000   1.0000      triangle
175.5000    0    2.500   1.0000          NULL 
178.0000    4    2.000   1.0000        circle
180.0000    0    3.000   1.0000          NULL 
183.0000    3    2.000   1.0000      triangle
185.0000    0    4.000   1.0000          NULL 
189.0000    4    2.000   1.0000        circle
191.0000    0    1.000   1.0000          NULL 
192.0000    1    2.000   1.0000          line
194.0000    0    2.000   1.0000          NULL 
196.0000    4    2.000   1.0000        circle
198.0000    0    1.500   1.0000          NULL 
199.5000    2    2.000   1.0000        square
201.5000    0    3.500   1.0000          NULL 
205.0000    2    2.000   1.0000        square
207.0000    0    0.500   1.0000          NULL 
207.5000    1    2.000   1.0000          line
209.5000    0    0.500   1.0000          NULL 
210.0000    4    2.000   1.0000        circle
212.0000    0    2.500   1.0000          NULL 
214.5000    4    2.000   1.0000        circle
216.5000    0    0.500   1.0000          NULL 
217.0000    1    2.000   1.0000          line
219.0000    0    0.500   1.0000          NULL 
219.5000    2    2.000   1.0000        square
221.5000    0    1.000   1.0000          NULL 
222.5000    3    2.000   1.0000      triangle
224.5000    0    3.000   1.0000          NULL 
227.5000    2    2.000   1.0000        square
229.5000    0    1.500   1.0000          NULL 
231.0000    1    2.000   1.0000          line
233.0000    0    1.000   1.0000          NULL 
234.0000    1    2.000   1.0000          line
236.0000    0    3.000   1.0000          NULL 
239.0000    2    2.000   1.0000        square
241.0000    0    3.500   1.0000          NULL 
244.5000    2    2.000   1.0000        square
246.5000    0    1.000   1.0000          NULL 
247.5000    3    2.000   1.0000      triangle
249.5000    0    1.500   1.0000          NULL 
251.0000    4    2.000   1.0000        circle
253.0000    0    2.000   1.0000          NULL 
255.0000    2    2.000   1.0000        square
257.0000    0    3.000   1.0000          NULL 
260.0000    4    2.000   1.0000        circle
262.0000    0    1.000   1.0000          NULL 
263.0000    3    2.000   1.0000      triangle
265.0000    0    1.000   1.0000          NULL 
266.0000    3    2.000   1.0000      triangle
268.0000    0    1.500   1.0000          NULL 
269.5000    3    2.000   1.0000      triangle
271.5000    0    0.500   1.0000          NULL 
272.0000    1    2.000   1.0000          line
274.0000    0    1.500   1.0000          NULL 
275.5000    3    2.000   1.0000      triangle
277.5000    0    1.500   1.0000          NULL 
279.0000    1    2.000   1.0000          line
281.0000    0    0.500   1.0000          NULL 
281.5000    3    2.000   1.0000      triangle
283.5000    0    1.000   1.0000          NULL 
284.5000    4    2.000   1.0000        circle
286.5000    0    1.000   1.0000          NULL 
287.5000    2    2.000   1.0000        square
289.5000    0    2.000   1.0000          NULL 
291.5000    4    2.000   1.0000        circle
293.5000    0    3.000   1.0000          NULL 
296.5000    3    2.000   1.0000      triangle
298.5000    0    2.500   1.0000          NULL 
301.0000    4    2.000   1.0000        circle
303.0000    0    2.000   1.0000          NULL 
305.0000    4    2.000   1.0000        circle
307.0000    0    0.500   1.0000          NULL 
307.5000    1    2.000   1.0000          line
309.5000    0    2.500   1.0000          NULL 
312.0000    2    2.000   1.0000        square
314.0000    0    1.500   1.0000          NULL 
315.5000    3    2.000   1.0000      triangle
317.5000    0    2.000   1.0000          NULL 
319.5000    4    2.000   1.0000        circle
321.5000    0    0.500   1.0000          NULL 
322.0000    4    2.000   1.0000        circle
324.0000    0    1.000   1.0000          NULL 
325.0000    1    2.000   1.0000          line
327.0000    0    1.000   1.0000          NULL 
328.0000    1    2.000   1.0000          line
330.0000    0    1.000   1.0000          NULL 
331.0000    3    2.000   1.0000      triangle
333.0000    0    1.500   1.0000          NULL 
334.5000    1    2.000   1.0000          line
336.5000    0    3.000   1.0000          NULL 
339.5000    4    2.000   1.0000        circle
341.5000    0    1.000   1.0000          NULL 
342.5000    1    2.000   1.0000          line
344.5000    0    2.000   1.0000          NULL 
346.5000    2    2.000   1.0000        square
348.5000    0    1.500   1.0000          NULL 
350.0000    2    2.000   1.0000        square
352.0000    0    0.500   1.0000          NULL 
352.5000    3    2.000   1.0000      triangle
354.5000    0    0.500   1.0000          NULL 
355.0000    3    2.000   1.0000      triangle
357.0000    0    1.500   1.0000          NULL 
358.5000    1    2.000   1.0000          line
360.5000    0    1.500   1.0000          NULL 
362.0000    2    2.000   1.0000        square
364.0000    0    0.500   1.0000          NULL 
364.5000    1    2.000   1.0000          line
366.5000    0    2.000   1.0000          NULL 
368.5000    3    2.000   1.0000      triangle
370.5000    0    0.500   1.0000          NULL 
371.0000    3    2.000   1.0000      triangle
373.0000    0    0.500   1.0000          NULL 
373.5000    1    2.000   1.0000          line
375.5000    0    1.000   1.0000          NULL 
376.5000    1    2.000   1.0000          line
378.5000    0    2.000   1.0000          NULL 
380.5000    2    2.000   1.0000        square
382.5000    0    2.500   1.0000          NULL 
385.0000    3    2.000   1.0000      triangle
387.0000    0    2.500   1.0000          NULL 
389.5000    2    2.000   1.0000        square
391.5000    0    2.000   1.0000          NULL 
393.5000    1    2.000   1.0000          line
395.5000    0    1.000   1.0000          NULL 
396.5000    4    2.000   1.0000        circle
398.5000    0    1.500   1.0000          NULL 
400.0000    2    2.000   1.0000        square
402.0000    0    1.500   1.0000          NULL 
403.5000    1    2.000   1.0000          line
405.5000    0    2.000   1.0000          NULL 
407.5000    2    2.000   1.0000        square
409.5000    0    1.000   1.0000          NULL 
410.5000    2    2.000   1.0000        square
412.5000    0    1.500   1.0000          NULL 
414.0000    2    2.000   1.0000        square
416.0000    0    4.000   1.0000          NULL 
