  0.0000    4    2.000   1.0000        circle
  2.0000    0    0.500   1.0000          NULL 
  2.5000    4    2.000   1.0000        circle
  4.5000    0    3.000   1.0000          NULL 
  7.5000    4    2.000   1.0000        circle
  9.5000    0    1.500   1.0000          NULL 
 11.0000    4    2.000   1.0000        circle
 13.0000    0    1.500   1.0000          NULL 
 14.5000    2    2.000   1.0000        square
 16.5000    0    2.000   1.0000          NULL 
 18.5000    3    2.000   1.0000      triangle
 20.5000    0    2.000   1.0000          NULL 
 22.5000    1    2.000   1.0000          line
 24.5000    0    3.500   1.0000          NULL 
 28.0000    4    2.000   1.0000        circle
 30.0000    0    0.500   1.0000          NULL 
 30.5000    1    2.000   1.0000          line
 32.5000    0    1.000   1.0000          NULL 
 33.5000    1    2.000   1.0000          line
 35.5000    0    3.000   1.0000          NULL 
 38.5000    3    2.000   1.0000      triangle
 40.5000    0    1.000   1.0000          NULL 
 41.5000    3    2.000   1.0000      triangle
 43.5000    0    2.500   1.0000          NULL 
 46.0000    2    2.000   1.0000        square
 48.0000    0    2.000   1.0000          NULL 
 50.0000    2    2.000   1.0000        square
 52.0000    0    3.000   1.0000          NULL 
 55.0000    4    2.000   1.0000        circle
 57.0000    0    0.500   1.0000          NULL 
 57.5000    1    2.000   1.0000          line
 59.5000    0    0.500   1.0000          NULL 
 60.0000    3    2.000   1.0000      triangle
 62.0000    0    1.500   1.0000          NULL 
 63.5000    3    2.000   1.0000      triangle
 65.5000    0    1.000   1.0000          NULL 
 66.5000    2    2.000   1.0000        square
 68.5000    0    1.500   1.0000          NULL 
 70.0000    1    2.000   1.0000          line
 72.0000    0    1.000   1.0000          NULL 
 73.0000    2    2.000   1.0000        square
 75.0000    0    3.000   1.0000          NULL 
 78.0000    3    2.000   1.0000      triangle
 80.0000    0    2.000   1.0000          NULL 
 82.0000    4    2.000   1.0000        circle
 84.0000    0    1.000   1.0000          NULL 
 85.0000    4    2.000   1.0000        circle
 87.0000    0    1.000   1.0000          NULL 
 88.0000    3    2.000   1.0000      triangle
 90.0000    0    0.500   1.0000          NULL 
 90.5000    1    2.000   1.0000          line
 92.5000    0    3.500   1.0000          NULL 
 96.0000    4    2.000   1.0000        circle
 98.0000    0    1.500   1.0000          NULL 
 99.5000    4    2.000   1.0000        circle
101.5000    0    0.500   1.0000          NULL 
102.0000    2    2.000   1.0000        square
104.0000    0    0.500   1.0000          NULL 
104.5000    1    2.000   1.0000          line
106.5000    0    4.000   1.0000          NULL 
110.5000    1    2.000   1.0000          line
112.5000    0    0.500   1.0000          NULL 
113.0000    1    2.000   1.0000          line
115.0000    0    1.000   1.0000          NULL 
116.0000    4    2.000   1.0000        circle
118.0000    0    1.000   1.0000          NULL 
119.0000    3    2.000   1.0000      triangle
121.0000    0    1.500   1.0000          NULL 
122.5000    2    2.000   1.0000        square
124.5000    0    3.000   1.0000          NULL 
127.5000    3    2.000   1.0000      triangle
129.5000    0    2.000   1.0000          NULL 
131.5000    1    2.000   1.0000          line
133.5000    0    0.500   1.0000          NULL 
134.0000    3    2.000   1.0000      triangle
136.0000    0    1.000   1.0000          NULL 
137.0000    1    2.000   1.0000          line
139.0000    0    1.500   1.0000          NULL 
140.5000    2    2.000   1.0000        square
142.5000    0    3.000   1.0000          NULL 
145.5000    4    2.000   1.0000        circle
147.5000    0    1.500   1.0000          NULL 
149.0000    3    2.000   1.0000      triangle
151.0000    0    1.000   1.0000          NULL 
152.0000    1    2.000   1.0000          line
154.0000    0    0.500   1.0000          NULL 
154.5000    3    2.000   1.0000      triangle
156.5000    0    0.500   1.0000          NULL 
157.0000    2    2.000   1.0000        square
159.0000    0    4.000   1.0000          NULL 
163.0000    2    2.000   1.0000        square
165.0000    0    0.500   1.0000          NULL 
165.5000    2    2.000   1.0000        square
167.5000    0    1.000   1.0000          NULL 
168.5000    3    2.000   1.0000      triangle
170.5000    0    2.500   1.0000          NULL 
173.0000    4    2.000   1.0000        circle
175.0000    0    0.500   1.0000          NULL 
175.5000    2    2.000   1.0000        square
177.5000    0    1.500   1.0000          NULL 
179.0000    4    2.000   1.0000        circle
181.0000    0    0.500   1.0000          NULL 
181.5000    4    2.000   1.0000        circle
183.5000    0    4.000   1.0000          NULL 
187.5000    3    2.000   1.0000      triangle
189.5000    0    2.000   1.0000          NULL 
191.5000    2    2.000   1.0000        square
193.5000    0    1.000   1.0000          NULL 
194.5000    3    2.000   1.0000      triangle
196.5000    0    3.000   1.0000          NULL 
199.5000    2    2.000   1.0000        square
201.5000    0    0.500   1.0000          NULL 
202.0000    3    2.000   1.0000      triangle
204.0000    0    0.500   1.0000          NULL 
204.5000    4    2.000   1.0000        circle
206.5000    0    2.500   1.0000          NULL 
209.0000    4    2.000   1.0000        circle
211.0000    0    1.500   1.0000          NULL 
212.5000    2    2.000   1.0000        square
214.5000    0    2.500   1.0000          NULL 
217.0000    1    2.000   1.0000          line
219.0000    0    2.000   1.0000          NULL 
221.0000    3    2.000   1.0000      triangle
223.0000    0    1.000   1.0000          NULL 
224.0000    3    2.000   1.0000      triangle
226.0000    0    0.500   1.0000          NULL 
226.5000    1    2.000   1.0000          line
228.5000    0    2.000   1.0000          NULL 
230.5000    1    2.000   1.0000          line
232.5000    0    0.500   1.0000          NULL 
233.0000    4    2.000   1.0000        circle
235.0000    0    1.000   1.0000          NULL 
236.0000    2    2.000   1.0000        square
238.0000    0    2.000   1.0000          NULL 
240.0000    1    2.000   1.0000          line
242.0000    0    1.000   1.0000          NULL 
243.0000    3    2.000   1.0000      triangle
245.0000    0    3.500   1.0000          NULL 
248.5000    1    2.000   1.0000          line
250.5000    0    1.000   1.0000          NULL 
251.5000    1    2.000   1.0000          line
253.5000    0    2.000   1.0000          NULL 
255.5000    4    2.000   1.0000        circle
257.5000    0    2.500   1.0000          NULL 
260.0000    2    2.000   1.0000        square
262.0000    0    1.500   1.0000          NULL 
263.5000    1    2.000   1.0000          line
265.5000    0    3.500   1.0000          NULL 
269.0000    1    2.000   1.0000          line
271.0000    0    1.000   1.0000          NULL 
272.0000    1    2.000   1.0000          line
274.0000    0    1.000   1.0000          NULL 
275.0000    1    2.000   1.0000          line
277.0000    0    1.000   1.0000          NULL 
278.0000    3    2.000   1.0000      triangle
280.0000    0    0.500   1.0000          NULL 
280.5000    3    2.000   1.0000      triangle
282.5000    0    1.000   1.0000          NULL 
283.5000    4    2.000   1.0000        circle
285.5000    0    0.500   1.0000          NULL 
286.0000    4    2.000   1.0000        circle
288.0000    0    0.500   1.0000          NULL 
288.5000    4    2.000   1.0000        circle
290.5000    0    1.000   1.0000          NULL 
291.5000    3    2.000   1.0000      triangle
293.5000    0    1.500   1.0000          NULL 
295.0000    3    2.000   1.0000      triangle
297.0000    0    0.500   1.0000          NULL 
297.5000    4    2.000   1.0000        circle
299.5000    0    1.000   1.0000          NULL 
300.5000    4    2.000   1.0000        circle
302.5000    0    1.500   1.0000          NULL 
304.0000    1    2.000   1.0000          line
306.0000    0    3.500   1.0000          NULL 
309.5000    2    2.000   1.0000        square
311.5000    0    3.500   1.0000          NULL 
315.0000    2    2.000   1.0000        square
317.0000    0    2.500   1.0000          NULL 
319.5000    2    2.000   1.0000        square
321.5000    0    1.500   1.0000          NULL 
323.0000    1    2.000   1.0000          line
325.0000    0    0.500   1.0000          NULL 
325.5000    2    2.000   1.0000        square
327.5000    0    2.000   1.0000          NULL 
329.5000    1    2.000   1.0000          line
331.5000    0    0.500   1.0000          NULL 
332.0000    3    2.000   1.0000      triangle
334.0000    0    3.000   1.0000          NULL 
337.0000    1    2.000   1.0000          line
339.0000    0    0.500   1.0000          NULL 
339.5000    3    2.000   1.0000      triangle
341.5000    0    1.000   1.0000          NULL 
342.5000    3    2.000   1.0000      triangle
344.5000    0    0.500   1.0000          NULL 
345.0000    4    2.000   1.0000        circle
347.0000    0    2.500   1.0000          NULL 
349.5000    4    2.000   1.0000        circle
351.5000    0    0.500   1.0000          NULL 
352.0000    2    2.000   1.0000        square
354.0000    0    0.500   1.0000          NULL 
354.5000    4    2.000   1.0000        circle
356.5000    0    0.500   1.0000          NULL 
357.0000    2    2.000   1.0000        square
359.0000    0    1.500   1.0000          NULL 
360.5000    2    2.000   1.0000        square
362.5000    0    1.000   1.0000          NULL 
363.5000    4    2.000   1.0000        circle
365.5000    0    1.000   1.0000          NULL 
366.5000    3    2.000   1.0000      triangle
368.5000    0    1.000   1.0000          NULL 
369.5000    4    2.000   1.0000        circle
371.5000    0    1.000   1.0000          NULL 
372.5000    1    2.000   1.0000          line
374.5000    0    1.000   1.0000          NULL 
375.5000    3    2.000   1.0000      triangle
377.5000    0    0.500   1.0000          NULL 
378.0000    2    2.000   1.0000        square
380.0000    0    1.000   1.0000          NULL 
381.0000    2    2.000   1.0000        square
383.0000    0    1.000   1.0000          NULL 
384.0000    3    2.000   1.0000      triangle
386.0000    0    1.000   1.0000          NULL 
387.0000    1    2.000   1.0000          line
389.0000    0    1.500   1.0000          NULL 
390.5000    1    2.000   1.0000          line
392.5000    0    0.500   1.0000          NULL 
393.0000    3    2.000   1.0000      triangle
395.0000    0    1.000   1.0000          NULL 
396.0000    2    2.000   1.0000        square
398.0000    0    1.000   1.0000          NULL 
399.0000    2    2.000   1.0000        square
401.0000    0    3.500   1.0000          NULL 
404.5000    4    2.000   1.0000        circle
406.5000    0    3.000   1.0000          NULL 
409.5000    2    2.000   1.0000        square
411.5000    0    0.500   1.0000          NULL 
412.0000    2    2.000   1.0000        square
414.0000    0    3.500   1.0000          NULL 
417.5000    1    2.000   1.0000          line
419.5000    0    0.500   1.0000          NULL 
