  0.0000    4    2.000   1.0000      triangle
  2.0000    0    1.100   1.0000          NULL 
  3.1000    3    2.000   1.0000        circle
  5.1000    0    1.000   1.0000          NULL 
  6.1000    4    2.000   1.0000      triangle
  8.1000    0    1.300   1.0000          NULL 
  9.4000    4    2.000   1.0000      triangle
 11.4000    0    1.200   1.0000          NULL 
 12.6000    1    2.000   1.0000          line
 14.6000    0    1.000   1.0000          NULL 
 15.6000    3    2.000   1.0000        circle
 17.6000    0    1.100   1.0000          NULL 
 18.7000    3    2.000   1.0000        circle
 20.7000    0    1.300   1.0000          NULL 
 22.0000    4    2.000   1.0000      triangle
 24.0000    0    1.200   1.0000          NULL 
 25.2000    2    2.000   1.0000        square
 27.2000    0    1.600   1.0000          NULL 
 28.8000    1    2.000   1.0000          line
 30.8000    0    1.200   1.0000          NULL 
 32.0000    2    2.000   1.0000        square
 34.0000    0    1.000   1.0000          NULL 
 35.0000    3    2.000   1.0000        circle
 37.0000    0    1.300   1.0000          NULL 
 38.3000    3    2.000   1.0000        circle
 40.3000    0    1.000   1.0000          NULL 
 41.3000    3    2.000   1.0000        circle
 43.3000    0    1.000   1.0000          NULL 
 44.3000    4    2.000   1.0000      triangle
 46.3000    0    1.200   1.0000          NULL 
 47.5000    4    2.000   1.0000      triangle
 49.5000    0    1.700   1.0000          NULL 
 51.2000    3    2.000   1.0000        circle
 53.2000    0    1.000   1.0000          NULL 
 54.2000    2    2.000   1.0000        square
 56.2000    0    1.000   1.0000          NULL 
 57.2000    1    2.000   1.0000          line
 59.2000    0    1.800   1.0000          NULL 
 61.0000    4    2.000   1.0000      triangle
 63.0000    0    1.300   1.0000          NULL 
 64.3000    1    2.000   1.0000          line
 66.3000    0    1.300   1.0000          NULL 
 67.6000    2    2.000   1.0000        square
 69.6000    0    1.400   1.0000          NULL 
 71.0000    1    2.000   1.0000          line
 73.0000    0    1.100   1.0000          NULL 
 74.1000    3    2.000   1.0000        circle
 76.1000    0    1.000   1.0000          NULL 
 77.1000    1    2.000   1.0000          line
 79.1000    0    1.800   1.0000          NULL 
 80.8999    2    2.000   1.0000        square
 82.8999    0    1.200   1.0000          NULL 
 84.0999    4    2.000   1.0000      triangle
 86.0999    0    1.800   1.0000          NULL 
 87.8999    2    2.000   1.0000        square
 89.8999    0    1.000   1.0000          NULL 
 90.8999    4    2.000   1.0000      triangle
 92.8999    0    1.000   1.0000          NULL 
 93.8999    1    2.000   1.0000          line
 95.8999    0    2.000   1.0000          NULL 
 97.8999    2    2.000   1.0000        square
 99.8999    0    1.400   1.0000          NULL 
101.2999    3    2.000   1.0000        circle
103.2999    0    1.100   1.0000          NULL 
104.3999    1    2.000   1.0000          line
106.3999    0    1.100   1.0000          NULL 
107.4999    2    2.000   1.0000        square
109.4999    0    1.100   1.0000          NULL 
110.5999    1    2.000   1.0000          line
112.5999    0    1.000   1.0000          NULL 
113.5999    2    2.000   1.0000        square
115.5999    0    1.600   1.0000          NULL 
117.1999    4    2.000   1.0000      triangle
119.1999    0    1.000   1.0000          NULL 
120.1999    1    2.000   1.0000          line
122.1999    0    1.400   1.0000          NULL 
123.5999    2    2.000   1.0000        square
125.5999    0    1.000   1.0000          NULL 
126.5999    3    2.000   1.0000        circle
128.5999    0    1.400   1.0000          NULL 
