  0.0000    3    2.000   1.0000      triangle
  2.0000    0    1.000   1.0000          NULL 
  3.0000    1    2.000   1.0000          line
  5.0000    0    2.000   1.0000          NULL 
  7.0000    3    2.000   1.0000      triangle
  9.0000    0    0.500   1.0000          NULL 
  9.5000    1    2.000   1.0000          line
 11.5000    0    1.000   1.0000          NULL 
 12.5000    2    2.000   1.0000        square
 14.5000    0    2.000   1.0000          NULL 
 16.5000    3    2.000   1.0000      triangle
 18.5000    0    1.000   1.0000          NULL 
 19.5000    4    2.000   1.0000        circle
 21.5000    0    3.000   1.0000          NULL 
 24.5000    2    2.000   1.0000        square
 26.5000    0    0.500   1.0000          NULL 
 27.0000    3    2.000   1.0000      triangle
 29.0000    0    1.000   1.0000          NULL 
 30.0000    4    2.000   1.0000        circle
 32.0000    0    1.000   1.0000          NULL 
 33.0000    3    2.000   1.0000      triangle
 35.0000    0    1.000   1.0000          NULL 
 36.0000    2    2.000   1.0000        square
 38.0000    0    2.500   1.0000          NULL 
 40.5000    1    2.000   1.0000          line
 42.5000    0    1.500   1.0000          NULL 
 44.0000    3    2.000   1.0000      triangle
 46.0000    0    1.500   1.0000          NULL 
 47.5000    1    2.000   1.0000          line
 49.5000    0    0.500   1.0000          NULL 
 50.0000    3    2.000   1.0000      triangle
 52.0000    0    0.500   1.0000          NULL 
 52.5000    1    2.000   1.0000          line
 54.5000    0    4.000   1.0000          NULL 
 58.5000    3    2.000   1.0000      triangle
 60.5000    0    2.500   1.0000          NULL 
 63.0000    1    2.000   1.0000          line
 65.0000    0    2.000   1.0000          NULL 
 67.0000    4    2.000   1.0000        circle
 69.0000    0    2.500   1.0000          NULL 
 71.5000    2    2.000   1.0000        square
 73.5000    0    1.000   1.0000          NULL 
 74.5000    3    2.000   1.0000      triangle
 76.5000    0    0.500   1.0000          NULL 
 77.0000    3    2.000   1.0000      triangle
 79.0000    0    1.000   1.0000          NULL 
 80.0000    1    2.000   1.0000          line
 82.0000    0    1.000   1.0000          NULL 
 83.0000    4    2.000   1.0000        circle
 85.0000    0    3.000   1.0000          NULL 
 88.0000    1    2.000   1.0000          line
 90.0000    0    1.000   1.0000          NULL 
 91.0000    4    2.000   1.0000        circle
 93.0000    0    1.000   1.0000          NULL 
 94.0000    1    2.000   1.0000          line
 96.0000    0    1.500   1.0000          NULL 
 97.5000    3    2.000   1.0000      triangle
 99.5000    0    1.500   1.0000          NULL 
101.0000    1    2.000   1.0000          line
103.0000    0    1.500   1.0000          NULL 
104.5000    1    2.000   1.0000          line
106.5000    0    1.000   1.0000          NULL 
107.5000    4    2.000   1.0000        circle
109.5000    0    1.000   1.0000          NULL 
110.5000    3    2.000   1.0000      triangle
112.5000    0    0.500   1.0000          NULL 
113.0000    2    2.000   1.0000        square
115.0000    0    2.500   1.0000          NULL 
117.5000    2    2.000   1.0000        square
119.5000    0    0.500   1.0000          NULL 
120.0000    4    2.000   1.0000        circle
122.0000    0    1.000   1.0000          NULL 
123.0000    1    2.000   1.0000          line
125.0000    0    0.500   1.0000          NULL 
125.5000    3    2.000   1.0000      triangle
127.5000    0    1.000   1.0000          NULL 
128.5000    4    2.000   1.0000        circle
130.5000    0    2.000   1.0000          NULL 
132.5000    2    2.000   1.0000        square
134.5000    0    0.500   1.0000          NULL 
135.0000    3    2.000   1.0000      triangle
137.0000    0    2.000   1.0000          NULL 
139.0000    3    2.000   1.0000      triangle
141.0000    0    2.000   1.0000          NULL 
143.0000    3    2.000   1.0000      triangle
145.0000    0    1.500   1.0000          NULL 
146.5000    2    2.000   1.0000        square
148.5000    0    1.000   1.0000          NULL 
149.5000    3    2.000   1.0000      triangle
151.5000    0    1.000   1.0000          NULL 
152.5000    3    2.000   1.0000      triangle
154.5000    0    0.500   1.0000          NULL 
155.0000    1    2.000   1.0000          line
157.0000    0    0.500   1.0000          NULL 
157.5000    4    2.000   1.0000        circle
159.5000    0    0.500   1.0000          NULL 
160.0000    4    2.000   1.0000        circle
162.0000    0    1.000   1.0000          NULL 
163.0000    4    2.000   1.0000        circle
165.0000    0    0.500   1.0000          NULL 
165.5000    3    2.000   1.0000      triangle
167.5000    0    1.500   1.0000          NULL 
169.0000    4    2.000   1.0000        circle
171.0000    0    3.000   1.0000          NULL 
174.0000    2    2.000   1.0000        square
176.0000    0    1.000   1.0000          NULL 
177.0000    4    2.000   1.0000        circle
179.0000    0    4.000   1.0000          NULL 
183.0000    1    2.000   1.0000          line
185.0000    0    0.500   1.0000          NULL 
185.5000    2    2.000   1.0000        square
187.5000    0    1.000   1.0000          NULL 
188.5000    2    2.000   1.0000        square
190.5000    0    0.500   1.0000          NULL 
191.0000    1    2.000   1.0000          line
193.0000    0    3.000   1.0000          NULL 
196.0000    4    2.000   1.0000        circle
198.0000    0    3.000   1.0000          NULL 
201.0000    2    2.000   1.0000        square
203.0000    0    1.500   1.0000          NULL 
204.5000    2    2.000   1.0000        square
206.5000    0    1.000   1.0000          NULL 
207.5000    1    2.000   1.0000          line
209.5000    0    1.000   1.0000          NULL 
210.5000    1    2.000   1.0000          line
212.5000    0    1.000   1.0000          NULL 
213.5000    4    2.000   1.0000        circle
215.5000    0    0.500   1.0000          NULL 
216.0000    2    2.000   1.0000        square
218.0000    0    3.500   1.0000          NULL 
221.5000    4    2.000   1.0000        circle
223.5000    0    4.000   1.0000          NULL 
227.5000    2    2.000   1.0000        square
229.5000    0    2.500   1.0000          NULL 
232.0000    4    2.000   1.0000        circle
234.0000    0    3.500   1.0000          NULL 
237.5000    3    2.000   1.0000      triangle
239.5000    0    2.000   1.0000          NULL 
241.5000    3    2.000   1.0000      triangle
243.5000    0    2.000   1.0000          NULL 
245.5000    2    2.000   1.0000        square
247.5000    0    3.500   1.0000          NULL 
251.0000    2    2.000   1.0000        square
253.0000    0    1.000   1.0000          NULL 
254.0000    1    2.000   1.0000          line
256.0000    0    1.500   1.0000          NULL 
257.5000    1    2.000   1.0000          line
259.5000    0    1.500   1.0000          NULL 
261.0000    4    2.000   1.0000        circle
263.0000    0    2.000   1.0000          NULL 
265.0000    3    2.000   1.0000      triangle
267.0000    0    0.500   1.0000          NULL 
267.5000    2    2.000   1.0000        square
269.5000    0    0.500   1.0000          NULL 
270.0000    2    2.000   1.0000        square
272.0000    0    3.000   1.0000          NULL 
275.0000    3    2.000   1.0000      triangle
277.0000    0    1.500   1.0000          NULL 
278.5000    1    2.000   1.0000          line
280.5000    0    0.500   1.0000          NULL 
281.0000    4    2.000   1.0000        circle
283.0000    0    0.500   1.0000          NULL 
283.5000    1    2.000   1.0000          line
285.5000    0    1.500   1.0000          NULL 
287.0000    3    2.000   1.0000      triangle
289.0000    0    1.000   1.0000          NULL 
290.0000    3    2.000   1.0000      triangle
292.0000    0    0.500   1.0000          NULL 
292.5000    4    2.000   1.0000        circle
294.5000    0    0.500   1.0000          NULL 
295.0000    3    2.000   1.0000      triangle
297.0000    0    1.500   1.0000          NULL 
298.5000    2    2.000   1.0000        square
300.5000    0    0.500   1.0000          NULL 
301.0000    1    2.000   1.0000          line
303.0000    0    0.500   1.0000          NULL 
303.5000    2    2.000   1.0000        square
305.5000    0    0.500   1.0000          NULL 
306.0000    3    2.000   1.0000      triangle
308.0000    0    1.000   1.0000          NULL 
309.0000    3    2.000   1.0000      triangle
311.0000    0    1.500   1.0000          NULL 
312.5000    4    2.000   1.0000        circle
314.5000    0    2.500   1.0000          NULL 
317.0000    4    2.000   1.0000        circle
319.0000    0    4.000   1.0000          NULL 
323.0000    2    2.000   1.0000        square
325.0000    0    1.500   1.0000          NULL 
326.5000    4    2.000   1.0000        circle
328.5000    0    0.500   1.0000          NULL 
329.0000    2    2.000   1.0000        square
331.0000    0    2.000   1.0000          NULL 
333.0000    3    2.000   1.0000      triangle
335.0000    0    0.500   1.0000          NULL 
335.5000    2    2.000   1.0000        square
337.5000    0    0.500   1.0000          NULL 
338.0000    4    2.000   1.0000        circle
340.0000    0    1.000   1.0000          NULL 
341.0000    2    2.000   1.0000        square
343.0000    0    1.000   1.0000          NULL 
344.0000    4    2.000   1.0000        circle
346.0000    0    0.500   1.0000          NULL 
346.5000    1    2.000   1.0000          line
348.5000    0    1.500   1.0000          NULL 
350.0000    1    2.000   1.0000          line
352.0000    0    3.500   1.0000          NULL 
355.5000    1    2.000   1.0000          line
357.5000    0    1.500   1.0000          NULL 
359.0000    2    2.000   1.0000        square
361.0000    0    0.500   1.0000          NULL 
361.5000    1    2.000   1.0000          line
363.5000    0    1.000   1.0000          NULL 
364.5000    1    2.000   1.0000          line
366.5000    0    1.000   1.0000          NULL 
367.5000    2    2.000   1.0000        square
369.5000    0    2.500   1.0000          NULL 
372.0000    2    2.000   1.0000        square
374.0000    0    0.500   1.0000          NULL 
374.5000    1    2.000   1.0000          line
376.5000    0    4.000   1.0000          NULL 
380.5000    2    2.000   1.0000        square
382.5000    0    3.500   1.0000          NULL 
386.0000    3    2.000   1.0000      triangle
388.0000    0    1.000   1.0000          NULL 
389.0000    4    2.000   1.0000        circle
391.0000    0    0.500   1.0000          NULL 
391.5000    1    2.000   1.0000          line
393.5000    0    0.500   1.0000          NULL 
394.0000    1    2.000   1.0000          line
396.0000    0    0.500   1.0000          NULL 
396.5000    4    2.000   1.0000        circle
398.5000    0    1.500   1.0000          NULL 
400.0000    2    2.000   1.0000        square
402.0000    0    0.500   1.0000          NULL 
402.5000    4    2.000   1.0000        circle
404.5000    0    3.000   1.0000          NULL 
407.5000    4    2.000   1.0000        circle
409.5000    0    1.000   1.0000          NULL 
410.5000    4    2.000   1.0000        circle
412.5000    0    7.500   1.0000          NULL 
