  0.0000    2    2.000   1.0000        square
  2.0000    0    0.500   1.0000          NULL 
  2.5000    1    2.000   1.0000          line
  4.5000    0    2.000   1.0000          NULL 
  6.5000    2    2.000   1.0000        square
  8.5000    0    2.000   1.0000          NULL 
 10.5000    2    2.000   1.0000        square
 12.5000    0    1.500   1.0000          NULL 
 14.0000    4    2.000   1.0000        circle
 16.0000    0    1.000   1.0000          NULL 
 17.0000    4    2.000   1.0000        circle
 19.0000    0    1.500   1.0000          NULL 
 20.5000    4    2.000   1.0000        circle
 22.5000    0    1.000   1.0000          NULL 
 23.5000    3    2.000   1.0000      triangle
 25.5000    0    1.000   1.0000          NULL 
 26.5000    3    2.000   1.0000      triangle
 28.5000    0    3.000   1.0000          NULL 
 31.5000    1    2.000   1.0000          line
 33.5000    0    3.000   1.0000          NULL 
 36.5000    1    2.000   1.0000          line
 38.5000    0    1.000   1.0000          NULL 
 39.5000    1    2.000   1.0000          line
 41.5000    0    1.000   1.0000          NULL 
 42.5000    2    2.000   1.0000        square
 44.5000    0    0.500   1.0000          NULL 
 45.0000    2    2.000   1.0000        square
 47.0000    0    3.500   1.0000          NULL 
 50.5000    3    2.000   1.0000      triangle
 52.5000    0    2.000   1.0000          NULL 
 54.5000    2    2.000   1.0000        square
 56.5000    0    1.500   1.0000          NULL 
 58.0000    1    2.000   1.0000          line
 60.0000    0    1.000   1.0000          NULL 
 61.0000    1    2.000   1.0000          line
 63.0000    0    0.500   1.0000          NULL 
 63.5000    1    2.000   1.0000          line
 65.5000    0    2.500   1.0000          NULL 
 68.0000    1    2.000   1.0000          line
 70.0000    0    0.500   1.0000          NULL 
 70.5000    1    2.000   1.0000          line
 72.5000    0    0.500   1.0000          NULL 
 73.0000    1    2.000   1.0000          line
 75.0000    0    0.500   1.0000          NULL 
 75.5000    1    2.000   1.0000          line
 77.5000    0    2.500   1.0000          NULL 
 80.0000    3    2.000   1.0000      triangle
 82.0000    0    3.500   1.0000          NULL 
 85.5000    3    2.000   1.0000      triangle
 87.5000    0    0.500   1.0000          NULL 
 88.0000    3    2.000   1.0000      triangle
 90.0000    0    1.000   1.0000          NULL 
 91.0000    4    2.000   1.0000        circle
 93.0000    0    0.500   1.0000          NULL 
 93.5000    2    2.000   1.0000        square
 95.5000    0    1.000   1.0000          NULL 
 96.5000    2    2.000   1.0000        square
 98.5000    0    1.000   1.0000          NULL 
 99.5000    2    2.000   1.0000        square
101.5000    0    1.000   1.0000          NULL 
102.5000    2    2.000   1.0000        square
104.5000    0    1.500   1.0000          NULL 
106.0000    1    2.000   1.0000          line
108.0000    0    0.500   1.0000          NULL 
108.5000    1    2.000   1.0000          line
110.5000    0    0.500   1.0000          NULL 
111.0000    4    2.000   1.0000        circle
113.0000    0    3.500   1.0000          NULL 
116.5000    2    2.000   1.0000        square
118.5000    0    1.000   1.0000          NULL 
119.5000    4    2.000   1.0000        circle
121.5000    0    4.000   1.0000          NULL 
125.5000    2    2.000   1.0000        square
127.5000    0    2.000   1.0000          NULL 
129.5000    3    2.000   1.0000      triangle
131.5000    0    2.500   1.0000          NULL 
134.0000    2    2.000   1.0000        square
136.0000    0    3.500   1.0000          NULL 
139.5000    1    2.000   1.0000          line
141.5000    0    1.000   1.0000          NULL 
142.5000    2    2.000   1.0000        square
144.5000    0    0.500   1.0000          NULL 
145.0000    3    2.000   1.0000      triangle
147.0000    0    3.500   1.0000          NULL 
150.5000    3    2.000   1.0000      triangle
152.5000    0    1.500   1.0000          NULL 
154.0000    3    2.000   1.0000      triangle
156.0000    0    4.000   1.0000          NULL 
160.0000    4    2.000   1.0000        circle
162.0000    0    1.000   1.0000          NULL 
163.0000    2    2.000   1.0000        square
165.0000    0    1.000   1.0000          NULL 
166.0000    2    2.000   1.0000        square
168.0000    0    1.000   1.0000          NULL 
169.0000    4    2.000   1.0000        circle
171.0000    0    2.500   1.0000          NULL 
173.5000    3    2.000   1.0000      triangle
175.5000    0    3.500   1.0000          NULL 
179.0000    3    2.000   1.0000      triangle
181.0000    0    1.000   1.0000          NULL 
182.0000    2    2.000   1.0000        square
184.0000    0    1.000   1.0000          NULL 
185.0000    2    2.000   1.0000        square
187.0000    0    0.500   1.0000          NULL 
187.5000    4    2.000   1.0000        circle
189.5000    0    3.000   1.0000          NULL 
192.5000    1    2.000   1.0000          line
194.5000    0    1.500   1.0000          NULL 
196.0000    1    2.000   1.0000          line
198.0000    0    2.000   1.0000          NULL 
200.0000    2    2.000   1.0000        square
202.0000    0    2.000   1.0000          NULL 
204.0000    3    2.000   1.0000      triangle
206.0000    0    2.000   1.0000          NULL 
208.0000    1    2.000   1.0000          line
210.0000    0    0.500   1.0000          NULL 
210.5000    3    2.000   1.0000      triangle
212.5000    0    1.500   1.0000          NULL 
214.0000    3    2.000   1.0000      triangle
216.0000    0    0.500   1.0000          NULL 
216.5000    2    2.000   1.0000        square
218.5000    0    2.500   1.0000          NULL 
221.0000    3    2.000   1.0000      triangle
223.0000    0    1.500   1.0000          NULL 
224.5000    2    2.000   1.0000        square
226.5000    0    3.500   1.0000          NULL 
230.0000    3    2.000   1.0000      triangle
232.0000    0    0.500   1.0000          NULL 
232.5000    4    2.000   1.0000        circle
234.5000    0    0.500   1.0000          NULL 
235.0000    4    2.000   1.0000        circle
237.0000    0    1.000   1.0000          NULL 
238.0000    3    2.000   1.0000      triangle
240.0000    0    1.000   1.0000          NULL 
241.0000    4    2.000   1.0000        circle
243.0000    0    2.500   1.0000          NULL 
245.5000    4    2.000   1.0000        circle
247.5000    0    0.500   1.0000          NULL 
248.0000    1    2.000   1.0000          line
250.0000    0    3.500   1.0000          NULL 
253.5000    4    2.000   1.0000        circle
255.5000    0    1.000   1.0000          NULL 
256.5000    1    2.000   1.0000          line
258.5000    0    0.500   1.0000          NULL 
259.0000    2    2.000   1.0000        square
261.0000    0    1.000   1.0000          NULL 
262.0000    4    2.000   1.0000        circle
264.0000    0    0.500   1.0000          NULL 
264.5000    4    2.000   1.0000        circle
266.5000    0    1.500   1.0000          NULL 
268.0000    1    2.000   1.0000          line
270.0000    0    1.500   1.0000          NULL 
271.5000    2    2.000   1.0000        square
273.5000    0    0.500   1.0000          NULL 
274.0000    4    2.000   1.0000        circle
276.0000    0    2.000   1.0000          NULL 
278.0000    4    2.000   1.0000        circle
280.0000    0    1.000   1.0000          NULL 
281.0000    3    2.000   1.0000      triangle
283.0000    0    2.000   1.0000          NULL 
285.0000    4    2.000   1.0000        circle
287.0000    0    1.500   1.0000          NULL 
288.5000    4    2.000   1.0000        circle
290.5000    0    0.500   1.0000          NULL 
291.0000    1    2.000   1.0000          line
293.0000    0    0.500   1.0000          NULL 
293.5000    4    2.000   1.0000        circle
295.5000    0    1.500   1.0000          NULL 
297.0000    1    2.000   1.0000          line
299.0000    0    1.500   1.0000          NULL 
300.5000    4    2.000   1.0000        circle
302.5000    0    1.500   1.0000          NULL 
304.0000    2    2.000   1.0000        square
306.0000    0    3.000   1.0000          NULL 
309.0000    1    2.000   1.0000          line
311.0000    0    1.500   1.0000          NULL 
312.5000    3    2.000   1.0000      triangle
314.5000    0    0.500   1.0000          NULL 
315.0000    2    2.000   1.0000        square
317.0000    0    0.500   1.0000          NULL 
317.5000    2    2.000   1.0000        square
319.5000    0    1.500   1.0000          NULL 
321.0000    1    2.000   1.0000          line
323.0000    0    1.500   1.0000          NULL 
324.5000    3    2.000   1.0000      triangle
326.5000    0    1.000   1.0000          NULL 
327.5000    1    2.000   1.0000          line
329.5000    0    2.000   1.0000          NULL 
331.5000    4    2.000   1.0000        circle
333.5000    0    3.000   1.0000          NULL 
336.5000    3    2.000   1.0000      triangle
338.5000    0    3.000   1.0000          NULL 
341.5000    1    2.000   1.0000          line
343.5000    0    1.500   1.0000          NULL 
345.0000    4    2.000   1.0000        circle
347.0000    0    0.500   1.0000          NULL 
347.5000    1    2.000   1.0000          line
349.5000    0    0.500   1.0000          NULL 
350.0000    3    2.000   1.0000      triangle
352.0000    0    1.500   1.0000          NULL 
353.5000    2    2.000   1.0000        square
355.5000    0    0.500   1.0000          NULL 
356.0000    4    2.000   1.0000        circle
358.0000    0    1.500   1.0000          NULL 
359.5000    3    2.000   1.0000      triangle
361.5000    0    0.500   1.0000          NULL 
362.0000    2    2.000   1.0000        square
364.0000    0    0.500   1.0000          NULL 
364.5000    3    2.000   1.0000      triangle
366.5000    0    1.000   1.0000          NULL 
367.5000    3    2.000   1.0000      triangle
369.5000    0    2.500   1.0000          NULL 
372.0000    4    2.000   1.0000        circle
374.0000    0    0.500   1.0000          NULL 
374.5000    4    2.000   1.0000        circle
376.5000    0    1.000   1.0000          NULL 
377.5000    4    2.000   1.0000        circle
379.5000    0    2.000   1.0000          NULL 
381.5000    4    2.000   1.0000        circle
383.5000    0    1.500   1.0000          NULL 
385.0000    2    2.000   1.0000        square
387.0000    0    1.000   1.0000          NULL 
388.0000    1    2.000   1.0000          line
390.0000    0    2.500   1.0000          NULL 
392.5000    1    2.000   1.0000          line
394.5000    0    0.500   1.0000          NULL 
395.0000    3    2.000   1.0000      triangle
397.0000    0    1.500   1.0000          NULL 
398.5000    3    2.000   1.0000      triangle
400.5000    0    1.000   1.0000          NULL 
401.5000    3    2.000   1.0000      triangle
403.5000    0    1.000   1.0000          NULL 
404.5000    1    2.000   1.0000          line
406.5000    0    1.500   1.0000          NULL 
408.0000    4    2.000   1.0000        circle
410.0000    0    3.500   1.0000          NULL 
413.5000    3    2.000   1.0000      triangle
415.5000    0    0.500   1.0000          NULL 
416.0000    2    2.000   1.0000        square
418.0000    0    2.000   1.0000          NULL 
