  0.0000    1    2.000   1.0000          line
  2.0000    0    2.500   1.0000          NULL 
  4.5000    1    2.000   1.0000          line
  6.5000    0    0.500   1.0000          NULL 
  7.0000    3    2.000   1.0000      triangle
  9.0000    0    0.500   1.0000          NULL 
  9.5000    1    2.000   1.0000          line
 11.5000    0    2.000   1.0000          NULL 
 13.5000    1    2.000   1.0000          line
 15.5000    0    2.000   1.0000          NULL 
 17.5000    1    2.000   1.0000          line
 19.5000    0    1.000   1.0000          NULL 
 20.5000    4    2.000   1.0000        circle
 22.5000    0    1.500   1.0000          NULL 
 24.0000    1    2.000   1.0000          line
 26.0000    0    0.500   1.0000          NULL 
 26.5000    1    2.000   1.0000          line
 28.5000    0    2.500   1.0000          NULL 
 31.0000    4    2.000   1.0000        circle
 33.0000    0    1.000   1.0000          NULL 
 34.0000    1    2.000   1.0000          line
 36.0000    0    0.500   1.0000          NULL 
 36.5000    3    2.000   1.0000      triangle
 38.5000    0    1.500   1.0000          NULL 
 40.0000    1    2.000   1.0000          line
 42.0000    0    0.500   1.0000          NULL 
 42.5000    3    2.000   1.0000      triangle
 44.5000    0    3.000   1.0000          NULL 
 47.5000    2    2.000   1.0000        square
 49.5000    0    1.000   1.0000          NULL 
 50.5000    4    2.000   1.0000        circle
 52.5000    0    0.500   1.0000          NULL 
 53.0000    3    2.000   1.0000      triangle
 55.0000    0    3.500   1.0000          NULL 
 58.5000    3    2.000   1.0000      triangle
 60.5000    0    0.500   1.0000          NULL 
 61.0000    2    2.000   1.0000        square
 63.0000    0    1.000   1.0000          NULL 
 64.0000    2    2.000   1.0000        square
 66.0000    0    1.000   1.0000          NULL 
 67.0000    1    2.000   1.0000          line
 69.0000    0    1.000   1.0000          NULL 
 70.0000    3    2.000   1.0000      triangle
 72.0000    0    2.500   1.0000          NULL 
 74.5000    3    2.000   1.0000      triangle
 76.5000    0    1.000   1.0000          NULL 
 77.5000    1    2.000   1.0000          line
 79.5000    0    1.000   1.0000          NULL 
 80.5000    2    2.000   1.0000        square
 82.5000    0    0.500   1.0000          NULL 
 83.0000    4    2.000   1.0000        circle
 85.0000    0    1.000   1.0000          NULL 
 86.0000    3    2.000   1.0000      triangle
 88.0000    0    2.500   1.0000          NULL 
 90.5000    1    2.000   1.0000          line
 92.5000    0    0.500   1.0000          NULL 
 93.0000    1    2.000   1.0000          line
 95.0000    0    3.000   1.0000          NULL 
 98.0000    4    2.000   1.0000        circle
100.0000    0    1.500   1.0000          NULL 
101.5000    2    2.000   1.0000        square
103.5000    0    1.500   1.0000          NULL 
105.0000    3    2.000   1.0000      triangle
107.0000    0    2.500   1.0000          NULL 
109.5000    4    2.000   1.0000        circle
111.5000    0    1.000   1.0000          NULL 
112.5000    2    2.000   1.0000        square
114.5000    0    3.500   1.0000          NULL 
118.0000    2    2.000   1.0000        square
120.0000    0    1.500   1.0000          NULL 
121.5000    3    2.000   1.0000      triangle
123.5000    0    0.500   1.0000          NULL 
124.0000    3    2.000   1.0000      triangle
126.0000    0    3.000   1.0000          NULL 
129.0000    3    2.000   1.0000      triangle
131.0000    0    0.500   1.0000          NULL 
131.5000    4    2.000   1.0000        circle
133.5000    0    3.000   1.0000          NULL 
136.5000    1    2.000   1.0000          line
138.5000    0    0.500   1.0000          NULL 
139.0000    4    2.000   1.0000        circle
141.0000    0    1.000   1.0000          NULL 
142.0000    2    2.000   1.0000        square
144.0000    0    0.500   1.0000          NULL 
144.5000    3    2.000   1.0000      triangle
146.5000    0    1.500   1.0000          NULL 
148.0000    3    2.000   1.0000      triangle
150.0000    0    1.500   1.0000          NULL 
151.5000    2    2.000   1.0000        square
153.5000    0    2.000   1.0000          NULL 
155.5000    2    2.000   1.0000        square
157.5000    0    1.500   1.0000          NULL 
159.0000    1    2.000   1.0000          line
161.0000    0    0.500   1.0000          NULL 
161.5000    4    2.000   1.0000        circle
163.5000    0    2.000   1.0000          NULL 
165.5000    3    2.000   1.0000      triangle
167.5000    0    4.000   1.0000          NULL 
171.5000    3    2.000   1.0000      triangle
173.5000    0    1.000   1.0000          NULL 
174.5000    4    2.000   1.0000        circle
176.5000    0    0.500   1.0000          NULL 
177.0000    2    2.000   1.0000        square
179.0000    0    1.000   1.0000          NULL 
180.0000    3    2.000   1.0000      triangle
182.0000    0    2.000   1.0000          NULL 
184.0000    2    2.000   1.0000        square
186.0000    0    0.500   1.0000          NULL 
186.5000    3    2.000   1.0000      triangle
188.5000    0    1.000   1.0000          NULL 
189.5000    4    2.000   1.0000        circle
191.5000    0    0.500   1.0000          NULL 
192.0000    2    2.000   1.0000        square
194.0000    0    1.000   1.0000          NULL 
195.0000    1    2.000   1.0000          line
197.0000    0    0.500   1.0000          NULL 
197.5000    1    2.000   1.0000          line
199.5000    0    1.500   1.0000          NULL 
201.0000    4    2.000   1.0000        circle
203.0000    0    4.000   1.0000          NULL 
207.0000    1    2.000   1.0000          line
209.0000    0    3.000   1.0000          NULL 
212.0000    3    2.000   1.0000      triangle
214.0000    0    2.000   1.0000          NULL 
216.0000    4    2.000   1.0000        circle
218.0000    0    1.500   1.0000          NULL 
219.5000    2    2.000   1.0000        square
221.5000    0    0.500   1.0000          NULL 
222.0000    4    2.000   1.0000        circle
224.0000    0    1.500   1.0000          NULL 
225.5000    2    2.000   1.0000        square
227.5000    0    0.500   1.0000          NULL 
228.0000    2    2.000   1.0000        square
230.0000    0    1.500   1.0000          NULL 
231.5000    4    2.000   1.0000        circle
233.5000    0    0.500   1.0000          NULL 
234.0000    4    2.000   1.0000        circle
236.0000    0    0.500   1.0000          NULL 
236.5000    2    2.000   1.0000        square
238.5000    0    1.500   1.0000          NULL 
240.0000    3    2.000   1.0000      triangle
242.0000    0    0.500   1.0000          NULL 
242.5000    2    2.000   1.0000        square
244.5000    0    1.500   1.0000          NULL 
246.0000    3    2.000   1.0000      triangle
248.0000    0    0.500   1.0000          NULL 
248.5000    3    2.000   1.0000      triangle
250.5000    0    4.000   1.0000          NULL 
254.5000    2    2.000   1.0000        square
256.5000    0    2.000   1.0000          NULL 
258.5000    1    2.000   1.0000          line
260.5000    0    0.500   1.0000          NULL 
261.0000    2    2.000   1.0000        square
263.0000    0    0.500   1.0000          NULL 
263.5000    1    2.000   1.0000          line
265.5000    0    0.500   1.0000          NULL 
266.0000    2    2.000   1.0000        square
268.0000    0    2.500   1.0000          NULL 
270.5000    4    2.000   1.0000        circle
272.5000    0    1.500   1.0000          NULL 
274.0000    2    2.000   1.0000        square
276.0000    0    0.500   1.0000          NULL 
276.5000    4    2.000   1.0000        circle
278.5000    0    0.500   1.0000          NULL 
279.0000    1    2.000   1.0000          line
281.0000    0    2.500   1.0000          NULL 
283.5000    2    2.000   1.0000        square
285.5000    0    2.500   1.0000          NULL 
288.0000    1    2.000   1.0000          line
290.0000    0    2.000   1.0000          NULL 
292.0000    4    2.000   1.0000        circle
294.0000    0    2.000   1.0000          NULL 
296.0000    3    2.000   1.0000      triangle
298.0000    0    1.500   1.0000          NULL 
299.5000    3    2.000   1.0000      triangle
301.5000    0    0.500   1.0000          NULL 
302.0000    4    2.000   1.0000        circle
304.0000    0    0.500   1.0000          NULL 
304.5000    4    2.000   1.0000        circle
306.5000    0    1.000   1.0000          NULL 
307.5000    1    2.000   1.0000          line
309.5000    0    2.500   1.0000          NULL 
312.0000    2    2.000   1.0000        square
314.0000    0    1.500   1.0000          NULL 
315.5000    1    2.000   1.0000          line
317.5000    0    1.000   1.0000          NULL 
318.5000    2    2.000   1.0000        square
320.5000    0    1.500   1.0000          NULL 
322.0000    4    2.000   1.0000        circle
324.0000    0    0.500   1.0000          NULL 
324.5000    1    2.000   1.0000          line
326.5000    0    1.500   1.0000          NULL 
328.0000    2    2.000   1.0000        square
330.0000    0    1.500   1.0000          NULL 
331.5000    4    2.000   1.0000        circle
333.5000    0    1.000   1.0000          NULL 
334.5000    3    2.000   1.0000      triangle
336.5000    0    2.500   1.0000          NULL 
339.0000    1    2.000   1.0000          line
341.0000    0    0.500   1.0000          NULL 
341.5000    1    2.000   1.0000          line
343.5000    0    1.500   1.0000          NULL 
345.0000    4    2.000   1.0000        circle
347.0000    0    4.000   1.0000          NULL 
351.0000    4    2.000   1.0000        circle
353.0000    0    2.500   1.0000          NULL 
355.5000    4    2.000   1.0000        circle
357.5000    0    0.500   1.0000          NULL 
358.0000    4    2.000   1.0000        circle
360.0000    0    2.500   1.0000          NULL 
362.5000    4    2.000   1.0000        circle
364.5000    0    0.500   1.0000          NULL 
365.0000    3    2.000   1.0000      triangle
367.0000    0    0.500   1.0000          NULL 
367.5000    4    2.000   1.0000        circle
369.5000    0    2.000   1.0000          NULL 
371.5000    1    2.000   1.0000          line
373.5000    0    2.000   1.0000          NULL 
375.5000    2    2.000   1.0000        square
377.5000    0    3.000   1.0000          NULL 
380.5000    3    2.000   1.0000      triangle
382.5000    0    2.500   1.0000          NULL 
385.0000    2    2.000   1.0000        square
387.0000    0    3.500   1.0000          NULL 
390.5000    1    2.000   1.0000          line
392.5000    0    4.000   1.0000          NULL 
396.5000    3    2.000   1.0000      triangle
398.5000    0    2.500   1.0000          NULL 
401.0000    3    2.000   1.0000      triangle
403.0000    0    1.000   1.0000          NULL 
404.0000    2    2.000   1.0000        square
406.0000    0    0.500   1.0000          NULL 
406.5000    1    2.000   1.0000          line
408.5000    0    2.500   1.0000          NULL 
411.0000    2    2.000   1.0000        square
413.0000    0    1.500   1.0000          NULL 
414.5000    3    2.000   1.0000      triangle
416.5000    0    0.500   1.0000          NULL 
417.0000    4    2.000   1.0000        circle
419.0000    0    1.000   1.0000          NULL 
