  0.0000    3    2.000   1.0000      triangle
  2.0000    0    0.500   1.0000          NULL 
  2.5000    2    2.000   1.0000        square
  4.5000    0    0.500   1.0000          NULL 
  5.0000    3    2.000   1.0000      triangle
  7.0000    0    2.000   1.0000          NULL 
  9.0000    2    2.000   1.0000        square
 11.0000    0    1.000   1.0000          NULL 
 12.0000    4    2.000   1.0000        circle
 14.0000    0    1.000   1.0000          NULL 
 15.0000    3    2.000   1.0000      triangle
 17.0000    0    2.000   1.0000          NULL 
 19.0000    1    2.000   1.0000          line
 21.0000    0    3.500   1.0000          NULL 
 24.5000    2    2.000   1.0000        square
 26.5000    0    1.500   1.0000          NULL 
 28.0000    4    2.000   1.0000        circle
 30.0000    0    2.000   1.0000          NULL 
 32.0000    4    2.000   1.0000        circle
 34.0000    0    1.500   1.0000          NULL 
 35.5000    4    2.000   1.0000        circle
 37.5000    0    2.500   1.0000          NULL 
 40.0000    1    2.000   1.0000          line
 42.0000    0    0.500   1.0000          NULL 
 42.5000    4    2.000   1.0000        circle
 44.5000    0    0.500   1.0000          NULL 
 45.0000    3    2.000   1.0000      triangle
 47.0000    0    1.500   1.0000          NULL 
 48.5000    2    2.000   1.0000        square
 50.5000    0    1.500   1.0000          NULL 
 52.0000    2    2.000   1.0000        square
 54.0000    0    4.000   1.0000          NULL 
 58.0000    1    2.000   1.0000          line
 60.0000    0    3.000   1.0000          NULL 
 63.0000    1    2.000   1.0000          line
 65.0000    0    2.000   1.0000          NULL 
 67.0000    2    2.000   1.0000        square
 69.0000    0    1.000   1.0000          NULL 
 70.0000    1    2.000   1.0000          line
 72.0000    0    1.000   1.0000          NULL 
 73.0000    1    2.000   1.0000          line
 75.0000    0    0.500   1.0000          NULL 
 75.5000    3    2.000   1.0000      triangle
 77.5000    0    3.500   1.0000          NULL 
 81.0000    4    2.000   1.0000        circle
 83.0000    0    2.500   1.0000          NULL 
 85.5000    1    2.000   1.0000          line
 87.5000    0    0.500   1.0000          NULL 
 88.0000    3    2.000   1.0000      triangle
 90.0000    0    2.000   1.0000          NULL 
 92.0000    4    2.000   1.0000        circle
 94.0000    0    3.500   1.0000          NULL 
 97.5000    4    2.000   1.0000        circle
 99.5000    0    0.500   1.0000          NULL 
100.0000    2    2.000   1.0000        square
102.0000    0    1.500   1.0000          NULL 
103.5000    4    2.000   1.0000        circle
105.5000    0    1.500   1.0000          NULL 
107.0000    2    2.000   1.0000        square
109.0000    0    0.500   1.0000          NULL 
109.5000    3    2.000   1.0000      triangle
111.5000    0    2.000   1.0000          NULL 
113.5000    2    2.000   1.0000        square
115.5000    0    3.500   1.0000          NULL 
119.0000    4    2.000   1.0000        circle
121.0000    0    2.500   1.0000          NULL 
123.5000    4    2.000   1.0000        circle
125.5000    0    1.500   1.0000          NULL 
127.0000    2    2.000   1.0000        square
129.0000    0    1.000   1.0000          NULL 
130.0000    4    2.000   1.0000        circle
132.0000    0    0.500   1.0000          NULL 
132.5000    4    2.000   1.0000        circle
134.5000    0    1.000   1.0000          NULL 
135.5000    2    2.000   1.0000        square
137.5000    0    1.000   1.0000          NULL 
138.5000    3    2.000   1.0000      triangle
140.5000    0    0.500   1.0000          NULL 
141.0000    3    2.000   1.0000      triangle
143.0000    0    1.000   1.0000          NULL 
144.0000    1    2.000   1.0000          line
146.0000    0    0.500   1.0000          NULL 
146.5000    3    2.000   1.0000      triangle
148.5000    0    0.500   1.0000          NULL 
149.0000    2    2.000   1.0000        square
151.0000    0    4.000   1.0000          NULL 
155.0000    4    2.000   1.0000        circle
157.0000    0    2.500   1.0000          NULL 
159.5000    3    2.000   1.0000      triangle
161.5000    0    0.500   1.0000          NULL 
162.0000    3    2.000   1.0000      triangle
164.0000    0    2.500   1.0000          NULL 
166.5000    3    2.000   1.0000      triangle
168.5000    0    2.000   1.0000          NULL 
170.5000    2    2.000   1.0000        square
172.5000    0    1.000   1.0000          NULL 
173.5000    4    2.000   1.0000        circle
175.5000    0    1.500   1.0000          NULL 
177.0000    1    2.000   1.0000          line
179.0000    0    0.500   1.0000          NULL 
179.5000    2    2.000   1.0000        square
181.5000    0    1.500   1.0000          NULL 
183.0000    4    2.000   1.0000        circle
185.0000    0    3.000   1.0000          NULL 
188.0000    1    2.000   1.0000          line
190.0000    0    0.500   1.0000          NULL 
190.5000    1    2.000   1.0000          line
192.5000    0    0.500   1.0000          NULL 
193.0000    1    2.000   1.0000          line
195.0000    0    0.500   1.0000          NULL 
195.5000    3    2.000   1.0000      triangle
197.5000    0    0.500   1.0000          NULL 
198.0000    2    2.000   1.0000        square
200.0000    0    3.000   1.0000          NULL 
203.0000    3    2.000   1.0000      triangle
205.0000    0    0.500   1.0000          NULL 
205.5000    3    2.000   1.0000      triangle
207.5000    0    3.500   1.0000          NULL 
211.0000    1    2.000   1.0000          line
213.0000    0    1.500   1.0000          NULL 
214.5000    1    2.000   1.0000          line
216.5000    0    2.000   1.0000          NULL 
218.5000    1    2.000   1.0000          line
220.5000    0    2.000   1.0000          NULL 
222.5000    1    2.000   1.0000          line
224.5000    0    0.500   1.0000          NULL 
225.0000    4    2.000   1.0000        circle
227.0000    0    1.000   1.0000          NULL 
228.0000    2    2.000   1.0000        square
230.0000    0    0.500   1.0000          NULL 
230.5000    4    2.000   1.0000        circle
232.5000    0    2.500   1.0000          NULL 
235.0000    2    2.000   1.0000        square
237.0000    0    0.500   1.0000          NULL 
237.5000    2    2.000   1.0000        square
239.5000    0    0.500   1.0000          NULL 
240.0000    1    2.000   1.0000          line
242.0000    0    0.500   1.0000          NULL 
242.5000    3    2.000   1.0000      triangle
244.5000    0    1.000   1.0000          NULL 
245.5000    2    2.000   1.0000        square
247.5000    0    1.000   1.0000          NULL 
248.5000    4    2.000   1.0000        circle
250.5000    0    0.500   1.0000          NULL 
251.0000    2    2.000   1.0000        square
253.0000    0    2.500   1.0000          NULL 
255.5000    3    2.000   1.0000      triangle
257.5000    0    1.000   1.0000          NULL 
258.5000    3    2.000   1.0000      triangle
260.5000    0    2.000   1.0000          NULL 
262.5000    3    2.000   1.0000      triangle
264.5000    0    0.500   1.0000          NULL 
265.0000    4    2.000   1.0000        circle
267.0000    0    1.000   1.0000          NULL 
268.0000    3    2.000   1.0000      triangle
270.0000    0    0.500   1.0000          NULL 
270.5000    2    2.000   1.0000        square
272.5000    0    4.000   1.0000          NULL 
276.5000    3    2.000   1.0000      triangle
278.5000    0    2.000   1.0000          NULL 
280.5000    4    2.000   1.0000        circle
282.5000    0    1.000   1.0000          NULL 
283.5000    4    2.000   1.0000        circle
285.5000    0    0.500   1.0000          NULL 
286.0000    4    2.000   1.0000        circle
288.0000    0    1.000   1.0000          NULL 
289.0000    4    2.000   1.0000        circle
291.0000    0    0.500   1.0000          NULL 
291.5000    1    2.000   1.0000          line
293.5000    0    2.500   1.0000          NULL 
296.0000    3    2.000   1.0000      triangle
298.0000    0    1.500   1.0000          NULL 
299.5000    3    2.000   1.0000      triangle
301.5000    0    2.000   1.0000          NULL 
303.5000    1    2.000   1.0000          line
305.5000    0    0.500   1.0000          NULL 
306.0000    4    2.000   1.0000        circle
308.0000    0    2.000   1.0000          NULL 
310.0000    2    2.000   1.0000        square
312.0000    0    4.000   1.0000          NULL 
316.0000    2    2.000   1.0000        square
318.0000    0    1.500   1.0000          NULL 
319.5000    4    2.000   1.0000        circle
321.5000    0    0.500   1.0000          NULL 
322.0000    1    2.000   1.0000          line
324.0000    0    0.500   1.0000          NULL 
324.5000    1    2.000   1.0000          line
326.5000    0    1.500   1.0000          NULL 
328.0000    1    2.000   1.0000          line
330.0000    0    2.500   1.0000          NULL 
332.5000    1    2.000   1.0000          line
334.5000    0    2.000   1.0000          NULL 
336.5000    4    2.000   1.0000        circle
338.5000    0    1.500   1.0000          NULL 
340.0000    3    2.000   1.0000      triangle
342.0000    0    2.500   1.0000          NULL 
344.5000    1    2.000   1.0000          line
346.5000    0    3.000   1.0000          NULL 
349.5000    1    2.000   1.0000          line
351.5000    0    0.500   1.0000          NULL 
352.0000    1    2.000   1.0000          line
354.0000    0    3.000   1.0000          NULL 
357.0000    1    2.000   1.0000          line
359.0000    0    0.500   1.0000          NULL 
359.5000    1    2.000   1.0000          line
361.5000    0    1.500   1.0000          NULL 
363.0000    2    2.000   1.0000        square
365.0000    0    1.500   1.0000          NULL 
366.5000    2    2.000   1.0000        square
368.5000    0    2.500   1.0000          NULL 
371.0000    4    2.000   1.0000        circle
373.0000    0    0.500   1.0000          NULL 
373.5000    2    2.000   1.0000        square
375.5000    0    0.500   1.0000          NULL 
376.0000    2    2.000   1.0000        square
378.0000    0    0.500   1.0000          NULL 
378.5000    2    2.000   1.0000        square
380.5000    0    3.500   1.0000          NULL 
384.0000    3    2.000   1.0000      triangle
386.0000    0    0.500   1.0000          NULL 
386.5000    1    2.000   1.0000          line
388.5000    0    3.000   1.0000          NULL 
391.5000    3    2.000   1.0000      triangle
393.5000    0    1.000   1.0000          NULL 
394.5000    3    2.000   1.0000      triangle
396.5000    0    1.500   1.0000          NULL 
398.0000    2    2.000   1.0000        square
400.0000    0    1.000   1.0000          NULL 
401.0000    2    2.000   1.0000        square
403.0000    0    1.500   1.0000          NULL 
404.5000    3    2.000   1.0000      triangle
406.5000    0    0.500   1.0000          NULL 
407.0000    3    2.000   1.0000      triangle
409.0000    0    2.000   1.0000          NULL 
411.0000    4    2.000   1.0000        circle
413.0000    0    1.500   1.0000          NULL 
414.5000    1    2.000   1.0000          line
416.5000    0    1.000   1.0000          NULL 
417.5000    4    2.000   1.0000        circle
419.5000    0    0.500   1.0000          NULL 
