  0.0000    2    2.000   1.0000        square
  2.0000    0    2.000   1.0000          NULL 
  4.0000    1    2.000   1.0000          line
  6.0000    0    2.000   1.0000          NULL 
  8.0000    4    2.000   1.0000        circle
 10.0000    0    2.000   1.0000          NULL 
 12.0000    4    2.000   1.0000        circle
 14.0000    0    1.000   1.0000          NULL 
 15.0000    2    2.000   1.0000        square
 17.0000    0    0.500   1.0000          NULL 
 17.5000    1    2.000   1.0000          line
 19.5000    0    0.500   1.0000          NULL 
 20.0000    3    2.000   1.0000      triangle
 22.0000    0    3.500   1.0000          NULL 
 25.5000    3    2.000   1.0000      triangle
 27.5000    0    0.500   1.0000          NULL 
 28.0000    3    2.000   1.0000      triangle
 30.0000    0    0.500   1.0000          NULL 
 30.5000    3    2.000   1.0000      triangle
 32.5000    0    1.000   1.0000          NULL 
 33.5000    3    2.000   1.0000      triangle
 35.5000    0    1.500   1.0000          NULL 
 37.0000    4    2.000   1.0000        circle
 39.0000    0    1.000   1.0000          NULL 
 40.0000    2    2.000   1.0000        square
 42.0000    0    2.000   1.0000          NULL 
 44.0000    2    2.000   1.0000        square
 46.0000    0    0.500   1.0000          NULL 
 46.5000    4    2.000   1.0000        circle
 48.5000    0    2.000   1.0000          NULL 
 50.5000    4    2.000   1.0000        circle
 52.5000    0    0.500   1.0000          NULL 
 53.0000    1    2.000   1.0000          line
 55.0000    0    1.000   1.0000          NULL 
 56.0000    4    2.000   1.0000        circle
 58.0000    0    0.500   1.0000          NULL 
 58.5000    3    2.000   1.0000      triangle
 60.5000    0    4.000   1.0000          NULL 
 64.5000    1    2.000   1.0000          line
 66.5000    0    1.000   1.0000          NULL 
 67.5000    2    2.000   1.0000        square
 69.5000    0    0.500   1.0000          NULL 
 70.0000    3    2.000   1.0000      triangle
 72.0000    0    1.000   1.0000          NULL 
 73.0000    2    2.000   1.0000        square
 75.0000    0    1.000   1.0000          NULL 
 76.0000    1    2.000   1.0000          line
 78.0000    0    4.000   1.0000          NULL 
 82.0000    1    2.000   1.0000          line
 84.0000    0    2.500   1.0000          NULL 
 86.5000    1    2.000   1.0000          line
 88.5000    0    3.500   1.0000          NULL 
 92.0000    3    2.000   1.0000      triangle
 94.0000    0    1.000   1.0000          NULL 
 95.0000    2    2.000   1.0000        square
 97.0000    0    2.500   1.0000          NULL 
 99.5000    2    2.000   1.0000        square
101.5000    0    0.500   1.0000          NULL 
102.0000    1    2.000   1.0000          line
104.0000    0    1.000   1.0000          NULL 
105.0000    4    2.000   1.0000        circle
107.0000    0    0.500   1.0000          NULL 
107.5000    2    2.000   1.0000        square
109.5000    0    2.500   1.0000          NULL 
112.0000    3    2.000   1.0000      triangle
114.0000    0    0.500   1.0000          NULL 
114.5000    3    2.000   1.0000      triangle
116.5000    0    2.000   1.0000          NULL 
118.5000    1    2.000   1.0000          line
120.5000    0    0.500   1.0000          NULL 
121.0000    4    2.000   1.0000        circle
123.0000    0    0.500   1.0000          NULL 
123.5000    4    2.000   1.0000        circle
125.5000    0    2.000   1.0000          NULL 
127.5000    4    2.000   1.0000        circle
129.5000    0    2.000   1.0000          NULL 
131.5000    4    2.000   1.0000        circle
133.5000    0    0.500   1.0000          NULL 
134.0000    1    2.000   1.0000          line
136.0000    0    1.000   1.0000          NULL 
137.0000    4    2.000   1.0000        circle
139.0000    0    2.500   1.0000          NULL 
141.5000    4    2.000   1.0000        circle
143.5000    0    2.500   1.0000          NULL 
146.0000    3    2.000   1.0000      triangle
148.0000    0    0.500   1.0000          NULL 
148.5000    3    2.000   1.0000      triangle
150.5000    0    1.000   1.0000          NULL 
151.5000    2    2.000   1.0000        square
153.5000    0    0.500   1.0000          NULL 
154.0000    1    2.000   1.0000          line
156.0000    0    1.000   1.0000          NULL 
157.0000    3    2.000   1.0000      triangle
159.0000    0    0.500   1.0000          NULL 
159.5000    1    2.000   1.0000          line
161.5000    0    1.000   1.0000          NULL 
162.5000    4    2.000   1.0000        circle
164.5000    0    1.500   1.0000          NULL 
166.0000    1    2.000   1.0000          line
168.0000    0    3.000   1.0000          NULL 
171.0000    3    2.000   1.0000      triangle
173.0000    0    0.500   1.0000          NULL 
173.5000    1    2.000   1.0000          line
175.5000    0    3.000   1.0000          NULL 
178.5000    2    2.000   1.0000        square
180.5000    0    0.500   1.0000          NULL 
181.0000    2    2.000   1.0000        square
183.0000    0    1.500   1.0000          NULL 
184.5000    2    2.000   1.0000        square
186.5000    0    3.000   1.0000          NULL 
189.5000    2    2.000   1.0000        square
191.5000    0    3.500   1.0000          NULL 
195.0000    1    2.000   1.0000          line
197.0000    0    2.500   1.0000          NULL 
199.5000    4    2.000   1.0000        circle
201.5000    0    1.000   1.0000          NULL 
202.5000    2    2.000   1.0000        square
204.5000    0    1.000   1.0000          NULL 
205.5000    2    2.000   1.0000        square
207.5000    0    1.000   1.0000          NULL 
208.5000    3    2.000   1.0000      triangle
210.5000    0    3.000   1.0000          NULL 
213.5000    4    2.000   1.0000        circle
215.5000    0    0.500   1.0000          NULL 
216.0000    2    2.000   1.0000        square
218.0000    0    1.000   1.0000          NULL 
219.0000    3    2.000   1.0000      triangle
221.0000    0    3.500   1.0000          NULL 
224.5000    2    2.000   1.0000        square
226.5000    0    0.500   1.0000          NULL 
227.0000    1    2.000   1.0000          line
229.0000    0    2.000   1.0000          NULL 
231.0000    3    2.000   1.0000      triangle
233.0000    0    1.000   1.0000          NULL 
234.0000    3    2.000   1.0000      triangle
236.0000    0    2.000   1.0000          NULL 
238.0000    1    2.000   1.0000          line
240.0000    0    0.500   1.0000          NULL 
240.5000    4    2.000   1.0000        circle
242.5000    0    1.000   1.0000          NULL 
243.5000    4    2.000   1.0000        circle
245.5000    0    3.500   1.0000          NULL 
249.0000    3    2.000   1.0000      triangle
251.0000    0    1.000   1.0000          NULL 
252.0000    1    2.000   1.0000          line
254.0000    0    2.000   1.0000          NULL 
256.0000    1    2.000   1.0000          line
258.0000    0    0.500   1.0000          NULL 
258.5000    3    2.000   1.0000      triangle
260.5000    0    1.000   1.0000          NULL 
261.5000    4    2.000   1.0000        circle
263.5000    0    1.000   1.0000          NULL 
264.5000    4    2.000   1.0000        circle
266.5000    0    0.500   1.0000          NULL 
267.0000    1    2.000   1.0000          line
269.0000    0    2.500   1.0000          NULL 
271.5000    2    2.000   1.0000        square
273.5000    0    3.000   1.0000          NULL 
276.5000    3    2.000   1.0000      triangle
278.5000    0    1.000   1.0000          NULL 
279.5000    3    2.000   1.0000      triangle
281.5000    0    0.500   1.0000          NULL 
282.0000    2    2.000   1.0000        square
284.0000    0    0.500   1.0000          NULL 
284.5000    1    2.000   1.0000          line
286.5000    0    1.000   1.0000          NULL 
287.5000    1    2.000   1.0000          line
289.5000    0    0.500   1.0000          NULL 
290.0000    2    2.000   1.0000        square
292.0000    0    2.500   1.0000          NULL 
294.5000    4    2.000   1.0000        circle
296.5000    0    0.500   1.0000          NULL 
297.0000    1    2.000   1.0000          line
299.0000    0    0.500   1.0000          NULL 
299.5000    4    2.000   1.0000        circle
301.5000    0    1.500   1.0000          NULL 
303.0000    2    2.000   1.0000        square
305.0000    0    1.000   1.0000          NULL 
306.0000    4    2.000   1.0000        circle
308.0000    0    0.500   1.0000          NULL 
308.5000    1    2.000   1.0000          line
310.5000    0    3.500   1.0000          NULL 
314.0000    2    2.000   1.0000        square
316.0000    0    0.500   1.0000          NULL 
316.5000    3    2.000   1.0000      triangle
318.5000    0    1.000   1.0000          NULL 
319.5000    1    2.000   1.0000          line
321.5000    0    1.500   1.0000          NULL 
323.0000    1    2.000   1.0000          line
325.0000    0    2.500   1.0000          NULL 
327.5000    4    2.000   1.0000        circle
329.5000    0    1.000   1.0000          NULL 
330.5000    3    2.000   1.0000      triangle
332.5000    0    3.500   1.0000          NULL 
336.0000    1    2.000   1.0000          line
338.0000    0    2.500   1.0000          NULL 
340.5000    3    2.000   1.0000      triangle
342.5000    0    2.000   1.0000          NULL 
344.5000    2    2.000   1.0000        square
346.5000    0    1.000   1.0000          NULL 
347.5000    3    2.000   1.0000      triangle
349.5000    0    0.500   1.0000          NULL 
350.0000    4    2.000   1.0000        circle
352.0000    0    1.000   1.0000          NULL 
353.0000    2    2.000   1.0000        square
355.0000    0    1.000   1.0000          NULL 
356.0000    3    2.000   1.0000      triangle
358.0000    0    0.500   1.0000          NULL 
358.5000    2    2.000   1.0000        square
360.5000    0    1.000   1.0000          NULL 
361.5000    4    2.000   1.0000        circle
363.5000    0    1.000   1.0000          NULL 
364.5000    4    2.000   1.0000        circle
366.5000    0    0.500   1.0000          NULL 
367.0000    4    2.000   1.0000        circle
369.0000    0    1.500   1.0000          NULL 
370.5000    1    2.000   1.0000          line
372.5000    0    1.000   1.0000          NULL 
373.5000    3    2.000   1.0000      triangle
375.5000    0    2.500   1.0000          NULL 
378.0000    2    2.000   1.0000        square
380.0000    0    1.500   1.0000          NULL 
381.5000    2    2.000   1.0000        square
383.5000    0    3.000   1.0000          NULL 
386.5000    4    2.000   1.0000        circle
388.5000    0    1.000   1.0000          NULL 
389.5000    2    2.000   1.0000        square
391.5000    0    0.500   1.0000          NULL 
392.0000    3    2.000   1.0000      triangle
394.0000    0    3.500   1.0000          NULL 
397.5000    3    2.000   1.0000      triangle
399.5000    0    1.000   1.0000          NULL 
400.5000    1    2.000   1.0000          line
402.5000    0    1.500   1.0000          NULL 
404.0000    4    2.000   1.0000        circle
406.0000    0    3.000   1.0000          NULL 
409.0000    1    2.000   1.0000          line
411.0000    0    0.500   1.0000          NULL 
411.5000    2    2.000   1.0000        square
413.5000    0    6.500   1.0000          NULL 
