  0.0000    4    2.000   1.0000        circle
  2.0000    0    1.500   1.0000          NULL 
  3.5000    4    2.000   1.0000        circle
  5.5000    0    1.500   1.0000          NULL 
  7.0000    3    2.000   1.0000      triangle
  9.0000    0    2.000   1.0000          NULL 
 11.0000    1    2.000   1.0000          line
 13.0000    0    0.500   1.0000          NULL 
 13.5000    2    2.000   1.0000        square
 15.5000    0    1.500   1.0000          NULL 
 17.0000    2    2.000   1.0000        square
 19.0000    0    3.000   1.0000          NULL 
 22.0000    1    2.000   1.0000          line
 24.0000    0    2.000   1.0000          NULL 
 26.0000    1    2.000   1.0000          line
 28.0000    0    0.500   1.0000          NULL 
 28.5000    4    2.000   1.0000        circle
 30.5000    0    0.500   1.0000          NULL 
 31.0000    3    2.000   1.0000      triangle
 33.0000    0    0.500   1.0000          NULL 
 33.5000    1    2.000   1.0000          line
 35.5000    0    1.500   1.0000          NULL 
 37.0000    2    2.000   1.0000        square
 39.0000    0    0.500   1.0000          NULL 
 39.5000    3    2.000   1.0000      triangle
 41.5000    0    1.500   1.0000          NULL 
 43.0000    1    2.000   1.0000          line
 45.0000    0    2.500   1.0000          NULL 
 47.5000    1    2.000   1.0000          line
 49.5000    0    2.500   1.0000          NULL 
 52.0000    2    2.000   1.0000        square
 54.0000    0    3.500   1.0000          NULL 
 57.5000    2    2.000   1.0000        square
 59.5000    0    3.500   1.0000          NULL 
 63.0000    4    2.000   1.0000        circle
 65.0000    0    1.000   1.0000          NULL 
 66.0000    3    2.000   1.0000      triangle
 68.0000    0    0.500   1.0000          NULL 
 68.5000    3    2.000   1.0000      triangle
 70.5000    0    1.500   1.0000          NULL 
 72.0000    3    2.000   1.0000      triangle
 74.0000    0    1.000   1.0000          NULL 
 75.0000    1    2.000   1.0000          line
 77.0000    0    0.500   1.0000          NULL 
 77.5000    3    2.000   1.0000      triangle
 79.5000    0    2.000   1.0000          NULL 
 81.5000    1    2.000   1.0000          line
 83.5000    0    0.500   1.0000          NULL 
 84.0000    4    2.000   1.0000        circle
 86.0000    0    1.000   1.0000          NULL 
 87.0000    3    2.000   1.0000      triangle
 89.0000    0    0.500   1.0000          NULL 
 89.5000    2    2.000   1.0000        square
 91.5000    0    1.000   1.0000          NULL 
 92.5000    2    2.000   1.0000        square
 94.5000    0    3.000   1.0000          NULL 
 97.5000    2    2.000   1.0000        square
 99.5000    0    0.500   1.0000          NULL 
100.0000    4    2.000   1.0000        circle
102.0000    0    0.500   1.0000          NULL 
102.5000    2    2.000   1.0000        square
104.5000    0    0.500   1.0000          NULL 
105.0000    2    2.000   1.0000        square
107.0000    0    0.500   1.0000          NULL 
107.5000    2    2.000   1.0000        square
109.5000    0    1.500   1.0000          NULL 
111.0000    1    2.000   1.0000          line
113.0000    0    0.500   1.0000          NULL 
113.5000    1    2.000   1.0000          line
115.5000    0    1.000   1.0000          NULL 
116.5000    4    2.000   1.0000        circle
118.5000    0    1.500   1.0000          NULL 
120.0000    3    2.000   1.0000      triangle
122.0000    0    1.000   1.0000          NULL 
123.0000    4    2.000   1.0000        circle
125.0000    0    1.500   1.0000          NULL 
126.5000    4    2.000   1.0000        circle
128.5000    0    1.500   1.0000          NULL 
130.0000    4    2.000   1.0000        circle
132.0000    0    1.000   1.0000          NULL 
133.0000    4    2.000   1.0000        circle
135.0000    0    4.000   1.0000          NULL 
139.0000    2    2.000   1.0000        square
141.0000    0    1.000   1.0000          NULL 
142.0000    3    2.000   1.0000      triangle
144.0000    0    1.500   1.0000          NULL 
145.5000    1    2.000   1.0000          line
147.5000    0    3.000   1.0000          NULL 
150.5000    4    2.000   1.0000        circle
152.5000    0    2.000   1.0000          NULL 
154.5000    3    2.000   1.0000      triangle
156.5000    0    1.000   1.0000          NULL 
157.5000    1    2.000   1.0000          line
159.5000    0    2.000   1.0000          NULL 
161.5000    2    2.000   1.0000        square
163.5000    0    2.000   1.0000          NULL 
165.5000    3    2.000   1.0000      triangle
167.5000    0    1.000   1.0000          NULL 
168.5000    2    2.000   1.0000        square
170.5000    0    2.000   1.0000          NULL 
172.5000    2    2.000   1.0000        square
174.5000    0    4.000   1.0000          NULL 
178.5000    3    2.000   1.0000      triangle
180.5000    0    1.000   1.0000          NULL 
181.5000    1    2.000   1.0000          line
183.5000    0    3.000   1.0000          NULL 
186.5000    3    2.000   1.0000      triangle
188.5000    0    2.500   1.0000          NULL 
191.0000    3    2.000   1.0000      triangle
193.0000    0    0.500   1.0000          NULL 
193.5000    3    2.000   1.0000      triangle
195.5000    0    2.000   1.0000          NULL 
197.5000    1    2.000   1.0000          line
199.5000    0    0.500   1.0000          NULL 
200.0000    3    2.000   1.0000      triangle
202.0000    0    1.500   1.0000          NULL 
203.5000    1    2.000   1.0000          line
205.5000    0    1.000   1.0000          NULL 
206.5000    1    2.000   1.0000          line
208.5000    0    0.500   1.0000          NULL 
209.0000    1    2.000   1.0000          line
211.0000    0    1.000   1.0000          NULL 
212.0000    2    2.000   1.0000        square
214.0000    0    2.500   1.0000          NULL 
216.5000    1    2.000   1.0000          line
218.5000    0    0.500   1.0000          NULL 
219.0000    3    2.000   1.0000      triangle
221.0000    0    1.000   1.0000          NULL 
222.0000    1    2.000   1.0000          line
224.0000    0    2.500   1.0000          NULL 
226.5000    1    2.000   1.0000          line
228.5000    0    2.500   1.0000          NULL 
231.0000    4    2.000   1.0000        circle
233.0000    0    0.500   1.0000          NULL 
233.5000    1    2.000   1.0000          line
235.5000    0    1.500   1.0000          NULL 
237.0000    2    2.000   1.0000        square
239.0000    0    0.500   1.0000          NULL 
239.5000    4    2.000   1.0000        circle
241.5000    0    0.500   1.0000          NULL 
242.0000    1    2.000   1.0000          line
244.0000    0    0.500   1.0000          NULL 
244.5000    3    2.000   1.0000      triangle
246.5000    0    1.000   1.0000          NULL 
247.5000    1    2.000   1.0000          line
249.5000    0    1.000   1.0000          NULL 
250.5000    4    2.000   1.0000        circle
252.5000    0    2.500   1.0000          NULL 
255.0000    2    2.000   1.0000        square
257.0000    0    1.000   1.0000          NULL 
258.0000    2    2.000   1.0000        square
260.0000    0    0.500   1.0000          NULL 
260.5000    1    2.000   1.0000          line
262.5000    0    0.500   1.0000          NULL 
263.0000    4    2.000   1.0000        circle
265.0000    0    1.000   1.0000          NULL 
266.0000    4    2.000   1.0000        circle
268.0000    0    1.500   1.0000          NULL 
269.5000    1    2.000   1.0000          line
271.5000    0    1.000   1.0000          NULL 
272.5000    4    2.000   1.0000        circle
274.5000    0    1.000   1.0000          NULL 
275.5000    3    2.000   1.0000      triangle
277.5000    0    2.500   1.0000          NULL 
280.0000    2    2.000   1.0000        square
282.0000    0    3.500   1.0000          NULL 
285.5000    2    2.000   1.0000        square
287.5000    0    0.500   1.0000          NULL 
288.0000    3    2.000   1.0000      triangle
290.0000    0    1.500   1.0000          NULL 
291.5000    3    2.000   1.0000      triangle
293.5000    0    3.000   1.0000          NULL 
296.5000    3    2.000   1.0000      triangle
298.5000    0    1.000   1.0000          NULL 
299.5000    4    2.000   1.0000        circle
301.5000    0    1.500   1.0000          NULL 
303.0000    4    2.000   1.0000        circle
305.0000    0    0.500   1.0000          NULL 
305.5000    4    2.000   1.0000        circle
307.5000    0    3.500   1.0000          NULL 
311.0000    4    2.000   1.0000        circle
313.0000    0    4.000   1.0000          NULL 
317.0000    2    2.000   1.0000        square
319.0000    0    1.500   1.0000          NULL 
320.5000    1    2.000   1.0000          line
322.5000    0    1.000   1.0000          NULL 
323.5000    2    2.000   1.0000        square
325.5000    0    1.000   1.0000          NULL 
326.5000    2    2.000   1.0000        square
328.5000    0    0.500   1.0000          NULL 
329.0000    2    2.000   1.0000        square
331.0000    0    3.000   1.0000          NULL 
334.0000    1    2.000   1.0000          line
336.0000    0    1.000   1.0000          NULL 
337.0000    3    2.000   1.0000      triangle
339.0000    0    2.500   1.0000          NULL 
341.5000    3    2.000   1.0000      triangle
343.5000    0    1.000   1.0000          NULL 
344.5000    4    2.000   1.0000        circle
346.5000    0    1.500   1.0000          NULL 
348.0000    3    2.000   1.0000      triangle
350.0000    0    1.500   1.0000          NULL 
351.5000    4    2.000   1.0000        circle
353.5000    0    2.500   1.0000          NULL 
356.0000    2    2.000   1.0000        square
358.0000    0    0.500   1.0000          NULL 
358.5000    4    2.000   1.0000        circle
360.5000    0    0.500   1.0000          NULL 
361.0000    2    2.000   1.0000        square
363.0000    0    1.500   1.0000          NULL 
364.5000    3    2.000   1.0000      triangle
366.5000    0    1.500   1.0000          NULL 
368.0000    1    2.000   1.0000          line
370.0000    0    1.000   1.0000          NULL 
371.0000    3    2.000   1.0000      triangle
373.0000    0    3.000   1.0000          NULL 
376.0000    2    2.000   1.0000        square
378.0000    0    1.500   1.0000          NULL 
379.5000    4    2.000   1.0000        circle
381.5000    0    0.500   1.0000          NULL 
382.0000    2    2.000   1.0000        square
384.0000    0    1.000   1.0000          NULL 
385.0000    4    2.000   1.0000        circle
387.0000    0    3.000   1.0000          NULL 
390.0000    4    2.000   1.0000        circle
392.0000    0    3.500   1.0000          NULL 
395.5000    4    2.000   1.0000        circle
397.5000    0    2.500   1.0000          NULL 
400.0000    3    2.000   1.0000      triangle
402.0000    0    1.000   1.0000          NULL 
403.0000    1    2.000   1.0000          line
405.0000    0    0.500   1.0000          NULL 
405.5000    4    2.000   1.0000        circle
407.5000    0    2.500   1.0000          NULL 
410.0000    3    2.000   1.0000      triangle
412.0000    0    2.500   1.0000          NULL 
414.5000    1    2.000   1.0000          line
416.5000    0    0.500   1.0000          NULL 
417.0000    2    2.000   1.0000        square
419.0000    0    1.000   1.0000          NULL 
