  0.0000    1    2.000   1.0000          line
  2.0000    0    1.100   1.0000          NULL 
  3.1000    4    2.000   1.0000      triangle
  5.1000    0    1.200   1.0000          NULL 
  6.3000    4    2.000   1.0000      triangle
  8.3000    0    1.600   1.0000          NULL 
  9.9000    3    2.000   1.0000        circle
 11.9000    0    1.000   1.0000          NULL 
 12.9000    1    2.000   1.0000          line
 14.9000    0    1.500   1.0000          NULL 
 16.4000    1    2.000   1.0000          line
 18.4000    0    1.200   1.0000          NULL 
 19.6000    1    2.000   1.0000          line
 21.6000    0    1.000   1.0000          NULL 
 22.6000    2    2.000   1.0000        square
 24.6000    0    1.000   1.0000          NULL 
 25.6000    3    2.000   1.0000        circle
 27.6000    0    1.300   1.0000          NULL 
 28.9000    1    2.000   1.0000          line
 30.9000    0    1.000   1.0000          NULL 
 31.9000    3    2.000   1.0000        circle
 33.9000    0    1.400   1.0000          NULL 
 35.3000    3    2.000   1.0000        circle
 37.3000    0    1.000   1.0000          NULL 
 38.3000    4    2.000   1.0000      triangle
 40.3000    0    1.000   1.0000          NULL 
 41.3000    2    2.000   1.0000        square
 43.3000    0    1.500   1.0000          NULL 
 44.8000    4    2.000   1.0000      triangle
 46.8000    0    1.000   1.0000          NULL 
 47.8000    1    2.000   1.0000          line
 49.8000    0    1.000   1.0000          NULL 
 50.8000    3    2.000   1.0000        circle
 52.8000    0    1.400   1.0000          NULL 
 54.2000    2    2.000   1.0000        square
 56.2000    0    1.300   1.0000          NULL 
 57.5000    1    2.000   1.0000          line
 59.5000    0    2.000   1.0000          NULL 
 61.5000    4    2.000   1.0000      triangle
 63.5000    0    1.100   1.0000          NULL 
 64.6000    3    2.000   1.0000        circle
 66.6000    0    1.200   1.0000          NULL 
 67.8000    3    2.000   1.0000        circle
 69.8000    0    1.100   1.0000          NULL 
 70.9000    4    2.000   1.0000      triangle
 72.9000    0    1.000   1.0000          NULL 
 73.9000    4    2.000   1.0000      triangle
 75.9000    0    1.000   1.0000          NULL 
 76.9000    2    2.000   1.0000        square
 78.9000    0    2.000   1.0000          NULL 
 80.8999    1    2.000   1.0000          line
 82.8999    0    1.200   1.0000          NULL 
 84.0999    4    2.000   1.0000      triangle
 86.0999    0    1.100   1.0000          NULL 
 87.1999    1    2.000   1.0000          line
 89.1999    0    1.900   1.0000          NULL 
 91.0999    4    2.000   1.0000      triangle
 93.0999    0    1.300   1.0000          NULL 
 94.3999    4    2.000   1.0000      triangle
 96.3999    0    1.200   1.0000          NULL 
 97.5999    3    2.000   1.0000        circle
 99.5999    0    1.100   1.0000          NULL 
100.6999    1    2.000   1.0000          line
102.6999    0    1.300   1.0000          NULL 
103.9999    2    2.000   1.0000        square
105.9999    0    1.300   1.0000          NULL 
107.2999    2    2.000   1.0000        square
109.2999    0    1.200   1.0000          NULL 
110.4999    3    2.000   1.0000        circle
112.4999    0    1.100   1.0000          NULL 
113.5999    2    2.000   1.0000        square
115.5999    0    1.000   1.0000          NULL 
116.5999    2    2.000   1.0000        square
118.5999    0    1.100   1.0000          NULL 
119.6999    2    2.000   1.0000        square
121.6999    0    1.600   1.0000          NULL 
123.2999    3    2.000   1.0000        circle
125.2999    0    1.200   1.0000          NULL 
126.4999    2    2.000   1.0000        square
128.4999    0    1.500   1.0000          NULL 
