  0.0000    1    2.000   1.0000          line
  2.0000    0    1.100   1.0000          NULL 
  3.1000    3    2.000   1.0000        circle
  5.1000    0    1.500   1.0000          NULL 
  6.6000    1    2.000   1.0000          line
  8.6000    0    1.100   1.0000          NULL 
  9.7000    2    2.000   1.0000        square
 11.7000    0    1.000   1.0000          NULL 
 12.7000    4    2.000   1.0000      triangle
 14.7000    0    1.200   1.0000          NULL 
 15.9000    3    2.000   1.0000        circle
 17.9000    0    1.100   1.0000          NULL 
 19.0000    1    2.000   1.0000          line
 21.0000    0    1.400   1.0000          NULL 
 22.4000    3    2.000   1.0000        circle
 24.4000    0    1.000   1.0000          NULL 
 25.4000    3    2.000   1.0000        circle
 27.4000    0    1.100   1.0000          NULL 
 28.5000    2    2.000   1.0000        square
 30.5000    0    1.000   1.0000          NULL 
 31.5000    2    2.000   1.0000        square
 33.5000    0    1.300   1.0000          NULL 
 34.8000    2    2.000   1.0000        square
 36.8000    0    1.200   1.0000          NULL 
 38.0000    3    2.000   1.0000        circle
 40.0000    0    1.300   1.0000          NULL 
 41.3000    1    2.000   1.0000          line
 43.3000    0    1.300   1.0000          NULL 
 44.6000    1    2.000   1.0000          line
 46.6000    0    1.300   1.0000          NULL 
 47.9000    2    2.000   1.0000        square
 49.9000    0    1.900   1.0000          NULL 
 51.8000    3    2.000   1.0000        circle
 53.8000    0    1.000   1.0000          NULL 
 54.8000    1    2.000   1.0000          line
 56.8000    0    1.000   1.0000          NULL 
 57.8000    3    2.000   1.0000        circle
 59.8000    0    1.500   1.0000          NULL 
 61.3000    4    2.000   1.0000      triangle
 63.3000    0    1.000   1.0000          NULL 
 64.3000    4    2.000   1.0000      triangle
 66.3000    0    1.100   1.0000          NULL 
 67.4000    1    2.000   1.0000          line
 69.4000    0    1.000   1.0000          NULL 
 70.4000    4    2.000   1.0000      triangle
 72.4000    0    2.000   1.0000          NULL 
 74.3999    4    2.000   1.0000      triangle
 76.3999    0    1.100   1.0000          NULL 
 77.4999    4    2.000   1.0000      triangle
 79.4999    0    1.000   1.0000          NULL 
 80.4999    1    2.000   1.0000          line
 82.4999    0    1.400   1.0000          NULL 
 83.8999    2    2.000   1.0000        square
 85.8999    0    1.200   1.0000          NULL 
 87.0999    4    2.000   1.0000      triangle
 89.0999    0    1.600   1.0000          NULL 
 90.6999    3    2.000   1.0000        circle
 92.6999    0    1.900   1.0000          NULL 
 94.5999    4    2.000   1.0000      triangle
 96.5999    0    1.200   1.0000          NULL 
 97.7999    2    2.000   1.0000        square
 99.7999    0    1.600   1.0000          NULL 
101.3999    3    2.000   1.0000        circle
103.3999    0    1.000   1.0000          NULL 
104.3999    3    2.000   1.0000        circle
106.3999    0    1.100   1.0000          NULL 
107.4999    4    2.000   1.0000      triangle
109.4999    0    1.100   1.0000          NULL 
110.5999    2    2.000   1.0000        square
112.5999    0    1.900   1.0000          NULL 
114.4999    2    2.000   1.0000        square
116.4999    0    1.300   1.0000          NULL 
117.7999    2    2.000   1.0000        square
119.7999    0    1.000   1.0000          NULL 
120.7999    1    2.000   1.0000          line
122.7999    0    1.100   1.0000          NULL 
123.8999    4    2.000   1.0000      triangle
125.8999    0    1.100   1.0000          NULL 
126.9999    1    2.000   1.0000          line
128.9999    0    1.000   1.0000          NULL 
