  0.0000    4    2.000   1.0000        circle
  2.0000    0    0.500   1.0000          NULL 
  2.5000    3    2.000   1.0000      triangle
  4.5000    0    0.500   1.0000          NULL 
  5.0000    1    2.000   1.0000          line
  7.0000    0    1.500   1.0000          NULL 
  8.5000    4    2.000   1.0000        circle
 10.5000    0    0.500   1.0000          NULL 
 11.0000    1    2.000   1.0000          line
 13.0000    0    1.500   1.0000          NULL 
 14.5000    2    2.000   1.0000        square
 16.5000    0    2.500   1.0000          NULL 
 19.0000    4    2.000   1.0000        circle
 21.0000    0    3.000   1.0000          NULL 
 24.0000    2    2.000   1.0000        square
 26.0000    0    1.000   1.0000          NULL 
 27.0000    4    2.000   1.0000        circle
 29.0000    0    0.500   1.0000          NULL 
 29.5000    4    2.000   1.0000        circle
 31.5000    0    1.500   1.0000          NULL 
 33.0000    2    2.000   1.0000        square
 35.0000    0    1.000   1.0000          NULL 
 36.0000    3    2.000   1.0000      triangle
 38.0000    0    0.500   1.0000          NULL 
 38.5000    2    2.000   1.0000        square
 40.5000    0    1.500   1.0000          NULL 
 42.0000    1    2.000   1.0000          line
 44.0000    0    4.000   1.0000          NULL 
 48.0000    1    2.000   1.0000          line
 50.0000    0    0.500   1.0000          NULL 
 50.5000    2    2.000   1.0000        square
 52.5000    0    0.500   1.0000          NULL 
 53.0000    1    2.000   1.0000          line
 55.0000    0    1.000   1.0000          NULL 
 56.0000    2    2.000   1.0000        square
 58.0000    0    1.500   1.0000          NULL 
 59.5000    1    2.000   1.0000          line
 61.5000    0    1.000   1.0000          NULL 
 62.5000    4    2.000   1.0000        circle
 64.5000    0    0.500   1.0000          NULL 
 65.0000    2    2.000   1.0000        square
 67.0000    0    0.500   1.0000          NULL 
 67.5000    2    2.000   1.0000        square
 69.5000    0    2.000   1.0000          NULL 
 71.5000    3    2.000   1.0000      triangle
 73.5000    0    2.500   1.0000          NULL 
 76.0000    2    2.000   1.0000        square
 78.0000    0    0.500   1.0000          NULL 
 78.5000    2    2.000   1.0000        square
 80.5000    0    1.000   1.0000          NULL 
 81.5000    3    2.000   1.0000      triangle
 83.5000    0    1.000   1.0000          NULL 
 84.5000    2    2.000   1.0000        square
 86.5000    0    0.500   1.0000          NULL 
 87.0000    4    2.000   1.0000        circle
 89.0000    0    0.500   1.0000          NULL 
 89.5000    3    2.000   1.0000      triangle
 91.5000    0    3.000   1.0000          NULL 
 94.5000    3    2.000   1.0000      triangle
 96.5000    0    1.000   1.0000          NULL 
 97.5000    2    2.000   1.0000        square
 99.5000    0    0.500   1.0000          NULL 
100.0000    1    2.000   1.0000          line
102.0000    0    0.500   1.0000          NULL 
102.5000    4    2.000   1.0000        circle
104.5000    0    3.500   1.0000          NULL 
108.0000    3    2.000   1.0000      triangle
110.0000    0    3.000   1.0000          NULL 
113.0000    4    2.000   1.0000        circle
115.0000    0    1.500   1.0000          NULL 
116.5000    1    2.000   1.0000          line
118.5000    0    2.000   1.0000          NULL 
120.5000    2    2.000   1.0000        square
122.5000    0    2.000   1.0000          NULL 
124.5000    4    2.000   1.0000        circle
126.5000    0    1.000   1.0000          NULL 
127.5000    3    2.000   1.0000      triangle
129.5000    0    1.000   1.0000          NULL 
130.5000    1    2.000   1.0000          line
132.5000    0    3.000   1.0000          NULL 
135.5000    4    2.000   1.0000        circle
137.5000    0    1.000   1.0000          NULL 
138.5000    1    2.000   1.0000          line
140.5000    0    0.500   1.0000          NULL 
141.0000    4    2.000   1.0000        circle
143.0000    0    0.500   1.0000          NULL 
143.5000    1    2.000   1.0000          line
145.5000    0    2.000   1.0000          NULL 
147.5000    2    2.000   1.0000        square
149.5000    0    0.500   1.0000          NULL 
150.0000    4    2.000   1.0000        circle
152.0000    0    0.500   1.0000          NULL 
152.5000    1    2.000   1.0000          line
154.5000    0    0.500   1.0000          NULL 
155.0000    2    2.000   1.0000        square
157.0000    0    0.500   1.0000          NULL 
157.5000    1    2.000   1.0000          line
159.5000    0    0.500   1.0000          NULL 
160.0000    4    2.000   1.0000        circle
162.0000    0    2.000   1.0000          NULL 
164.0000    2    2.000   1.0000        square
166.0000    0    1.000   1.0000          NULL 
167.0000    3    2.000   1.0000      triangle
169.0000    0    2.500   1.0000          NULL 
171.5000    2    2.000   1.0000        square
173.5000    0    2.500   1.0000          NULL 
176.0000    3    2.000   1.0000      triangle
178.0000    0    1.000   1.0000          NULL 
179.0000    4    2.000   1.0000        circle
181.0000    0    2.000   1.0000          NULL 
183.0000    2    2.000   1.0000        square
185.0000    0    4.000   1.0000          NULL 
189.0000    2    2.000   1.0000        square
191.0000    0    1.000   1.0000          NULL 
192.0000    3    2.000   1.0000      triangle
194.0000    0    2.000   1.0000          NULL 
196.0000    1    2.000   1.0000          line
198.0000    0    3.000   1.0000          NULL 
201.0000    2    2.000   1.0000        square
203.0000    0    0.500   1.0000          NULL 
203.5000    3    2.000   1.0000      triangle
205.5000    0    1.500   1.0000          NULL 
207.0000    3    2.000   1.0000      triangle
209.0000    0    0.500   1.0000          NULL 
209.5000    2    2.000   1.0000        square
211.5000    0    0.500   1.0000          NULL 
212.0000    3    2.000   1.0000      triangle
214.0000    0    1.000   1.0000          NULL 
215.0000    3    2.000   1.0000      triangle
217.0000    0    1.000   1.0000          NULL 
218.0000    4    2.000   1.0000        circle
220.0000    0    1.500   1.0000          NULL 
221.5000    3    2.000   1.0000      triangle
223.5000    0    0.500   1.0000          NULL 
224.0000    2    2.000   1.0000        square
226.0000    0    2.500   1.0000          NULL 
228.5000    3    2.000   1.0000      triangle
230.5000    0    1.000   1.0000          NULL 
231.5000    4    2.000   1.0000        circle
233.5000    0    2.500   1.0000          NULL 
236.0000    3    2.000   1.0000      triangle
238.0000    0    1.000   1.0000          NULL 
239.0000    4    2.000   1.0000        circle
241.0000    0    2.000   1.0000          NULL 
243.0000    3    2.000   1.0000      triangle
245.0000    0    3.000   1.0000          NULL 
248.0000    1    2.000   1.0000          line
250.0000    0    2.000   1.0000          NULL 
252.0000    4    2.000   1.0000        circle
254.0000    0    1.000   1.0000          NULL 
255.0000    2    2.000   1.0000        square
257.0000    0    2.000   1.0000          NULL 
259.0000    1    2.000   1.0000          line
261.0000    0    1.500   1.0000          NULL 
262.5000    4    2.000   1.0000        circle
264.5000    0    1.500   1.0000          NULL 
266.0000    1    2.000   1.0000          line
268.0000    0    4.000   1.0000          NULL 
272.0000    1    2.000   1.0000          line
274.0000    0    0.500   1.0000          NULL 
274.5000    3    2.000   1.0000      triangle
276.5000    0    1.000   1.0000          NULL 
277.5000    4    2.000   1.0000        circle
279.5000    0    1.000   1.0000          NULL 
280.5000    3    2.000   1.0000      triangle
282.5000    0    3.500   1.0000          NULL 
286.0000    3    2.000   1.0000      triangle
288.0000    0    4.000   1.0000          NULL 
292.0000    3    2.000   1.0000      triangle
294.0000    0    0.500   1.0000          NULL 
294.5000    3    2.000   1.0000      triangle
296.5000    0    3.500   1.0000          NULL 
300.0000    1    2.000   1.0000          line
302.0000    0    0.500   1.0000          NULL 
302.5000    4    2.000   1.0000        circle
304.5000    0    2.000   1.0000          NULL 
306.5000    1    2.000   1.0000          line
308.5000    0    1.000   1.0000          NULL 
309.5000    2    2.000   1.0000        square
311.5000    0    3.500   1.0000          NULL 
315.0000    4    2.000   1.0000        circle
317.0000    0    3.500   1.0000          NULL 
320.5000    1    2.000   1.0000          line
322.5000    0    0.500   1.0000          NULL 
323.0000    1    2.000   1.0000          line
325.0000    0    1.500   1.0000          NULL 
326.5000    4    2.000   1.0000        circle
328.5000    0    1.000   1.0000          NULL 
329.5000    1    2.000   1.0000          line
331.5000    0    0.500   1.0000          NULL 
332.0000    2    2.000   1.0000        square
334.0000    0    1.500   1.0000          NULL 
335.5000    4    2.000   1.0000        circle
337.5000    0    3.500   1.0000          NULL 
341.0000    1    2.000   1.0000          line
343.0000    0    1.500   1.0000          NULL 
344.5000    3    2.000   1.0000      triangle
346.5000    0    1.000   1.0000          NULL 
347.5000    3    2.000   1.0000      triangle
349.5000    0    0.500   1.0000          NULL 
350.0000    4    2.000   1.0000        circle
352.0000    0    1.500   1.0000          NULL 
353.5000    1    2.000   1.0000          line
355.5000    0    0.500   1.0000          NULL 
356.0000    3    2.000   1.0000      triangle
358.0000    0    1.000   1.0000          NULL 
359.0000    1    2.000   1.0000          line
361.0000    0    4.000   1.0000          NULL 
365.0000    2    2.000   1.0000        square
367.0000    0    2.500   1.0000          NULL 
369.5000    3    2.000   1.0000      triangle
371.5000    0    0.500   1.0000          NULL 
372.0000    1    2.000   1.0000          line
374.0000    0    3.500   1.0000          NULL 
377.5000    2    2.000   1.0000        square
379.5000    0    0.500   1.0000          NULL 
380.0000    1    2.000   1.0000          line
382.0000    0    1.000   1.0000          NULL 
383.0000    3    2.000   1.0000      triangle
385.0000    0    0.500   1.0000          NULL 
385.5000    4    2.000   1.0000        circle
387.5000    0    0.500   1.0000          NULL 
388.0000    2    2.000   1.0000        square
390.0000    0    0.500   1.0000          NULL 
390.5000    1    2.000   1.0000          line
392.5000    0    2.500   1.0000          NULL 
395.0000    4    2.000   1.0000        circle
397.0000    0    1.500   1.0000          NULL 
398.5000    2    2.000   1.0000        square
400.5000    0    2.000   1.0000          NULL 
402.5000    2    2.000   1.0000        square
404.5000    0    0.500   1.0000          NULL 
405.0000    4    2.000   1.0000        circle
407.0000    0    2.500   1.0000          NULL 
409.5000    3    2.000   1.0000      triangle
411.5000    0    1.000   1.0000          NULL 
412.5000    4    2.000   1.0000        circle
414.5000    0    2.500   1.0000          NULL 
417.0000    1    2.000   1.0000          line
419.0000    0    1.000   1.0000          NULL 
