  0.0000    2    2.000   1.0000        square
  2.0000    0    1.100   1.0000          NULL 
  3.1000    1    2.000   1.0000          line
  5.1000    0    1.100   1.0000          NULL 
  6.2000    2    2.000   1.0000        square
  8.2000    0    1.300   1.0000          NULL 
  9.5000    3    2.000   1.0000        circle
 11.5000    0    1.000   1.0000          NULL 
 12.5000    1    2.000   1.0000          line
 14.5000    0    1.000   1.0000          NULL 
 15.5000    1    2.000   1.0000          line
 17.5000    0    1.400   1.0000          NULL 
 18.9000    1    2.000   1.0000          line
 20.9000    0    1.000   1.0000          NULL 
 21.9000    3    2.000   1.0000        circle
 23.9000    0    1.700   1.0000          NULL 
 25.6000    4    2.000   1.0000      triangle
 27.6000    0    1.400   1.0000          NULL 
 29.0000    2    2.000   1.0000        square
 31.0000    0    1.000   1.0000          NULL 
 32.0000    3    2.000   1.0000        circle
 34.0000    0    1.500   1.0000          NULL 
 35.5000    1    2.000   1.0000          line
 37.5000    0    1.100   1.0000          NULL 
 38.6000    4    2.000   1.0000      triangle
 40.6000    0    1.500   1.0000          NULL 
 42.1000    1    2.000   1.0000          line
 44.1000    0    1.300   1.0000          NULL 
 45.4000    3    2.000   1.0000        circle
 47.4000    0    1.200   1.0000          NULL 
 48.6000    2    2.000   1.0000        square
 50.6000    0    1.200   1.0000          NULL 
 51.8000    2    2.000   1.0000        square
 53.8000    0    1.600   1.0000          NULL 
 55.4000    4    2.000   1.0000      triangle
 57.4000    0    1.400   1.0000          NULL 
 58.8000    2    2.000   1.0000        square
 60.8000    0    1.500   1.0000          NULL 
 62.3000    1    2.000   1.0000          line
 64.3000    0    1.200   1.0000          NULL 
 65.5000    3    2.000   1.0000        circle
 67.5000    0    1.000   1.0000          NULL 
 68.5000    3    2.000   1.0000        circle
 70.5000    0    1.000   1.0000          NULL 
 71.5000    4    2.000   1.0000      triangle
 73.5000    0    1.000   1.0000          NULL 
 74.5000    1    2.000   1.0000          line
 76.5000    0    1.600   1.0000          NULL 
 78.0999    4    2.000   1.0000      triangle
 80.0999    0    1.600   1.0000          NULL 
 81.6999    2    2.000   1.0000        square
 83.6999    0    1.000   1.0000          NULL 
 84.6999    2    2.000   1.0000        square
 86.6999    0    1.000   1.0000          NULL 
 87.6999    1    2.000   1.0000          line
 89.6999    0    2.000   1.0000          NULL 
 91.6999    3    2.000   1.0000        circle
 93.6999    0    1.000   1.0000          NULL 
 94.6999    4    2.000   1.0000      triangle
 96.6999    0    1.200   1.0000          NULL 
 97.8999    4    2.000   1.0000      triangle
 99.8999    0    1.100   1.0000          NULL 
100.9999    4    2.000   1.0000      triangle
102.9999    0    1.300   1.0000          NULL 
104.2999    4    2.000   1.0000      triangle
106.2999    0    1.100   1.0000          NULL 
107.3999    2    2.000   1.0000        square
109.3999    0    1.200   1.0000          NULL 
110.5999    3    2.000   1.0000        circle
112.5999    0    1.400   1.0000          NULL 
113.9999    3    2.000   1.0000        circle
115.9999    0    1.500   1.0000          NULL 
117.4999    4    2.000   1.0000      triangle
119.4999    0    1.300   1.0000          NULL 
120.7999    3    2.000   1.0000        circle
122.7999    0    1.200   1.0000          NULL 
123.9999    2    2.000   1.0000        square
125.9999    0    1.000   1.0000          NULL 
126.9999    1    2.000   1.0000          line
128.9999    0    1.000   1.0000          NULL 
