  0.0000    1    2.000   1.0000          line
  2.0000    0    1.300   1.0000          NULL 
  3.3000    1    2.000   1.0000          line
  5.3000    0    1.000   1.0000          NULL 
  6.3000    2    2.000   1.0000        square
  8.3000    0    1.200   1.0000          NULL 
  9.5000    1    2.000   1.0000          line
 11.5000    0    1.100   1.0000          NULL 
 12.6000    3    2.000   1.0000        circle
 14.6000    0    1.000   1.0000          NULL 
 15.6000    2    2.000   1.0000        square
 17.6000    0    1.400   1.0000          NULL 
 19.0000    3    2.000   1.0000        circle
 21.0000    0    1.200   1.0000          NULL 
 22.2000    3    2.000   1.0000        circle
 24.2000    0    1.700   1.0000          NULL 
 25.9000    2    2.000   1.0000        square
 27.9000    0    1.200   1.0000          NULL 
 29.1000    4    2.000   1.0000      triangle
 31.1000    0    1.200   1.0000          NULL 
 32.3000    3    2.000   1.0000        circle
 34.3000    0    1.100   1.0000          NULL 
 35.4000    2    2.000   1.0000        square
 37.4000    0    1.000   1.0000          NULL 
 38.4000    1    2.000   1.0000          line
 40.4000    0    1.100   1.0000          NULL 
 41.5000    2    2.000   1.0000        square
 43.5000    0    1.500   1.0000          NULL 
 45.0000    2    2.000   1.0000        square
 47.0000    0    1.000   1.0000          NULL 
 48.0000    3    2.000   1.0000        circle
 50.0000    0    1.300   1.0000          NULL 
 51.3000    1    2.000   1.0000          line
 53.3000    0    1.500   1.0000          NULL 
 54.8000    4    2.000   1.0000      triangle
 56.8000    0    1.100   1.0000          NULL 
 57.9000    2    2.000   1.0000        square
 59.9000    0    1.100   1.0000          NULL 
 61.0000    1    2.000   1.0000          line
 63.0000    0    1.400   1.0000          NULL 
 64.4000    3    2.000   1.0000        circle
 66.4000    0    1.000   1.0000          NULL 
 67.4000    4    2.000   1.0000      triangle
 69.4000    0    1.000   1.0000          NULL 
 70.4000    2    2.000   1.0000        square
 72.4000    0    1.800   1.0000          NULL 
 74.2000    4    2.000   1.0000      triangle
 76.2000    0    1.100   1.0000          NULL 
 77.3000    4    2.000   1.0000      triangle
 79.3000    0    1.000   1.0000          NULL 
 80.3000    1    2.000   1.0000          line
 82.3000    0    1.800   1.0000          NULL 
 84.0999    1    2.000   1.0000          line
 86.0999    0    1.200   1.0000          NULL 
 87.2999    1    2.000   1.0000          line
 89.2999    0    1.900   1.0000          NULL 
 91.1999    1    2.000   1.0000          line
 93.1999    0    1.000   1.0000          NULL 
 94.1999    4    2.000   1.0000      triangle
 96.1999    0    1.000   1.0000          NULL 
 97.1999    3    2.000   1.0000        circle
 99.1999    0    1.100   1.0000          NULL 
100.2999    3    2.000   1.0000        circle
102.2999    0    2.000   1.0000          NULL 
104.2999    4    2.000   1.0000      triangle
106.2999    0    1.600   1.0000          NULL 
107.8999    4    2.000   1.0000      triangle
109.8999    0    1.000   1.0000          NULL 
110.8999    4    2.000   1.0000      triangle
112.8999    0    1.300   1.0000          NULL 
114.1999    4    2.000   1.0000      triangle
116.1999    0    1.000   1.0000          NULL 
117.1999    2    2.000   1.0000        square
119.1999    0    1.000   1.0000          NULL 
120.1999    3    2.000   1.0000        circle
122.1999    0    1.000   1.0000          NULL 
123.1999    2    2.000   1.0000        square
125.1999    0    1.100   1.0000          NULL 
126.2999    3    2.000   1.0000        circle
128.2999    0    1.700   1.0000          NULL 
