  0.0000    4    2.000   1.0000        circle
  2.0000    0    1.500   1.0000          NULL 
  3.5000    2    2.000   1.0000        square
  5.5000    0    0.500   1.0000          NULL 
  6.0000    1    2.000   1.0000          line
  8.0000    0    1.000   1.0000          NULL 
  9.0000    4    2.000   1.0000        circle
 11.0000    0    0.500   1.0000          NULL 
 11.5000    1    2.000   1.0000          line
 13.5000    0    0.500   1.0000          NULL 
 14.0000    4    2.000   1.0000        circle
 16.0000    0    1.500   1.0000          NULL 
 17.5000    3    2.000   1.0000      triangle
 19.5000    0    0.500   1.0000          NULL 
 20.0000    2    2.000   1.0000        square
 22.0000    0    0.500   1.0000          NULL 
 22.5000    2    2.000   1.0000        square
 24.5000    0    0.500   1.0000          NULL 
 25.0000    2    2.000   1.0000        square
 27.0000    0    1.500   1.0000          NULL 
 28.5000    1    2.000   1.0000          line
 30.5000    0    3.000   1.0000          NULL 
 33.5000    3    2.000   1.0000      triangle
 35.5000    0    0.500   1.0000          NULL 
 36.0000    2    2.000   1.0000        square
 38.0000    0    3.000   1.0000          NULL 
 41.0000    1    2.000   1.0000          line
 43.0000    0    3.500   1.0000          NULL 
 46.5000    4    2.000   1.0000        circle
 48.5000    0    0.500   1.0000          NULL 
 49.0000    3    2.000   1.0000      triangle
 51.0000    0    2.000   1.0000          NULL 
 53.0000    1    2.000   1.0000          line
 55.0000    0    1.000   1.0000          NULL 
 56.0000    2    2.000   1.0000        square
 58.0000    0    1.500   1.0000          NULL 
 59.5000    2    2.000   1.0000        square
 61.5000    0    1.500   1.0000          NULL 
 63.0000    4    2.000   1.0000        circle
 65.0000    0    0.500   1.0000          NULL 
 65.5000    1    2.000   1.0000          line
 67.5000    0    1.500   1.0000          NULL 
 69.0000    4    2.000   1.0000        circle
 71.0000    0    3.500   1.0000          NULL 
 74.5000    3    2.000   1.0000      triangle
 76.5000    0    0.500   1.0000          NULL 
 77.0000    1    2.000   1.0000          line
 79.0000    0    2.500   1.0000          NULL 
 81.5000    3    2.000   1.0000      triangle
 83.5000    0    1.000   1.0000          NULL 
 84.5000    3    2.000   1.0000      triangle
 86.5000    0    2.500   1.0000          NULL 
 89.0000    3    2.000   1.0000      triangle
 91.0000    0    0.500   1.0000          NULL 
 91.5000    4    2.000   1.0000        circle
 93.5000    0    0.500   1.0000          NULL 
 94.0000    1    2.000   1.0000          line
 96.0000    0    0.500   1.0000          NULL 
 96.5000    2    2.000   1.0000        square
 98.5000    0    3.500   1.0000          NULL 
102.0000    2    2.000   1.0000        square
104.0000    0    0.500   1.0000          NULL 
104.5000    3    2.000   1.0000      triangle
106.5000    0    0.500   1.0000          NULL 
107.0000    4    2.000   1.0000        circle
109.0000    0    1.000   1.0000          NULL 
110.0000    4    2.000   1.0000        circle
112.0000    0    3.000   1.0000          NULL 
115.0000    2    2.000   1.0000        square
117.0000    0    2.500   1.0000          NULL 
119.5000    3    2.000   1.0000      triangle
121.5000    0    2.500   1.0000          NULL 
124.0000    2    2.000   1.0000        square
126.0000    0    0.500   1.0000          NULL 
126.5000    4    2.000   1.0000        circle
128.5000    0    1.000   1.0000          NULL 
129.5000    3    2.000   1.0000      triangle
131.5000    0    2.000   1.0000          NULL 
133.5000    4    2.000   1.0000        circle
135.5000    0    2.500   1.0000          NULL 
138.0000    1    2.000   1.0000          line
140.0000    0    1.000   1.0000          NULL 
141.0000    1    2.000   1.0000          line
143.0000    0    3.500   1.0000          NULL 
146.5000    2    2.000   1.0000        square
148.5000    0    3.000   1.0000          NULL 
151.5000    3    2.000   1.0000      triangle
153.5000    0    1.500   1.0000          NULL 
155.0000    1    2.000   1.0000          line
157.0000    0    4.000   1.0000          NULL 
161.0000    2    2.000   1.0000        square
163.0000    0    4.000   1.0000          NULL 
167.0000    1    2.000   1.0000          line
169.0000    0    0.500   1.0000          NULL 
169.5000    1    2.000   1.0000          line
171.5000    0    2.000   1.0000          NULL 
173.5000    3    2.000   1.0000      triangle
175.5000    0    0.500   1.0000          NULL 
176.0000    4    2.000   1.0000        circle
178.0000    0    2.500   1.0000          NULL 
180.5000    3    2.000   1.0000      triangle
182.5000    0    2.000   1.0000          NULL 
184.5000    1    2.000   1.0000          line
186.5000    0    2.500   1.0000          NULL 
189.0000    2    2.000   1.0000        square
191.0000    0    1.500   1.0000          NULL 
192.5000    4    2.000   1.0000        circle
194.5000    0    0.500   1.0000          NULL 
195.0000    4    2.000   1.0000        circle
197.0000    0    2.500   1.0000          NULL 
199.5000    2    2.000   1.0000        square
201.5000    0    2.000   1.0000          NULL 
203.5000    4    2.000   1.0000        circle
205.5000    0    1.000   1.0000          NULL 
206.5000    4    2.000   1.0000        circle
208.5000    0    1.500   1.0000          NULL 
210.0000    3    2.000   1.0000      triangle
212.0000    0    0.500   1.0000          NULL 
212.5000    4    2.000   1.0000        circle
214.5000    0    0.500   1.0000          NULL 
215.0000    2    2.000   1.0000        square
217.0000    0    0.500   1.0000          NULL 
217.5000    2    2.000   1.0000        square
219.5000    0    2.000   1.0000          NULL 
221.5000    2    2.000   1.0000        square
223.5000    0    2.500   1.0000          NULL 
226.0000    4    2.000   1.0000        circle
228.0000    0    0.500   1.0000          NULL 
228.5000    3    2.000   1.0000      triangle
230.5000    0    0.500   1.0000          NULL 
231.0000    3    2.000   1.0000      triangle
233.0000    0    1.500   1.0000          NULL 
234.5000    3    2.000   1.0000      triangle
236.5000    0    0.500   1.0000          NULL 
237.0000    4    2.000   1.0000        circle
239.0000    0    4.000   1.0000          NULL 
243.0000    1    2.000   1.0000          line
245.0000    0    1.000   1.0000          NULL 
246.0000    1    2.000   1.0000          line
248.0000    0    0.500   1.0000          NULL 
248.5000    1    2.000   1.0000          line
250.5000    0    0.500   1.0000          NULL 
251.0000    4    2.000   1.0000        circle
253.0000    0    1.000   1.0000          NULL 
254.0000    2    2.000   1.0000        square
256.0000    0    2.500   1.0000          NULL 
258.5000    2    2.000   1.0000        square
260.5000    0    0.500   1.0000          NULL 
261.0000    3    2.000   1.0000      triangle
263.0000    0    1.000   1.0000          NULL 
264.0000    1    2.000   1.0000          line
266.0000    0    0.500   1.0000          NULL 
266.5000    2    2.000   1.0000        square
268.5000    0    2.500   1.0000          NULL 
271.0000    2    2.000   1.0000        square
273.0000    0    0.500   1.0000          NULL 
273.5000    1    2.000   1.0000          line
275.5000    0    2.500   1.0000          NULL 
278.0000    3    2.000   1.0000      triangle
280.0000    0    0.500   1.0000          NULL 
280.5000    1    2.000   1.0000          line
282.5000    0    2.000   1.0000          NULL 
284.5000    4    2.000   1.0000        circle
286.5000    0    0.500   1.0000          NULL 
287.0000    4    2.000   1.0000        circle
289.0000    0    0.500   1.0000          NULL 
289.5000    1    2.000   1.0000          line
291.5000    0    2.500   1.0000          NULL 
294.0000    2    2.000   1.0000        square
296.0000    0    0.500   1.0000          NULL 
296.5000    3    2.000   1.0000      triangle
298.5000    0    3.000   1.0000          NULL 
301.5000    1    2.000   1.0000          line
303.5000    0    0.500   1.0000          NULL 
304.0000    1    2.000   1.0000          line
306.0000    0    0.500   1.0000          NULL 
306.5000    3    2.000   1.0000      triangle
308.5000    0    0.500   1.0000          NULL 
309.0000    2    2.000   1.0000        square
311.0000    0    3.500   1.0000          NULL 
314.5000    4    2.000   1.0000        circle
316.5000    0    0.500   1.0000          NULL 
317.0000    2    2.000   1.0000        square
319.0000    0    2.500   1.0000          NULL 
321.5000    4    2.000   1.0000        circle
323.5000    0    1.000   1.0000          NULL 
324.5000    4    2.000   1.0000        circle
326.5000    0    1.500   1.0000          NULL 
328.0000    2    2.000   1.0000        square
330.0000    0    0.500   1.0000          NULL 
330.5000    3    2.000   1.0000      triangle
332.5000    0    0.500   1.0000          NULL 
333.0000    1    2.000   1.0000          line
335.0000    0    1.000   1.0000          NULL 
336.0000    3    2.000   1.0000      triangle
338.0000    0    2.000   1.0000          NULL 
340.0000    1    2.000   1.0000          line
342.0000    0    1.500   1.0000          NULL 
343.5000    4    2.000   1.0000        circle
345.5000    0    3.000   1.0000          NULL 
348.5000    3    2.000   1.0000      triangle
350.5000    0    0.500   1.0000          NULL 
351.0000    3    2.000   1.0000      triangle
353.0000    0    1.000   1.0000          NULL 
354.0000    2    2.000   1.0000        square
356.0000    0    2.000   1.0000          NULL 
358.0000    4    2.000   1.0000        circle
360.0000    0    1.000   1.0000          NULL 
361.0000    1    2.000   1.0000          line
363.0000    0    0.500   1.0000          NULL 
363.5000    3    2.000   1.0000      triangle
365.5000    0    0.500   1.0000          NULL 
366.0000    4    2.000   1.0000        circle
368.0000    0    3.500   1.0000          NULL 
371.5000    4    2.000   1.0000        circle
373.5000    0    1.000   1.0000          NULL 
374.5000    3    2.000   1.0000      triangle
376.5000    0    1.000   1.0000          NULL 
377.5000    1    2.000   1.0000          line
379.5000    0    0.500   1.0000          NULL 
380.0000    1    2.000   1.0000          line
382.0000    0    3.000   1.0000          NULL 
385.0000    3    2.000   1.0000      triangle
387.0000    0    4.000   1.0000          NULL 
391.0000    1    2.000   1.0000          line
393.0000    0    2.000   1.0000          NULL 
395.0000    2    2.000   1.0000        square
397.0000    0    1.000   1.0000          NULL 
398.0000    2    2.000   1.0000        square
400.0000    0    0.500   1.0000          NULL 
400.5000    1    2.000   1.0000          line
402.5000    0    1.000   1.0000          NULL 
403.5000    4    2.000   1.0000        circle
405.5000    0    4.000   1.0000          NULL 
409.5000    3    2.000   1.0000      triangle
411.5000    0    0.500   1.0000          NULL 
412.0000    3    2.000   1.0000      triangle
414.0000    0    1.500   1.0000          NULL 
415.5000    2    2.000   1.0000        square
417.5000    0    2.500   1.0000          NULL 
