  0.0000    1    2.000   1.0000          line
  2.0000    0    0.500   1.0000          NULL 
  2.5000    3    2.000   1.0000      triangle
  4.5000    0    0.500   1.0000          NULL 
  5.0000    2    2.000   1.0000        square
  7.0000    0    0.500   1.0000          NULL 
  7.5000    3    2.000   1.0000      triangle
  9.5000    0    0.500   1.0000          NULL 
 10.0000    2    2.000   1.0000        square
 12.0000    0    3.500   1.0000          NULL 
 15.5000    1    2.000   1.0000          line
 17.5000    0    0.500   1.0000          NULL 
 18.0000    4    2.000   1.0000        circle
 20.0000    0    1.000   1.0000          NULL 
 21.0000    2    2.000   1.0000        square
 23.0000    0    0.500   1.0000          NULL 
 23.5000    2    2.000   1.0000        square
 25.5000    0    3.000   1.0000          NULL 
 28.5000    2    2.000   1.0000        square
 30.5000    0    0.500   1.0000          NULL 
 31.0000    4    2.000   1.0000        circle
 33.0000    0    3.500   1.0000          NULL 
 36.5000    1    2.000   1.0000          line
 38.5000    0    1.500   1.0000          NULL 
 40.0000    3    2.000   1.0000      triangle
 42.0000    0    1.000   1.0000          NULL 
 43.0000    1    2.000   1.0000          line
 45.0000    0    0.500   1.0000          NULL 
 45.5000    2    2.000   1.0000        square
 47.5000    0    1.000   1.0000          NULL 
 48.5000    2    2.000   1.0000        square
 50.5000    0    1.000   1.0000          NULL 
 51.5000    4    2.000   1.0000        circle
 53.5000    0    1.000   1.0000          NULL 
 54.5000    2    2.000   1.0000        square
 56.5000    0    3.500   1.0000          NULL 
 60.0000    2    2.000   1.0000        square
 62.0000    0    3.000   1.0000          NULL 
 65.0000    1    2.000   1.0000          line
 67.0000    0    2.000   1.0000          NULL 
 69.0000    1    2.000   1.0000          line
 71.0000    0    2.500   1.0000          NULL 
 73.5000    1    2.000   1.0000          line
 75.5000    0    0.500   1.0000          NULL 
 76.0000    3    2.000   1.0000      triangle
 78.0000    0    1.500   1.0000          NULL 
 79.5000    2    2.000   1.0000        square
 81.5000    0    1.000   1.0000          NULL 
 82.5000    4    2.000   1.0000        circle
 84.5000    0    0.500   1.0000          NULL 
 85.0000    1    2.000   1.0000          line
 87.0000    0    0.500   1.0000          NULL 
 87.5000    2    2.000   1.0000        square
 89.5000    0    0.500   1.0000          NULL 
 90.0000    3    2.000   1.0000      triangle
 92.0000    0    1.000   1.0000          NULL 
 93.0000    2    2.000   1.0000        square
 95.0000    0    2.000   1.0000          NULL 
 97.0000    2    2.000   1.0000        square
 99.0000    0    1.000   1.0000          NULL 
100.0000    3    2.000   1.0000      triangle
102.0000    0    2.500   1.0000          NULL 
104.5000    3    2.000   1.0000      triangle
106.5000    0    2.000   1.0000          NULL 
108.5000    1    2.000   1.0000          line
110.5000    0    1.000   1.0000          NULL 
111.5000    3    2.000   1.0000      triangle
113.5000    0    0.500   1.0000          NULL 
114.0000    3    2.000   1.0000      triangle
116.0000    0    0.500   1.0000          NULL 
116.5000    3    2.000   1.0000      triangle
118.5000    0    2.500   1.0000          NULL 
121.0000    2    2.000   1.0000        square
123.0000    0    2.500   1.0000          NULL 
125.5000    1    2.000   1.0000          line
127.5000    0    0.500   1.0000          NULL 
128.0000    2    2.000   1.0000        square
130.0000    0    1.000   1.0000          NULL 
131.0000    3    2.000   1.0000      triangle
133.0000    0    1.500   1.0000          NULL 
134.5000    1    2.000   1.0000          line
136.5000    0    0.500   1.0000          NULL 
137.0000    1    2.000   1.0000          line
139.0000    0    1.000   1.0000          NULL 
140.0000    4    2.000   1.0000        circle
142.0000    0    1.000   1.0000          NULL 
143.0000    2    2.000   1.0000        square
145.0000    0    1.000   1.0000          NULL 
146.0000    2    2.000   1.0000        square
148.0000    0    3.500   1.0000          NULL 
151.5000    1    2.000   1.0000          line
153.5000    0    1.500   1.0000          NULL 
155.0000    3    2.000   1.0000      triangle
157.0000    0    2.500   1.0000          NULL 
159.5000    4    2.000   1.0000        circle
161.5000    0    4.000   1.0000          NULL 
165.5000    3    2.000   1.0000      triangle
167.5000    0    0.500   1.0000          NULL 
168.0000    1    2.000   1.0000          line
170.0000    0    1.500   1.0000          NULL 
171.5000    1    2.000   1.0000          line
173.5000    0    4.000   1.0000          NULL 
177.5000    4    2.000   1.0000        circle
179.5000    0    0.500   1.0000          NULL 
180.0000    1    2.000   1.0000          line
182.0000    0    1.000   1.0000          NULL 
183.0000    3    2.000   1.0000      triangle
185.0000    0    0.500   1.0000          NULL 
185.5000    1    2.000   1.0000          line
187.5000    0    1.500   1.0000          NULL 
189.0000    2    2.000   1.0000        square
191.0000    0    2.500   1.0000          NULL 
193.5000    2    2.000   1.0000        square
195.5000    0    0.500   1.0000          NULL 
196.0000    3    2.000   1.0000      triangle
198.0000    0    0.500   1.0000          NULL 
198.5000    3    2.000   1.0000      triangle
200.5000    0    1.000   1.0000          NULL 
201.5000    4    2.000   1.0000        circle
203.5000    0    0.500   1.0000          NULL 
204.0000    2    2.000   1.0000        square
206.0000    0    0.500   1.0000          NULL 
206.5000    3    2.000   1.0000      triangle
208.5000    0    2.000   1.0000          NULL 
210.5000    4    2.000   1.0000        circle
212.5000    0    1.500   1.0000          NULL 
214.0000    4    2.000   1.0000        circle
216.0000    0    0.500   1.0000          NULL 
216.5000    4    2.000   1.0000        circle
218.5000    0    2.500   1.0000          NULL 
221.0000    3    2.000   1.0000      triangle
223.0000    0    1.500   1.0000          NULL 
224.5000    1    2.000   1.0000          line
226.5000    0    2.000   1.0000          NULL 
228.5000    3    2.000   1.0000      triangle
230.5000    0    2.500   1.0000          NULL 
233.0000    1    2.000   1.0000          line
235.0000    0    0.500   1.0000          NULL 
235.5000    4    2.000   1.0000        circle
237.5000    0    2.000   1.0000          NULL 
239.5000    3    2.000   1.0000      triangle
241.5000    0    2.500   1.0000          NULL 
244.0000    3    2.000   1.0000      triangle
246.0000    0    1.000   1.0000          NULL 
247.0000    4    2.000   1.0000        circle
249.0000    0    1.000   1.0000          NULL 
250.0000    4    2.000   1.0000        circle
252.0000    0    0.500   1.0000          NULL 
252.5000    3    2.000   1.0000      triangle
254.5000    0    1.500   1.0000          NULL 
256.0000    1    2.000   1.0000          line
258.0000    0    1.500   1.0000          NULL 
259.5000    1    2.000   1.0000          line
261.5000    0    1.000   1.0000          NULL 
262.5000    1    2.000   1.0000          line
264.5000    0    3.500   1.0000          NULL 
268.0000    4    2.000   1.0000        circle
270.0000    0    4.000   1.0000          NULL 
274.0000    4    2.000   1.0000        circle
276.0000    0    1.500   1.0000          NULL 
277.5000    2    2.000   1.0000        square
279.5000    0    1.500   1.0000          NULL 
281.0000    2    2.000   1.0000        square
283.0000    0    4.000   1.0000          NULL 
287.0000    4    2.000   1.0000        circle
289.0000    0    1.000   1.0000          NULL 
290.0000    4    2.000   1.0000        circle
292.0000    0    1.500   1.0000          NULL 
293.5000    2    2.000   1.0000        square
295.5000    0    1.000   1.0000          NULL 
296.5000    1    2.000   1.0000          line
298.5000    0    2.000   1.0000          NULL 
300.5000    4    2.000   1.0000        circle
302.5000    0    3.000   1.0000          NULL 
305.5000    4    2.000   1.0000        circle
307.5000    0    3.500   1.0000          NULL 
311.0000    4    2.000   1.0000        circle
313.0000    0    0.500   1.0000          NULL 
313.5000    3    2.000   1.0000      triangle
315.5000    0    1.000   1.0000          NULL 
316.5000    4    2.000   1.0000        circle
318.5000    0    2.500   1.0000          NULL 
321.0000    4    2.000   1.0000        circle
323.0000    0    1.000   1.0000          NULL 
324.0000    2    2.000   1.0000        square
326.0000    0    2.000   1.0000          NULL 
328.0000    3    2.000   1.0000      triangle
330.0000    0    4.000   1.0000          NULL 
334.0000    1    2.000   1.0000          line
336.0000    0    0.500   1.0000          NULL 
336.5000    1    2.000   1.0000          line
338.5000    0    2.500   1.0000          NULL 
341.0000    3    2.000   1.0000      triangle
343.0000    0    0.500   1.0000          NULL 
343.5000    1    2.000   1.0000          line
345.5000    0    1.000   1.0000          NULL 
346.5000    1    2.000   1.0000          line
348.5000    0    1.000   1.0000          NULL 
349.5000    4    2.000   1.0000        circle
351.5000    0    2.000   1.0000          NULL 
353.5000    2    2.000   1.0000        square
355.5000    0    0.500   1.0000          NULL 
356.0000    1    2.000   1.0000          line
358.0000    0    3.000   1.0000          NULL 
361.0000    1    2.000   1.0000          line
363.0000    0    0.500   1.0000          NULL 
363.5000    3    2.000   1.0000      triangle
365.5000    0    1.500   1.0000          NULL 
367.0000    4    2.000   1.0000        circle
369.0000    0    0.500   1.0000          NULL 
369.5000    2    2.000   1.0000        square
371.5000    0    1.500   1.0000          NULL 
373.0000    4    2.000   1.0000        circle
375.0000    0    0.500   1.0000          NULL 
375.5000    4    2.000   1.0000        circle
377.5000    0    1.500   1.0000          NULL 
379.0000    1    2.000   1.0000          line
381.0000    0    1.500   1.0000          NULL 
382.5000    2    2.000   1.0000        square
384.5000    0    2.500   1.0000          NULL 
387.0000    3    2.000   1.0000      triangle
389.0000    0    3.000   1.0000          NULL 
392.0000    3    2.000   1.0000      triangle
394.0000    0    0.500   1.0000          NULL 
394.5000    4    2.000   1.0000        circle
396.5000    0    1.000   1.0000          NULL 
397.5000    2    2.000   1.0000        square
399.5000    0    1.000   1.0000          NULL 
400.5000    3    2.000   1.0000      triangle
402.5000    0    2.000   1.0000          NULL 
404.5000    4    2.000   1.0000        circle
406.5000    0    0.500   1.0000          NULL 
407.0000    3    2.000   1.0000      triangle
409.0000    0    0.500   1.0000          NULL 
409.5000    2    2.000   1.0000        square
411.5000    0    0.500   1.0000          NULL 
412.0000    4    2.000   1.0000        circle
414.0000    0    3.000   1.0000          NULL 
417.0000    2    2.000   1.0000        square
419.0000    0    1.000   1.0000          NULL 
