  0.0000    2    2.000   1.0000        square
  2.0000    0    1.000   1.0000          NULL 
  3.0000    2    2.000   1.0000        square
  5.0000    0    1.300   1.0000          NULL 
  6.3000    3    2.000   1.0000        circle
  8.3000    0    1.100   1.0000          NULL 
  9.4000    1    2.000   1.0000          line
 11.4000    0    1.500   1.0000          NULL 
 12.9000    1    2.000   1.0000          line
 14.9000    0    1.100   1.0000          NULL 
 16.0000    1    2.000   1.0000          line
 18.0000    0    1.300   1.0000          NULL 
 19.3000    4    2.000   1.0000      triangle
 21.3000    0    1.200   1.0000          NULL 
 22.5000    1    2.000   1.0000          line
 24.5000    0    1.000   1.0000          NULL 
 25.5000    4    2.000   1.0000      triangle
 27.5000    0    1.200   1.0000          NULL 
 28.7000    3    2.000   1.0000        circle
 30.7000    0    1.600   1.0000          NULL 
 32.3000    4    2.000   1.0000      triangle
 34.3000    0    1.400   1.0000          NULL 
 35.7000    2    2.000   1.0000        square
 37.7000    0    1.100   1.0000          NULL 
 38.8000    3    2.000   1.0000        circle
 40.8000    0    1.100   1.0000          NULL 
 41.9000    4    2.000   1.0000      triangle
 43.9000    0    1.300   1.0000          NULL 
 45.2000    3    2.000   1.0000        circle
 47.2000    0    1.400   1.0000          NULL 
 48.6000    2    2.000   1.0000        square
 50.6000    0    1.100   1.0000          NULL 
 51.7000    2    2.000   1.0000        square
 53.7000    0    1.100   1.0000          NULL 
 54.8000    1    2.000   1.0000          line
 56.8000    0    1.000   1.0000          NULL 
 57.8000    2    2.000   1.0000        square
 59.8000    0    1.000   1.0000          NULL 
 60.8000    4    2.000   1.0000      triangle
 62.8000    0    1.100   1.0000          NULL 
 63.9000    2    2.000   1.0000        square
 65.9000    0    1.000   1.0000          NULL 
 66.9000    2    2.000   1.0000        square
 68.9000    0    1.900   1.0000          NULL 
 70.8000    4    2.000   1.0000      triangle
 72.8000    0    1.000   1.0000          NULL 
 73.8000    4    2.000   1.0000      triangle
 75.8000    0    1.500   1.0000          NULL 
 77.3000    4    2.000   1.0000      triangle
 79.3000    0    1.000   1.0000          NULL 
 80.3000    3    2.000   1.0000        circle
 82.3000    0    1.100   1.0000          NULL 
 83.4000    3    2.000   1.0000        circle
 85.4000    0    1.600   1.0000          NULL 
 86.9999    4    2.000   1.0000      triangle
 88.9999    0    1.300   1.0000          NULL 
 90.2999    1    2.000   1.0000          line
 92.2999    0    1.400   1.0000          NULL 
 93.6999    1    2.000   1.0000          line
 95.6999    0    1.900   1.0000          NULL 
 97.5999    3    2.000   1.0000        circle
 99.5999    0    1.200   1.0000          NULL 
100.7999    3    2.000   1.0000        circle
102.7999    0    1.200   1.0000          NULL 
103.9999    2    2.000   1.0000        square
105.9999    0    1.600   1.0000          NULL 
107.5999    1    2.000   1.0000          line
109.5999    0    1.100   1.0000          NULL 
110.6999    3    2.000   1.0000        circle
112.6999    0    1.800   1.0000          NULL 
114.4999    1    2.000   1.0000          line
116.4999    0    1.200   1.0000          NULL 
117.6999    3    2.000   1.0000        circle
119.6999    0    1.100   1.0000          NULL 
120.7999    1    2.000   1.0000          line
122.7999    0    1.000   1.0000          NULL 
123.7999    2    2.000   1.0000        square
125.7999    0    1.100   1.0000          NULL 
126.8999    4    2.000   1.0000      triangle
128.8999    0    1.100   1.0000          NULL 
