  0.0000    2    2.000   1.0000        square
  2.0000    0    0.500   1.0000          NULL 
  2.5000    2    2.000   1.0000        square
  4.5000    0    1.000   1.0000          NULL 
  5.5000    4    2.000   1.0000        circle
  7.5000    0    2.000   1.0000          NULL 
  9.5000    1    2.000   1.0000          line
 11.5000    0    4.000   1.0000          NULL 
 15.5000    2    2.000   1.0000        square
 17.5000    0    2.500   1.0000          NULL 
 20.0000    4    2.000   1.0000        circle
 22.0000    0    1.500   1.0000          NULL 
 23.5000    4    2.000   1.0000        circle
 25.5000    0    2.500   1.0000          NULL 
 28.0000    2    2.000   1.0000        square
 30.0000    0    1.000   1.0000          NULL 
 31.0000    3    2.000   1.0000      triangle
 33.0000    0    1.500   1.0000          NULL 
 34.5000    2    2.000   1.0000        square
 36.5000    0    4.000   1.0000          NULL 
 40.5000    3    2.000   1.0000      triangle
 42.5000    0    0.500   1.0000          NULL 
 43.0000    4    2.000   1.0000        circle
 45.0000    0    4.000   1.0000          NULL 
 49.0000    1    2.000   1.0000          line
 51.0000    0    0.500   1.0000          NULL 
 51.5000    1    2.000   1.0000          line
 53.5000    0    0.500   1.0000          NULL 
 54.0000    3    2.000   1.0000      triangle
 56.0000    0    0.500   1.0000          NULL 
 56.5000    2    2.000   1.0000        square
 58.5000    0    1.000   1.0000          NULL 
 59.5000    2    2.000   1.0000        square
 61.5000    0    1.500   1.0000          NULL 
 63.0000    2    2.000   1.0000        square
 65.0000    0    1.000   1.0000          NULL 
 66.0000    4    2.000   1.0000        circle
 68.0000    0    1.500   1.0000          NULL 
 69.5000    3    2.000   1.0000      triangle
 71.5000    0    1.500   1.0000          NULL 
 73.0000    2    2.000   1.0000        square
 75.0000    0    0.500   1.0000          NULL 
 75.5000    3    2.000   1.0000      triangle
 77.5000    0    1.000   1.0000          NULL 
 78.5000    2    2.000   1.0000        square
 80.5000    0    1.500   1.0000          NULL 
 82.0000    3    2.000   1.0000      triangle
 84.0000    0    0.500   1.0000          NULL 
 84.5000    1    2.000   1.0000          line
 86.5000    0    1.500   1.0000          NULL 
 88.0000    2    2.000   1.0000        square
 90.0000    0    1.000   1.0000          NULL 
 91.0000    1    2.000   1.0000          line
 93.0000    0    1.500   1.0000          NULL 
 94.5000    1    2.000   1.0000          line
 96.5000    0    1.000   1.0000          NULL 
 97.5000    4    2.000   1.0000        circle
 99.5000    0    3.500   1.0000          NULL 
103.0000    2    2.000   1.0000        square
105.0000    0    2.500   1.0000          NULL 
107.5000    1    2.000   1.0000          line
109.5000    0    0.500   1.0000          NULL 
110.0000    3    2.000   1.0000      triangle
112.0000    0    1.000   1.0000          NULL 
113.0000    1    2.000   1.0000          line
115.0000    0    2.500   1.0000          NULL 
117.5000    3    2.000   1.0000      triangle
119.5000    0    1.000   1.0000          NULL 
120.5000    3    2.000   1.0000      triangle
122.5000    0    2.000   1.0000          NULL 
124.5000    2    2.000   1.0000        square
126.5000    0    1.500   1.0000          NULL 
128.0000    4    2.000   1.0000        circle
130.0000    0    4.000   1.0000          NULL 
134.0000    3    2.000   1.0000      triangle
136.0000    0    3.000   1.0000          NULL 
139.0000    4    2.000   1.0000        circle
141.0000    0    0.500   1.0000          NULL 
141.5000    3    2.000   1.0000      triangle
143.5000    0    0.500   1.0000          NULL 
144.0000    4    2.000   1.0000        circle
146.0000    0    2.500   1.0000          NULL 
148.5000    3    2.000   1.0000      triangle
150.5000    0    2.000   1.0000          NULL 
152.5000    1    2.000   1.0000          line
154.5000    0    2.000   1.0000          NULL 
156.5000    2    2.000   1.0000        square
158.5000    0    1.500   1.0000          NULL 
160.0000    2    2.000   1.0000        square
162.0000    0    4.000   1.0000          NULL 
166.0000    4    2.000   1.0000        circle
168.0000    0    4.000   1.0000          NULL 
172.0000    4    2.000   1.0000        circle
174.0000    0    2.000   1.0000          NULL 
176.0000    1    2.000   1.0000          line
178.0000    0    2.500   1.0000          NULL 
180.5000    1    2.000   1.0000          line
182.5000    0    1.500   1.0000          NULL 
184.0000    3    2.000   1.0000      triangle
186.0000    0    2.500   1.0000          NULL 
188.5000    4    2.000   1.0000        circle
190.5000    0    0.500   1.0000          NULL 
191.0000    2    2.000   1.0000        square
193.0000    0    0.500   1.0000          NULL 
193.5000    1    2.000   1.0000          line
195.5000    0    2.000   1.0000          NULL 
197.5000    4    2.000   1.0000        circle
199.5000    0    0.500   1.0000          NULL 
200.0000    4    2.000   1.0000        circle
202.0000    0    2.500   1.0000          NULL 
204.5000    4    2.000   1.0000        circle
206.5000    0    0.500   1.0000          NULL 
207.0000    1    2.000   1.0000          line
209.0000    0    3.500   1.0000          NULL 
212.5000    2    2.000   1.0000        square
214.5000    0    3.000   1.0000          NULL 
217.5000    2    2.000   1.0000        square
219.5000    0    0.500   1.0000          NULL 
220.0000    1    2.000   1.0000          line
222.0000    0    0.500   1.0000          NULL 
222.5000    1    2.000   1.0000          line
224.5000    0    3.000   1.0000          NULL 
227.5000    1    2.000   1.0000          line
229.5000    0    0.500   1.0000          NULL 
230.0000    2    2.000   1.0000        square
232.0000    0    0.500   1.0000          NULL 
232.5000    1    2.000   1.0000          line
234.5000    0    1.000   1.0000          NULL 
235.5000    1    2.000   1.0000          line
237.5000    0    1.500   1.0000          NULL 
239.0000    3    2.000   1.0000      triangle
241.0000    0    1.000   1.0000          NULL 
242.0000    1    2.000   1.0000          line
244.0000    0    2.000   1.0000          NULL 
246.0000    3    2.000   1.0000      triangle
248.0000    0    2.000   1.0000          NULL 
250.0000    1    2.000   1.0000          line
252.0000    0    0.500   1.0000          NULL 
252.5000    3    2.000   1.0000      triangle
254.5000    0    0.500   1.0000          NULL 
255.0000    2    2.000   1.0000        square
257.0000    0    0.500   1.0000          NULL 
257.5000    2    2.000   1.0000        square
259.5000    0    1.000   1.0000          NULL 
260.5000    4    2.000   1.0000        circle
262.5000    0    0.500   1.0000          NULL 
263.0000    3    2.000   1.0000      triangle
265.0000    0    1.000   1.0000          NULL 
266.0000    2    2.000   1.0000        square
268.0000    0    0.500   1.0000          NULL 
268.5000    3    2.000   1.0000      triangle
270.5000    0    1.000   1.0000          NULL 
271.5000    2    2.000   1.0000        square
273.5000    0    1.000   1.0000          NULL 
274.5000    4    2.000   1.0000        circle
276.5000    0    1.500   1.0000          NULL 
278.0000    3    2.000   1.0000      triangle
280.0000    0    1.500   1.0000          NULL 
281.5000    3    2.000   1.0000      triangle
283.5000    0    2.500   1.0000          NULL 
286.0000    1    2.000   1.0000          line
288.0000    0    0.500   1.0000          NULL 
288.5000    3    2.000   1.0000      triangle
290.5000    0    1.500   1.0000          NULL 
292.0000    2    2.000   1.0000        square
294.0000    0    0.500   1.0000          NULL 
294.5000    4    2.000   1.0000        circle
296.5000    0    0.500   1.0000          NULL 
297.0000    1    2.000   1.0000          line
299.0000    0    3.000   1.0000          NULL 
302.0000    1    2.000   1.0000          line
304.0000    0    1.000   1.0000          NULL 
305.0000    4    2.000   1.0000        circle
307.0000    0    2.500   1.0000          NULL 
309.5000    3    2.000   1.0000      triangle
311.5000    0    4.000   1.0000          NULL 
315.5000    4    2.000   1.0000        circle
317.5000    0    1.000   1.0000          NULL 
318.5000    4    2.000   1.0000        circle
320.5000    0    2.000   1.0000          NULL 
322.5000    1    2.000   1.0000          line
324.5000    0    4.000   1.0000          NULL 
328.5000    4    2.000   1.0000        circle
330.5000    0    0.500   1.0000          NULL 
331.0000    4    2.000   1.0000        circle
333.0000    0    0.500   1.0000          NULL 
333.5000    2    2.000   1.0000        square
335.5000    0    2.000   1.0000          NULL 
337.5000    4    2.000   1.0000        circle
339.5000    0    0.500   1.0000          NULL 
340.0000    1    2.000   1.0000          line
342.0000    0    2.500   1.0000          NULL 
344.5000    2    2.000   1.0000        square
346.5000    0    2.500   1.0000          NULL 
349.0000    2    2.000   1.0000        square
351.0000    0    0.500   1.0000          NULL 
351.5000    3    2.000   1.0000      triangle
353.5000    0    1.500   1.0000          NULL 
355.0000    3    2.000   1.0000      triangle
357.0000    0    0.500   1.0000          NULL 
357.5000    4    2.000   1.0000        circle
359.5000    0    0.500   1.0000          NULL 
360.0000    4    2.000   1.0000        circle
362.0000    0    0.500   1.0000          NULL 
362.5000    3    2.000   1.0000      triangle
364.5000    0    2.000   1.0000          NULL 
366.5000    3    2.000   1.0000      triangle
368.5000    0    0.500   1.0000          NULL 
369.0000    2    2.000   1.0000        square
371.0000    0    1.000   1.0000          NULL 
372.0000    1    2.000   1.0000          line
374.0000    0    1.000   1.0000          NULL 
375.0000    4    2.000   1.0000        circle
377.0000    0    0.500   1.0000          NULL 
377.5000    3    2.000   1.0000      triangle
379.5000    0    1.500   1.0000          NULL 
381.0000    3    2.000   1.0000      triangle
383.0000    0    0.500   1.0000          NULL 
383.5000    1    2.000   1.0000          line
385.5000    0    1.000   1.0000          NULL 
386.5000    4    2.000   1.0000        circle
388.5000    0    0.500   1.0000          NULL 
389.0000    3    2.000   1.0000      triangle
391.0000    0    1.500   1.0000          NULL 
392.5000    4    2.000   1.0000        circle
394.5000    0    2.000   1.0000          NULL 
396.5000    3    2.000   1.0000      triangle
398.5000    0    1.000   1.0000          NULL 
399.5000    4    2.000   1.0000        circle
401.5000    0    1.500   1.0000          NULL 
403.0000    1    2.000   1.0000          line
405.0000    0    3.000   1.0000          NULL 
408.0000    2    2.000   1.0000        square
410.0000    0    1.000   1.0000          NULL 
411.0000    1    2.000   1.0000          line
413.0000    0    1.500   1.0000          NULL 
414.5000    2    2.000   1.0000        square
416.5000    0    0.500   1.0000          NULL 
417.0000    1    2.000   1.0000          line
419.0000    0    1.000   1.0000          NULL 
