  0.0000    4    2.000   1.0000      triangle
  2.0000    0    1.000   1.0000          NULL 
  3.0000    3    2.000   1.0000        circle
  5.0000    0    1.200   1.0000          NULL 
  6.2000    2    2.000   1.0000        square
  8.2000    0    1.000   1.0000          NULL 
  9.2000    1    2.000   1.0000          line
 11.2000    0    1.000   1.0000          NULL 
 12.2000    2    2.000   1.0000        square
 14.2000    0    1.300   1.0000          NULL 
 15.5000    1    2.000   1.0000          line
 17.5000    0    1.100   1.0000          NULL 
 18.6000    2    2.000   1.0000        square
 20.6000    0    1.100   1.0000          NULL 
 21.7000    4    2.000   1.0000      triangle
 23.7000    0    1.500   1.0000          NULL 
 25.2000    2    2.000   1.0000        square
 27.2000    0    1.000   1.0000          NULL 
 28.2000    2    2.000   1.0000        square
 30.2000    0    1.500   1.0000          NULL 
 31.7000    2    2.000   1.0000        square
 33.7000    0    2.000   1.0000          NULL 
 35.7000    2    2.000   1.0000        square
 37.7000    0    1.000   1.0000          NULL 
 38.7000    4    2.000   1.0000      triangle
 40.7000    0    1.200   1.0000          NULL 
 41.9000    2    2.000   1.0000        square
 43.9000    0    1.000   1.0000          NULL 
 44.9000    3    2.000   1.0000        circle
 46.9000    0    1.200   1.0000          NULL 
 48.1000    3    2.000   1.0000        circle
 50.1000    0    1.200   1.0000          NULL 
 51.3000    1    2.000   1.0000          line
 53.3000    0    1.100   1.0000          NULL 
 54.4000    3    2.000   1.0000        circle
 56.4000    0    1.000   1.0000          NULL 
 57.4000    4    2.000   1.0000      triangle
 59.4000    0    1.200   1.0000          NULL 
 60.6000    4    2.000   1.0000      triangle
 62.6000    0    1.500   1.0000          NULL 
 64.1000    3    2.000   1.0000        circle
 66.1000    0    1.800   1.0000          NULL 
 67.9000    1    2.000   1.0000          line
 69.9000    0    1.000   1.0000          NULL 
 70.9000    3    2.000   1.0000        circle
 72.9000    0    1.100   1.0000          NULL 
 74.0000    4    2.000   1.0000      triangle
 76.0000    0    2.000   1.0000          NULL 
 77.9999    3    2.000   1.0000        circle
 79.9999    0    1.000   1.0000          NULL 
 80.9999    1    2.000   1.0000          line
 82.9999    0    1.900   1.0000          NULL 
 84.8999    1    2.000   1.0000          line
 86.8999    0    1.000   1.0000          NULL 
 87.8999    3    2.000   1.0000        circle
 89.8999    0    1.000   1.0000          NULL 
 90.8999    1    2.000   1.0000          line
 92.8999    0    1.500   1.0000          NULL 
 94.3999    1    2.000   1.0000          line
 96.3999    0    1.200   1.0000          NULL 
 97.5999    4    2.000   1.0000      triangle
 99.5999    0    1.300   1.0000          NULL 
100.8999    4    2.000   1.0000      triangle
102.8999    0    1.000   1.0000          NULL 
103.8999    3    2.000   1.0000        circle
105.8999    0    1.500   1.0000          NULL 
107.3999    4    2.000   1.0000      triangle
109.3999    0    1.000   1.0000          NULL 
110.3999    1    2.000   1.0000          line
112.3999    0    1.400   1.0000          NULL 
113.7999    4    2.000   1.0000      triangle
115.7999    0    1.000   1.0000          NULL 
116.7999    2    2.000   1.0000        square
118.7999    0    1.700   1.0000          NULL 
120.4999    3    2.000   1.0000        circle
122.4999    0    1.500   1.0000          NULL 
123.9999    2    2.000   1.0000        square
125.9999    0    1.000   1.0000          NULL 
126.9999    1    2.000   1.0000          line
128.9999    0    1.000   1.0000          NULL 
