  0.0000    2    2.000   1.0000        square
  2.0000    0    1.000   1.0000          NULL 
  3.0000    3    2.000   1.0000        circle
  5.0000    0    1.000   1.0000          NULL 
  6.0000    2    2.000   1.0000        square
  8.0000    0    1.400   1.0000          NULL 
  9.4000    3    2.000   1.0000        circle
 11.4000    0    1.700   1.0000          NULL 
 13.1000    1    2.000   1.0000          line
 15.1000    0    1.500   1.0000          NULL 
 16.6000    2    2.000   1.0000        square
 18.6000    0    1.200   1.0000          NULL 
 19.8000    1    2.000   1.0000          line
 21.8000    0    1.500   1.0000          NULL 
 23.3000    4    2.000   1.0000      triangle
 25.3000    0    1.000   1.0000          NULL 
 26.3000    4    2.000   1.0000      triangle
 28.3000    0    1.000   1.0000          NULL 
 29.3000    3    2.000   1.0000        circle
 31.3000    0    1.200   1.0000          NULL 
 32.5000    1    2.000   1.0000          line
 34.5000    0    1.000   1.0000          NULL 
 35.5000    1    2.000   1.0000          line
 37.5000    0    1.100   1.0000          NULL 
 38.6000    2    2.000   1.0000        square
 40.6000    0    1.500   1.0000          NULL 
 42.1000    3    2.000   1.0000        circle
 44.1000    0    1.100   1.0000          NULL 
 45.2000    2    2.000   1.0000        square
 47.2000    0    1.800   1.0000          NULL 
 49.0000    2    2.000   1.0000        square
 51.0000    0    1.100   1.0000          NULL 
 52.1000    4    2.000   1.0000      triangle
 54.1000    0    1.600   1.0000          NULL 
 55.7000    1    2.000   1.0000          line
 57.7000    0    1.100   1.0000          NULL 
 58.8000    1    2.000   1.0000          line
 60.8000    0    1.000   1.0000          NULL 
 61.8000    4    2.000   1.0000      triangle
 63.8000    0    1.000   1.0000          NULL 
 64.8000    3    2.000   1.0000        circle
 66.8000    0    1.300   1.0000          NULL 
 68.1000    1    2.000   1.0000          line
 70.1000    0    1.300   1.0000          NULL 
 71.4000    3    2.000   1.0000        circle
 73.4000    0    1.000   1.0000          NULL 
 74.4000    3    2.000   1.0000        circle
 76.4000    0    1.300   1.0000          NULL 
 77.7000    3    2.000   1.0000        circle
 79.7000    0    1.300   1.0000          NULL 
 81.0000    4    2.000   1.0000      triangle
 83.0000    0    1.200   1.0000          NULL 
 84.2000    2    2.000   1.0000        square
 86.2000    0    1.000   1.0000          NULL 
 87.2000    4    2.000   1.0000      triangle
 89.2000    0    1.200   1.0000          NULL 
 90.3999    4    2.000   1.0000      triangle
 92.3999    0    1.000   1.0000          NULL 
 93.3999    1    2.000   1.0000          line
 95.3999    0    1.000   1.0000          NULL 
 96.3999    1    2.000   1.0000          line
 98.3999    0    1.000   1.0000          NULL 
 99.3999    3    2.000   1.0000        circle
101.3999    0    1.800   1.0000          NULL 
103.1999    2    2.000   1.0000        square
105.1999    0    1.100   1.0000          NULL 
106.2999    1    2.000   1.0000          line
108.2999    0    2.000   1.0000          NULL 
110.2999    4    2.000   1.0000      triangle
112.2999    0    1.100   1.0000          NULL 
113.3999    4    2.000   1.0000      triangle
115.3999    0    1.000   1.0000          NULL 
116.3999    2    2.000   1.0000        square
118.3999    0    1.200   1.0000          NULL 
119.5999    3    2.000   1.0000        circle
121.5999    0    1.000   1.0000          NULL 
122.5999    2    2.000   1.0000        square
124.5999    0    1.200   1.0000          NULL 
125.7999    4    2.000   1.0000      triangle
127.7999    0    2.200   1.0000          NULL 
