  0.0000    4    2.000   1.0000      triangle
  2.0000    0    1.100   1.0000          NULL 
  3.1000    3    2.000   1.0000        circle
  5.1000    0    1.200   1.0000          NULL 
  6.3000    2    2.000   1.0000        square
  8.3000    0    1.500   1.0000          NULL 
  9.8000    4    2.000   1.0000      triangle
 11.8000    0    1.500   1.0000          NULL 
 13.3000    1    2.000   1.0000          line
 15.3000    0    1.300   1.0000          NULL 
 16.6000    2    2.000   1.0000        square
 18.6000    0    1.000   1.0000          NULL 
 19.6000    2    2.000   1.0000        square
 21.6000    0    1.700   1.0000          NULL 
 23.3000    3    2.000   1.0000        circle
 25.3000    0    1.000   1.0000          NULL 
 26.3000    4    2.000   1.0000      triangle
 28.3000    0    1.000   1.0000          NULL 
 29.3000    4    2.000   1.0000      triangle
 31.3000    0    1.400   1.0000          NULL 
 32.7000    2    2.000   1.0000        square
 34.7000    0    1.100   1.0000          NULL 
 35.8000    3    2.000   1.0000        circle
 37.8000    0    1.400   1.0000          NULL 
 39.2000    2    2.000   1.0000        square
 41.2000    0    1.100   1.0000          NULL 
 42.3000    2    2.000   1.0000        square
 44.3000    0    1.000   1.0000          NULL 
 45.3000    1    2.000   1.0000          line
 47.3000    0    1.000   1.0000          NULL 
 48.3000    1    2.000   1.0000          line
 50.3000    0    1.000   1.0000          NULL 
 51.3000    3    2.000   1.0000        circle
 53.3000    0    1.000   1.0000          NULL 
 54.3000    4    2.000   1.0000      triangle
 56.3000    0    1.000   1.0000          NULL 
 57.3000    3    2.000   1.0000        circle
 59.3000    0    1.700   1.0000          NULL 
 61.0000    2    2.000   1.0000        square
 63.0000    0    1.200   1.0000          NULL 
 64.2000    4    2.000   1.0000      triangle
 66.2000    0    1.000   1.0000          NULL 
 67.2000    3    2.000   1.0000        circle
 69.2000    0    1.200   1.0000          NULL 
 70.4000    1    2.000   1.0000          line
 72.4000    0    1.000   1.0000          NULL 
 73.4000    4    2.000   1.0000      triangle
 75.4000    0    1.700   1.0000          NULL 
 77.1000    4    2.000   1.0000      triangle
 79.1000    0    1.000   1.0000          NULL 
 80.1000    3    2.000   1.0000        circle
 82.1000    0    1.600   1.0000          NULL 
 83.7000    3    2.000   1.0000        circle
 85.7000    0    1.000   1.0000          NULL 
 86.7000    2    2.000   1.0000        square
 88.7000    0    1.900   1.0000          NULL 
 90.5999    1    2.000   1.0000          line
 92.5999    0    1.000   1.0000          NULL 
 93.5999    1    2.000   1.0000          line
 95.5999    0    1.100   1.0000          NULL 
 96.6999    1    2.000   1.0000          line
 98.6999    0    1.400   1.0000          NULL 
100.0999    2    2.000   1.0000        square
102.0999    0    1.400   1.0000          NULL 
103.4999    4    2.000   1.0000      triangle
105.4999    0    1.000   1.0000          NULL 
106.4999    1    2.000   1.0000          line
108.4999    0    1.000   1.0000          NULL 
109.4999    4    2.000   1.0000      triangle
111.4999    0    2.000   1.0000          NULL 
113.4999    1    2.000   1.0000          line
115.4999    0    1.200   1.0000          NULL 
116.6999    2    2.000   1.0000        square
118.6999    0    1.200   1.0000          NULL 
119.8999    1    2.000   1.0000          line
121.8999    0    1.600   1.0000          NULL 
123.4999    3    2.000   1.0000        circle
125.4999    0    1.100   1.0000          NULL 
126.5999    3    2.000   1.0000        circle
128.5999    0    1.400   1.0000          NULL 
