  0.0000    1    2.000   1.0000          line
  2.0000    0    1.100   1.0000          NULL 
  3.1000    2    2.000   1.0000        square
  5.1000    0    1.800   1.0000          NULL 
  6.9000    1    2.000   1.0000          line
  8.9000    0    1.000   1.0000          NULL 
  9.9000    2    2.000   1.0000        square
 11.9000    0    1.000   1.0000          NULL 
 12.9000    2    2.000   1.0000        square
 14.9000    0    1.200   1.0000          NULL 
 16.1000    4    2.000   1.0000      triangle
 18.1000    0    1.000   1.0000          NULL 
 19.1000    4    2.000   1.0000      triangle
 21.1000    0    1.600   1.0000          NULL 
 22.7000    2    2.000   1.0000        square
 24.7000    0    1.100   1.0000          NULL 
 25.8000    2    2.000   1.0000        square
 27.8000    0    1.200   1.0000          NULL 
 29.0000    4    2.000   1.0000      triangle
 31.0000    0    1.000   1.0000          NULL 
 32.0000    3    2.000   1.0000        circle
 34.0000    0    1.500   1.0000          NULL 
 35.5000    4    2.000   1.0000      triangle
 37.5000    0    1.500   1.0000          NULL 
 39.0000    4    2.000   1.0000      triangle
 41.0000    0    2.000   1.0000          NULL 
 43.0000    3    2.000   1.0000        circle
 45.0000    0    1.000   1.0000          NULL 
 46.0000    1    2.000   1.0000          line
 48.0000    0    1.100   1.0000          NULL 
 49.1000    4    2.000   1.0000      triangle
 51.1000    0    1.200   1.0000          NULL 
 52.3000    1    2.000   1.0000          line
 54.3000    0    1.000   1.0000          NULL 
 55.3000    3    2.000   1.0000        circle
 57.3000    0    1.200   1.0000          NULL 
 58.5000    3    2.000   1.0000        circle
 60.5000    0    1.000   1.0000          NULL 
 61.5000    4    2.000   1.0000      triangle
 63.5000    0    1.400   1.0000          NULL 
 64.9000    2    2.000   1.0000        square
 66.9000    0    1.000   1.0000          NULL 
 67.9000    1    2.000   1.0000          line
 69.9000    0    1.100   1.0000          NULL 
 71.0000    1    2.000   1.0000          line
 73.0000    0    1.000   1.0000          NULL 
 74.0000    4    2.000   1.0000      triangle
 76.0000    0    1.100   1.0000          NULL 
 77.1000    1    2.000   1.0000          line
 79.1000    0    1.300   1.0000          NULL 
 80.4000    1    2.000   1.0000          line
 82.4000    0    2.000   1.0000          NULL 
 84.3999    3    2.000   1.0000        circle
 86.3999    0    1.000   1.0000          NULL 
 87.3999    2    2.000   1.0000        square
 89.3999    0    1.300   1.0000          NULL 
 90.6999    3    2.000   1.0000        circle
 92.6999    0    1.700   1.0000          NULL 
 94.3999    4    2.000   1.0000      triangle
 96.3999    0    1.000   1.0000          NULL 
 97.3999    3    2.000   1.0000        circle
 99.3999    0    1.200   1.0000          NULL 
100.5999    2    2.000   1.0000        square
102.5999    0    1.200   1.0000          NULL 
103.7999    1    2.000   1.0000          line
105.7999    0    1.600   1.0000          NULL 
107.3999    1    2.000   1.0000          line
109.3999    0    1.300   1.0000          NULL 
110.6999    2    2.000   1.0000        square
112.6999    0    1.000   1.0000          NULL 
113.6999    3    2.000   1.0000        circle
115.6999    0    1.000   1.0000          NULL 
116.6999    3    2.000   1.0000        circle
118.6999    0    1.600   1.0000          NULL 
120.2999    2    2.000   1.0000        square
122.2999    0    1.100   1.0000          NULL 
123.3999    4    2.000   1.0000      triangle
125.3999    0    1.100   1.0000          NULL 
126.4999    3    2.000   1.0000        circle
128.4999    0    1.500   1.0000          NULL 
