  0.0000    1    2.000   1.0000          line
  2.0000    0    1.100   1.0000          NULL 
  3.1000    4    2.000   1.0000      triangle
  5.1000    0    1.000   1.0000          NULL 
  6.1000    2    2.000   1.0000        square
  8.1000    0    1.300   1.0000          NULL 
  9.4000    4    2.000   1.0000      triangle
 11.4000    0    1.200   1.0000          NULL 
 12.6000    4    2.000   1.0000      triangle
 14.6000    0    1.500   1.0000          NULL 
 16.1000    2    2.000   1.0000        square
 18.1000    0    1.000   1.0000          NULL 
 19.1000    3    2.000   1.0000        circle
 21.1000    0    1.000   1.0000          NULL 
 22.1000    2    2.000   1.0000        square
 24.1000    0    1.000   1.0000          NULL 
 25.1000    1    2.000   1.0000          line
 27.1000    0    1.800   1.0000          NULL 
 28.9000    1    2.000   1.0000          line
 30.9000    0    1.100   1.0000          NULL 
 32.0000    1    2.000   1.0000          line
 34.0000    0    1.600   1.0000          NULL 
 35.6000    3    2.000   1.0000        circle
 37.6000    0    1.000   1.0000          NULL 
 38.6000    2    2.000   1.0000        square
 40.6000    0    1.900   1.0000          NULL 
 42.5000    2    2.000   1.0000        square
 44.5000    0    1.100   1.0000          NULL 
 45.6000    3    2.000   1.0000        circle
 47.6000    0    1.300   1.0000          NULL 
 48.9000    3    2.000   1.0000        circle
 50.9000    0    1.100   1.0000          NULL 
 52.0000    3    2.000   1.0000        circle
 54.0000    0    1.000   1.0000          NULL 
 55.0000    2    2.000   1.0000        square
 57.0000    0    1.000   1.0000          NULL 
 58.0000    3    2.000   1.0000        circle
 60.0000    0    1.100   1.0000          NULL 
 61.1000    2    2.000   1.0000        square
 63.1000    0    1.200   1.0000          NULL 
 64.3000    2    2.000   1.0000        square
 66.3000    0    1.500   1.0000          NULL 
 67.8000    1    2.000   1.0000          line
 69.8000    0    1.000   1.0000          NULL 
 70.8000    1    2.000   1.0000          line
 72.8000    0    1.200   1.0000          NULL 
 74.0000    3    2.000   1.0000        circle
 76.0000    0    1.300   1.0000          NULL 
 77.3000    2    2.000   1.0000        square
 79.3000    0    1.000   1.0000          NULL 
 80.3000    1    2.000   1.0000          line
 82.3000    0    1.400   1.0000          NULL 
 83.7000    1    2.000   1.0000          line
 85.7000    0    1.100   1.0000          NULL 
 86.7999    3    2.000   1.0000        circle
 88.7999    0    1.500   1.0000          NULL 
 90.2999    4    2.000   1.0000      triangle
 92.2999    0    1.100   1.0000          NULL 
 93.3999    4    2.000   1.0000      triangle
 95.3999    0    1.300   1.0000          NULL 
 96.6999    1    2.000   1.0000          line
 98.6999    0    1.700   1.0000          NULL 
100.3999    4    2.000   1.0000      triangle
102.3999    0    1.000   1.0000          NULL 
103.3999    1    2.000   1.0000          line
105.3999    0    1.000   1.0000          NULL 
106.3999    4    2.000   1.0000      triangle
108.3999    0    1.800   1.0000          NULL 
110.1999    4    2.000   1.0000      triangle
112.1999    0    1.100   1.0000          NULL 
113.2999    2    2.000   1.0000        square
115.2999    0    1.800   1.0000          NULL 
117.0999    4    2.000   1.0000      triangle
119.0999    0    1.200   1.0000          NULL 
120.2999    3    2.000   1.0000        circle
122.2999    0    1.200   1.0000          NULL 
123.4999    4    2.000   1.0000      triangle
125.4999    0    1.000   1.0000          NULL 
126.4999    3    2.000   1.0000        circle
128.4999    0    1.500   1.0000          NULL 
