  0.0000    4    2.000   1.0000        circle
  2.0000    0    0.500   1.0000          NULL 
  2.5000    3    2.000   1.0000      triangle
  4.5000    0    0.500   1.0000          NULL 
  5.0000    2    2.000   1.0000        square
  7.0000    0    3.500   1.0000          NULL 
 10.5000    4    2.000   1.0000        circle
 12.5000    0    3.500   1.0000          NULL 
 16.0000    2    2.000   1.0000        square
 18.0000    0    3.500   1.0000          NULL 
 21.5000    1    2.000   1.0000          line
 23.5000    0    1.000   1.0000          NULL 
 24.5000    1    2.000   1.0000          line
 26.5000    0    1.000   1.0000          NULL 
 27.5000    3    2.000   1.0000      triangle
 29.5000    0    3.000   1.0000          NULL 
 32.5000    2    2.000   1.0000        square
 34.5000    0    1.000   1.0000          NULL 
 35.5000    1    2.000   1.0000          line
 37.5000    0    0.500   1.0000          NULL 
 38.0000    4    2.000   1.0000        circle
 40.0000    0    1.500   1.0000          NULL 
 41.5000    2    2.000   1.0000        square
 43.5000    0    1.000   1.0000          NULL 
 44.5000    3    2.000   1.0000      triangle
 46.5000    0    1.500   1.0000          NULL 
 48.0000    3    2.000   1.0000      triangle
 50.0000    0    0.500   1.0000          NULL 
 50.5000    3    2.000   1.0000      triangle
 52.5000    0    1.000   1.0000          NULL 
 53.5000    3    2.000   1.0000      triangle
 55.5000    0    1.500   1.0000          NULL 
 57.0000    2    2.000   1.0000        square
 59.0000    0    0.500   1.0000          NULL 
 59.5000    1    2.000   1.0000          line
 61.5000    0    3.000   1.0000          NULL 
 64.5000    3    2.000   1.0000      triangle
 66.5000    0    0.500   1.0000          NULL 
 67.0000    3    2.000   1.0000      triangle
 69.0000    0    1.500   1.0000          NULL 
 70.5000    1    2.000   1.0000          line
 72.5000    0    2.000   1.0000          NULL 
 74.5000    3    2.000   1.0000      triangle
 76.5000    0    2.000   1.0000          NULL 
 78.5000    1    2.000   1.0000          line
 80.5000    0    1.000   1.0000          NULL 
 81.5000    1    2.000   1.0000          line
 83.5000    0    2.000   1.0000          NULL 
 85.5000    1    2.000   1.0000          line
 87.5000    0    0.500   1.0000          NULL 
 88.0000    2    2.000   1.0000        square
 90.0000    0    2.500   1.0000          NULL 
 92.5000    2    2.000   1.0000        square
 94.5000    0    1.000   1.0000          NULL 
 95.5000    2    2.000   1.0000        square
 97.5000    0    0.500   1.0000          NULL 
 98.0000    4    2.000   1.0000        circle
100.0000    0    0.500   1.0000          NULL 
100.5000    2    2.000   1.0000        square
102.5000    0    1.000   1.0000          NULL 
103.5000    3    2.000   1.0000      triangle
105.5000    0    1.000   1.0000          NULL 
106.5000    1    2.000   1.0000          line
108.5000    0    0.500   1.0000          NULL 
109.0000    2    2.000   1.0000        square
111.0000    0    3.000   1.0000          NULL 
114.0000    3    2.000   1.0000      triangle
116.0000    0    2.500   1.0000          NULL 
118.5000    2    2.000   1.0000        square
120.5000    0    0.500   1.0000          NULL 
121.0000    1    2.000   1.0000          line
123.0000    0    1.500   1.0000          NULL 
124.5000    2    2.000   1.0000        square
126.5000    0    0.500   1.0000          NULL 
127.0000    1    2.000   1.0000          line
129.0000    0    0.500   1.0000          NULL 
129.5000    2    2.000   1.0000        square
131.5000    0    4.000   1.0000          NULL 
135.5000    1    2.000   1.0000          line
137.5000    0    0.500   1.0000          NULL 
138.0000    2    2.000   1.0000        square
140.0000    0    2.000   1.0000          NULL 
142.0000    4    2.000   1.0000        circle
144.0000    0    1.000   1.0000          NULL 
145.0000    1    2.000   1.0000          line
147.0000    0    3.500   1.0000          NULL 
150.5000    3    2.000   1.0000      triangle
152.5000    0    4.000   1.0000          NULL 
156.5000    3    2.000   1.0000      triangle
158.5000    0    1.000   1.0000          NULL 
159.5000    1    2.000   1.0000          line
161.5000    0    0.500   1.0000          NULL 
162.0000    1    2.000   1.0000          line
164.0000    0    1.500   1.0000          NULL 
165.5000    4    2.000   1.0000        circle
167.5000    0    1.000   1.0000          NULL 
168.5000    2    2.000   1.0000        square
170.5000    0    1.000   1.0000          NULL 
171.5000    1    2.000   1.0000          line
173.5000    0    1.500   1.0000          NULL 
175.0000    3    2.000   1.0000      triangle
177.0000    0    1.000   1.0000          NULL 
178.0000    1    2.000   1.0000          line
180.0000    0    0.500   1.0000          NULL 
180.5000    4    2.000   1.0000        circle
182.5000    0    1.000   1.0000          NULL 
183.5000    3    2.000   1.0000      triangle
185.5000    0    1.500   1.0000          NULL 
187.0000    3    2.000   1.0000      triangle
189.0000    0    2.500   1.0000          NULL 
191.5000    1    2.000   1.0000          line
193.5000    0    2.000   1.0000          NULL 
195.5000    4    2.000   1.0000        circle
197.5000    0    1.500   1.0000          NULL 
199.0000    2    2.000   1.0000        square
201.0000    0    0.500   1.0000          NULL 
201.5000    2    2.000   1.0000        square
203.5000    0    0.500   1.0000          NULL 
204.0000    4    2.000   1.0000        circle
206.0000    0    3.500   1.0000          NULL 
209.5000    4    2.000   1.0000        circle
211.5000    0    0.500   1.0000          NULL 
212.0000    1    2.000   1.0000          line
214.0000    0    1.500   1.0000          NULL 
215.5000    2    2.000   1.0000        square
217.5000    0    0.500   1.0000          NULL 
218.0000    2    2.000   1.0000        square
220.0000    0    1.500   1.0000          NULL 
221.5000    4    2.000   1.0000        circle
223.5000    0    1.000   1.0000          NULL 
224.5000    3    2.000   1.0000      triangle
226.5000    0    1.500   1.0000          NULL 
228.0000    4    2.000   1.0000        circle
230.0000    0    3.500   1.0000          NULL 
233.5000    2    2.000   1.0000        square
235.5000    0    1.500   1.0000          NULL 
237.0000    4    2.000   1.0000        circle
239.0000    0    1.000   1.0000          NULL 
240.0000    3    2.000   1.0000      triangle
242.0000    0    0.500   1.0000          NULL 
242.5000    1    2.000   1.0000          line
244.5000    0    0.500   1.0000          NULL 
245.0000    4    2.000   1.0000        circle
247.0000    0    4.000   1.0000          NULL 
251.0000    2    2.000   1.0000        square
253.0000    0    1.000   1.0000          NULL 
254.0000    2    2.000   1.0000        square
256.0000    0    4.000   1.0000          NULL 
260.0000    1    2.000   1.0000          line
262.0000    0    1.000   1.0000          NULL 
263.0000    3    2.000   1.0000      triangle
265.0000    0    1.500   1.0000          NULL 
266.5000    3    2.000   1.0000      triangle
268.5000    0    1.500   1.0000          NULL 
270.0000    4    2.000   1.0000        circle
272.0000    0    1.000   1.0000          NULL 
273.0000    1    2.000   1.0000          line
275.0000    0    0.500   1.0000          NULL 
275.5000    4    2.000   1.0000        circle
277.5000    0    1.500   1.0000          NULL 
279.0000    2    2.000   1.0000        square
281.0000    0    1.500   1.0000          NULL 
282.5000    1    2.000   1.0000          line
284.5000    0    1.500   1.0000          NULL 
286.0000    4    2.000   1.0000        circle
288.0000    0    2.000   1.0000          NULL 
290.0000    1    2.000   1.0000          line
292.0000    0    0.500   1.0000          NULL 
292.5000    1    2.000   1.0000          line
294.5000    0    1.000   1.0000          NULL 
295.5000    1    2.000   1.0000          line
297.5000    0    3.000   1.0000          NULL 
300.5000    4    2.000   1.0000        circle
302.5000    0    0.500   1.0000          NULL 
303.0000    3    2.000   1.0000      triangle
305.0000    0    0.500   1.0000          NULL 
305.5000    2    2.000   1.0000        square
307.5000    0    3.000   1.0000          NULL 
310.5000    4    2.000   1.0000        circle
312.5000    0    1.500   1.0000          NULL 
314.0000    3    2.000   1.0000      triangle
316.0000    0    0.500   1.0000          NULL 
316.5000    1    2.000   1.0000          line
318.5000    0    1.500   1.0000          NULL 
320.0000    2    2.000   1.0000        square
322.0000    0    0.500   1.0000          NULL 
322.5000    2    2.000   1.0000        square
324.5000    0    3.500   1.0000          NULL 
328.0000    3    2.000   1.0000      triangle
330.0000    0    1.500   1.0000          NULL 
331.5000    2    2.000   1.0000        square
333.5000    0    2.000   1.0000          NULL 
335.5000    4    2.000   1.0000        circle
337.5000    0    0.500   1.0000          NULL 
338.0000    3    2.000   1.0000      triangle
340.0000    0    1.000   1.0000          NULL 
341.0000    1    2.000   1.0000          line
343.0000    0    4.000   1.0000          NULL 
347.0000    4    2.000   1.0000        circle
349.0000    0    1.000   1.0000          NULL 
350.0000    1    2.000   1.0000          line
352.0000    0    1.000   1.0000          NULL 
353.0000    4    2.000   1.0000        circle
355.0000    0    2.000   1.0000          NULL 
357.0000    3    2.000   1.0000      triangle
359.0000    0    2.500   1.0000          NULL 
361.5000    3    2.000   1.0000      triangle
363.5000    0    2.000   1.0000          NULL 
365.5000    3    2.000   1.0000      triangle
367.5000    0    1.500   1.0000          NULL 
369.0000    3    2.000   1.0000      triangle
371.0000    0    0.500   1.0000          NULL 
371.5000    2    2.000   1.0000        square
373.5000    0    0.500   1.0000          NULL 
374.0000    4    2.000   1.0000        circle
376.0000    0    2.500   1.0000          NULL 
378.5000    3    2.000   1.0000      triangle
380.5000    0    1.000   1.0000          NULL 
381.5000    4    2.000   1.0000        circle
383.5000    0    0.500   1.0000          NULL 
384.0000    2    2.000   1.0000        square
386.0000    0    0.500   1.0000          NULL 
386.5000    3    2.000   1.0000      triangle
388.5000    0    1.500   1.0000          NULL 
390.0000    1    2.000   1.0000          line
392.0000    0    0.500   1.0000          NULL 
392.5000    4    2.000   1.0000        circle
394.5000    0    3.000   1.0000          NULL 
397.5000    2    2.000   1.0000        square
399.5000    0    3.500   1.0000          NULL 
403.0000    4    2.000   1.0000        circle
405.0000    0    0.500   1.0000          NULL 
405.5000    4    2.000   1.0000        circle
407.5000    0    3.000   1.0000          NULL 
410.5000    4    2.000   1.0000        circle
412.5000    0    2.000   1.0000          NULL 
414.5000    4    2.000   1.0000        circle
416.5000    0    0.500   1.0000          NULL 
417.0000    4    2.000   1.0000        circle
419.0000    0    1.000   1.0000          NULL 
