  0.0000    4    2.000   1.0000        circle
  2.0000    0    1.500   1.0000          NULL 
  3.5000    2    2.000   1.0000        square
  5.5000    0    0.500   1.0000          NULL 
  6.0000    3    2.000   1.0000      triangle
  8.0000    0    0.500   1.0000          NULL 
  8.5000    4    2.000   1.0000        circle
 10.5000    0    2.000   1.0000          NULL 
 12.5000    1    2.000   1.0000          line
 14.5000    0    1.000   1.0000          NULL 
 15.5000    3    2.000   1.0000      triangle
 17.5000    0    1.500   1.0000          NULL 
 19.0000    2    2.000   1.0000        square
 21.0000    0    0.500   1.0000          NULL 
 21.5000    2    2.000   1.0000        square
 23.5000    0    3.000   1.0000          NULL 
 26.5000    1    2.000   1.0000          line
 28.5000    0    1.000   1.0000          NULL 
 29.5000    4    2.000   1.0000        circle
 31.5000    0    2.000   1.0000          NULL 
 33.5000    2    2.000   1.0000        square
 35.5000    0    0.500   1.0000          NULL 
 36.0000    1    2.000   1.0000          line
 38.0000    0    2.000   1.0000          NULL 
 40.0000    2    2.000   1.0000        square
 42.0000    0    1.000   1.0000          NULL 
 43.0000    1    2.000   1.0000          line
 45.0000    0    1.500   1.0000          NULL 
 46.5000    2    2.000   1.0000        square
 48.5000    0    0.500   1.0000          NULL 
 49.0000    4    2.000   1.0000        circle
 51.0000    0    1.000   1.0000          NULL 
 52.0000    1    2.000   1.0000          line
 54.0000    0    1.500   1.0000          NULL 
 55.5000    4    2.000   1.0000        circle
 57.5000    0    1.500   1.0000          NULL 
 59.0000    4    2.000   1.0000        circle
 61.0000    0    3.000   1.0000          NULL 
 64.0000    1    2.000   1.0000          line
 66.0000    0    0.500   1.0000          NULL 
 66.5000    3    2.000   1.0000      triangle
 68.5000    0    0.500   1.0000          NULL 
 69.0000    2    2.000   1.0000        square
 71.0000    0    0.500   1.0000          NULL 
 71.5000    4    2.000   1.0000        circle
 73.5000    0    3.500   1.0000          NULL 
 77.0000    4    2.000   1.0000        circle
 79.0000    0    2.000   1.0000          NULL 
 81.0000    2    2.000   1.0000        square
 83.0000    0    0.500   1.0000          NULL 
 83.5000    2    2.000   1.0000        square
 85.5000    0    2.000   1.0000          NULL 
 87.5000    3    2.000   1.0000      triangle
 89.5000    0    1.500   1.0000          NULL 
 91.0000    3    2.000   1.0000      triangle
 93.0000    0    1.500   1.0000          NULL 
 94.5000    3    2.000   1.0000      triangle
 96.5000    0    2.500   1.0000          NULL 
 99.0000    2    2.000   1.0000        square
101.0000    0    0.500   1.0000          NULL 
101.5000    2    2.000   1.0000        square
103.5000    0    3.000   1.0000          NULL 
106.5000    1    2.000   1.0000          line
108.5000    0    0.500   1.0000          NULL 
109.0000    2    2.000   1.0000        square
111.0000    0    3.000   1.0000          NULL 
114.0000    4    2.000   1.0000        circle
116.0000    0    0.500   1.0000          NULL 
116.5000    3    2.000   1.0000      triangle
118.5000    0    1.500   1.0000          NULL 
120.0000    3    2.000   1.0000      triangle
122.0000    0    2.000   1.0000          NULL 
124.0000    2    2.000   1.0000        square
126.0000    0    0.500   1.0000          NULL 
126.5000    2    2.000   1.0000        square
128.5000    0    1.500   1.0000          NULL 
130.0000    3    2.000   1.0000      triangle
132.0000    0    2.000   1.0000          NULL 
134.0000    4    2.000   1.0000        circle
136.0000    0    0.500   1.0000          NULL 
136.5000    4    2.000   1.0000        circle
138.5000    0    0.500   1.0000          NULL 
139.0000    4    2.000   1.0000        circle
141.0000    0    1.000   1.0000          NULL 
142.0000    1    2.000   1.0000          line
144.0000    0    2.000   1.0000          NULL 
146.0000    3    2.000   1.0000      triangle
148.0000    0    1.000   1.0000          NULL 
149.0000    1    2.000   1.0000          line
151.0000    0    1.000   1.0000          NULL 
152.0000    2    2.000   1.0000        square
154.0000    0    0.500   1.0000          NULL 
154.5000    4    2.000   1.0000        circle
156.5000    0    0.500   1.0000          NULL 
157.0000    1    2.000   1.0000          line
159.0000    0    2.000   1.0000          NULL 
161.0000    4    2.000   1.0000        circle
163.0000    0    1.500   1.0000          NULL 
164.5000    3    2.000   1.0000      triangle
166.5000    0    0.500   1.0000          NULL 
167.0000    2    2.000   1.0000        square
169.0000    0    4.000   1.0000          NULL 
173.0000    3    2.000   1.0000      triangle
175.0000    0    3.500   1.0000          NULL 
178.5000    3    2.000   1.0000      triangle
180.5000    0    1.000   1.0000          NULL 
181.5000    4    2.000   1.0000        circle
183.5000    0    1.000   1.0000          NULL 
184.5000    4    2.000   1.0000        circle
186.5000    0    1.000   1.0000          NULL 
187.5000    2    2.000   1.0000        square
189.5000    0    0.500   1.0000          NULL 
190.0000    2    2.000   1.0000        square
192.0000    0    3.000   1.0000          NULL 
195.0000    1    2.000   1.0000          line
197.0000    0    2.500   1.0000          NULL 
199.5000    1    2.000   1.0000          line
201.5000    0    4.000   1.0000          NULL 
205.5000    1    2.000   1.0000          line
207.5000    0    0.500   1.0000          NULL 
208.0000    3    2.000   1.0000      triangle
210.0000    0    0.500   1.0000          NULL 
210.5000    2    2.000   1.0000        square
212.5000    0    3.000   1.0000          NULL 
215.5000    3    2.000   1.0000      triangle
217.5000    0    1.000   1.0000          NULL 
218.5000    1    2.000   1.0000          line
220.5000    0    2.000   1.0000          NULL 
222.5000    4    2.000   1.0000        circle
224.5000    0    1.500   1.0000          NULL 
226.0000    3    2.000   1.0000      triangle
228.0000    0    0.500   1.0000          NULL 
228.5000    4    2.000   1.0000        circle
230.5000    0    1.500   1.0000          NULL 
232.0000    1    2.000   1.0000          line
234.0000    0    3.500   1.0000          NULL 
237.5000    3    2.000   1.0000      triangle
239.5000    0    0.500   1.0000          NULL 
240.0000    4    2.000   1.0000        circle
242.0000    0    4.000   1.0000          NULL 
246.0000    1    2.000   1.0000          line
248.0000    0    3.500   1.0000          NULL 
251.5000    3    2.000   1.0000      triangle
253.5000    0    1.000   1.0000          NULL 
254.5000    4    2.000   1.0000        circle
256.5000    0    2.500   1.0000          NULL 
259.0000    4    2.000   1.0000        circle
261.0000    0    0.500   1.0000          NULL 
261.5000    3    2.000   1.0000      triangle
263.5000    0    0.500   1.0000          NULL 
264.0000    2    2.000   1.0000        square
266.0000    0    2.500   1.0000          NULL 
268.5000    2    2.000   1.0000        square
270.5000    0    0.500   1.0000          NULL 
271.0000    4    2.000   1.0000        circle
273.0000    0    2.500   1.0000          NULL 
275.5000    1    2.000   1.0000          line
277.5000    0    1.000   1.0000          NULL 
278.5000    2    2.000   1.0000        square
280.5000    0    3.500   1.0000          NULL 
284.0000    2    2.000   1.0000        square
286.0000    0    1.000   1.0000          NULL 
287.0000    1    2.000   1.0000          line
289.0000    0    3.500   1.0000          NULL 
292.5000    1    2.000   1.0000          line
294.5000    0    0.500   1.0000          NULL 
295.0000    3    2.000   1.0000      triangle
297.0000    0    1.500   1.0000          NULL 
298.5000    1    2.000   1.0000          line
300.5000    0    3.500   1.0000          NULL 
304.0000    3    2.000   1.0000      triangle
306.0000    0    2.000   1.0000          NULL 
308.0000    1    2.000   1.0000          line
310.0000    0    1.000   1.0000          NULL 
311.0000    3    2.000   1.0000      triangle
313.0000    0    0.500   1.0000          NULL 
313.5000    2    2.000   1.0000        square
315.5000    0    0.500   1.0000          NULL 
316.0000    3    2.000   1.0000      triangle
318.0000    0    2.000   1.0000          NULL 
320.0000    3    2.000   1.0000      triangle
322.0000    0    1.000   1.0000          NULL 
323.0000    2    2.000   1.0000        square
325.0000    0    2.000   1.0000          NULL 
327.0000    2    2.000   1.0000        square
329.0000    0    2.000   1.0000          NULL 
331.0000    1    2.000   1.0000          line
333.0000    0    0.500   1.0000          NULL 
333.5000    1    2.000   1.0000          line
335.5000    0    1.000   1.0000          NULL 
336.5000    3    2.000   1.0000      triangle
338.5000    0    1.000   1.0000          NULL 
339.5000    2    2.000   1.0000        square
341.5000    0    3.500   1.0000          NULL 
345.0000    1    2.000   1.0000          line
347.0000    0    2.000   1.0000          NULL 
349.0000    4    2.000   1.0000        circle
351.0000    0    1.000   1.0000          NULL 
352.0000    4    2.000   1.0000        circle
354.0000    0    2.000   1.0000          NULL 
356.0000    1    2.000   1.0000          line
358.0000    0    1.500   1.0000          NULL 
359.5000    1    2.000   1.0000          line
361.5000    0    1.500   1.0000          NULL 
363.0000    1    2.000   1.0000          line
365.0000    0    1.000   1.0000          NULL 
366.0000    3    2.000   1.0000      triangle
368.0000    0    0.500   1.0000          NULL 
368.5000    4    2.000   1.0000        circle
370.5000    0    1.500   1.0000          NULL 
372.0000    2    2.000   1.0000        square
374.0000    0    1.000   1.0000          NULL 
375.0000    4    2.000   1.0000        circle
377.0000    0    1.000   1.0000          NULL 
378.0000    3    2.000   1.0000      triangle
380.0000    0    0.500   1.0000          NULL 
380.5000    4    2.000   1.0000        circle
382.5000    0    0.500   1.0000          NULL 
383.0000    3    2.000   1.0000      triangle
385.0000    0    0.500   1.0000          NULL 
385.5000    4    2.000   1.0000        circle
387.5000    0    1.000   1.0000          NULL 
388.5000    1    2.000   1.0000          line
390.5000    0    2.000   1.0000          NULL 
392.5000    2    2.000   1.0000        square
394.5000    0    2.500   1.0000          NULL 
397.0000    3    2.000   1.0000      triangle
399.0000    0    0.500   1.0000          NULL 
399.5000    4    2.000   1.0000        circle
401.5000    0    1.000   1.0000          NULL 
402.5000    3    2.000   1.0000      triangle
404.5000    0    1.500   1.0000          NULL 
406.0000    4    2.000   1.0000        circle
408.0000    0    1.000   1.0000          NULL 
409.0000    2    2.000   1.0000        square
411.0000    0    0.500   1.0000          NULL 
411.5000    1    2.000   1.0000          line
413.5000    0    2.000   1.0000          NULL 
415.5000    1    2.000   1.0000          line
417.5000    0    2.500   1.0000          NULL 
