  0.0000    2    2.000   1.0000        square
  2.0000    0    1.000   1.0000          NULL 
  3.0000    4    2.000   1.0000      triangle
  5.0000    0    1.400   1.0000          NULL 
  6.4000    3    2.000   1.0000        circle
  8.4000    0    1.000   1.0000          NULL 
  9.4000    2    2.000   1.0000        square
 11.4000    0    1.300   1.0000          NULL 
 12.7000    2    2.000   1.0000        square
 14.7000    0    1.200   1.0000          NULL 
 15.9000    2    2.000   1.0000        square
 17.9000    0    1.100   1.0000          NULL 
 19.0000    1    2.000   1.0000          line
 21.0000    0    1.000   1.0000          NULL 
 22.0000    2    2.000   1.0000        square
 24.0000    0    1.700   1.0000          NULL 
 25.7000    3    2.000   1.0000        circle
 27.7000    0    1.100   1.0000          NULL 
 28.8000    3    2.000   1.0000        circle
 30.8000    0    1.600   1.0000          NULL 
 32.4000    3    2.000   1.0000        circle
 34.4000    0    1.000   1.0000          NULL 
 35.4000    3    2.000   1.0000        circle
 37.4000    0    1.500   1.0000          NULL 
 38.9000    4    2.000   1.0000      triangle
 40.9000    0    1.500   1.0000          NULL 
 42.4000    4    2.000   1.0000      triangle
 44.4000    0    1.500   1.0000          NULL 
 45.9000    2    2.000   1.0000        square
 47.9000    0    1.000   1.0000          NULL 
 48.9000    4    2.000   1.0000      triangle
 50.9000    0    1.800   1.0000          NULL 
 52.7000    3    2.000   1.0000        circle
 54.7000    0    1.200   1.0000          NULL 
 55.9000    3    2.000   1.0000        circle
 57.9000    0    1.100   1.0000          NULL 
 59.0000    4    2.000   1.0000      triangle
 61.0000    0    1.600   1.0000          NULL 
 62.5999    4    2.000   1.0000      triangle
 64.5999    0    1.000   1.0000          NULL 
 65.5999    2    2.000   1.0000        square
 67.5999    0    1.500   1.0000          NULL 
 69.0999    1    2.000   1.0000          line
 71.0999    0    1.700   1.0000          NULL 
 72.7999    4    2.000   1.0000      triangle
 74.7999    0    1.000   1.0000          NULL 
 75.7999    2    2.000   1.0000        square
 77.7999    0    1.100   1.0000          NULL 
 78.8999    4    2.000   1.0000      triangle
 80.8999    0    1.000   1.0000          NULL 
 81.8999    4    2.000   1.0000      triangle
 83.8999    0    1.000   1.0000          NULL 
 84.8999    3    2.000   1.0000        circle
 86.8999    0    1.100   1.0000          NULL 
 87.9999    1    2.000   1.0000          line
 89.9999    0    1.200   1.0000          NULL 
 91.1999    1    2.000   1.0000          line
 93.1999    0    1.000   1.0000          NULL 
 94.1999    1    2.000   1.0000          line
 96.1999    0    1.100   1.0000          NULL 
 97.2999    1    2.000   1.0000          line
 99.2999    0    1.100   1.0000          NULL 
100.3999    3    2.000   1.0000        circle
102.3999    0    2.000   1.0000          NULL 
104.3999    1    2.000   1.0000          line
106.3999    0    1.000   1.0000          NULL 
107.3999    4    2.000   1.0000      triangle
109.3999    0    1.200   1.0000          NULL 
110.5999    2    2.000   1.0000        square
112.5999    0    1.700   1.0000          NULL 
114.2999    3    2.000   1.0000        circle
116.2999    0    1.000   1.0000          NULL 
117.2999    1    2.000   1.0000          line
119.2999    0    1.200   1.0000          NULL 
120.4999    2    2.000   1.0000        square
122.4999    0    1.200   1.0000          NULL 
123.6999    1    2.000   1.0000          line
125.6999    0    1.100   1.0000          NULL 
126.7999    1    2.000   1.0000          line
128.7999    0    1.200   1.0000          NULL 
