  0.0000    2    2.000   1.0000        square
  2.0000    0    2.500   1.0000          NULL 
  4.5000    3    2.000   1.0000      triangle
  6.5000    0    2.500   1.0000          NULL 
  9.0000    2    2.000   1.0000        square
 11.0000    0    2.000   1.0000          NULL 
 13.0000    1    2.000   1.0000          line
 15.0000    0    1.500   1.0000          NULL 
 16.5000    1    2.000   1.0000          line
 18.5000    0    1.500   1.0000          NULL 
 20.0000    1    2.000   1.0000          line
 22.0000    0    0.500   1.0000          NULL 
 22.5000    1    2.000   1.0000          line
 24.5000    0    2.000   1.0000          NULL 
 26.5000    1    2.000   1.0000          line
 28.5000    0    3.500   1.0000          NULL 
 32.0000    1    2.000   1.0000          line
 34.0000    0    0.500   1.0000          NULL 
 34.5000    3    2.000   1.0000      triangle
 36.5000    0    0.500   1.0000          NULL 
 37.0000    3    2.000   1.0000      triangle
 39.0000    0    1.000   1.0000          NULL 
 40.0000    3    2.000   1.0000      triangle
 42.0000    0    3.500   1.0000          NULL 
 45.5000    4    2.000   1.0000        circle
 47.5000    0    2.000   1.0000          NULL 
 49.5000    2    2.000   1.0000        square
 51.5000    0    3.500   1.0000          NULL 
 55.0000    4    2.000   1.0000        circle
 57.0000    0    0.500   1.0000          NULL 
 57.5000    2    2.000   1.0000        square
 59.5000    0    0.500   1.0000          NULL 
 60.0000    1    2.000   1.0000          line
 62.0000    0    2.000   1.0000          NULL 
 64.0000    1    2.000   1.0000          line
 66.0000    0    1.000   1.0000          NULL 
 67.0000    1    2.000   1.0000          line
 69.0000    0    0.500   1.0000          NULL 
 69.5000    2    2.000   1.0000        square
 71.5000    0    3.500   1.0000          NULL 
 75.0000    2    2.000   1.0000        square
 77.0000    0    1.000   1.0000          NULL 
 78.0000    1    2.000   1.0000          line
 80.0000    0    0.500   1.0000          NULL 
 80.5000    1    2.000   1.0000          line
 82.5000    0    0.500   1.0000          NULL 
 83.0000    3    2.000   1.0000      triangle
 85.0000    0    3.000   1.0000          NULL 
 88.0000    1    2.000   1.0000          line
 90.0000    0    0.500   1.0000          NULL 
 90.5000    2    2.000   1.0000        square
 92.5000    0    0.500   1.0000          NULL 
 93.0000    2    2.000   1.0000        square
 95.0000    0    1.500   1.0000          NULL 
 96.5000    3    2.000   1.0000      triangle
 98.5000    0    0.500   1.0000          NULL 
 99.0000    1    2.000   1.0000          line
101.0000    0    3.000   1.0000          NULL 
104.0000    3    2.000   1.0000      triangle
106.0000    0    0.500   1.0000          NULL 
106.5000    4    2.000   1.0000        circle
108.5000    0    2.000   1.0000          NULL 
110.5000    2    2.000   1.0000        square
112.5000    0    1.500   1.0000          NULL 
114.0000    1    2.000   1.0000          line
116.0000    0    2.500   1.0000          NULL 
118.5000    3    2.000   1.0000      triangle
120.5000    0    0.500   1.0000          NULL 
121.0000    3    2.000   1.0000      triangle
123.0000    0    1.000   1.0000          NULL 
124.0000    2    2.000   1.0000        square
126.0000    0    0.500   1.0000          NULL 
126.5000    2    2.000   1.0000        square
128.5000    0    0.500   1.0000          NULL 
129.0000    3    2.000   1.0000      triangle
131.0000    0    0.500   1.0000          NULL 
131.5000    2    2.000   1.0000        square
133.5000    0    0.500   1.0000          NULL 
134.0000    2    2.000   1.0000        square
136.0000    0    1.000   1.0000          NULL 
137.0000    4    2.000   1.0000        circle
139.0000    0    1.000   1.0000          NULL 
140.0000    1    2.000   1.0000          line
142.0000    0    1.000   1.0000          NULL 
143.0000    4    2.000   1.0000        circle
145.0000    0    3.000   1.0000          NULL 
148.0000    2    2.000   1.0000        square
150.0000    0    0.500   1.0000          NULL 
150.5000    1    2.000   1.0000          line
152.5000    0    1.000   1.0000          NULL 
153.5000    2    2.000   1.0000        square
155.5000    0    3.500   1.0000          NULL 
159.0000    1    2.000   1.0000          line
161.0000    0    0.500   1.0000          NULL 
161.5000    1    2.000   1.0000          line
163.5000    0    3.000   1.0000          NULL 
166.5000    3    2.000   1.0000      triangle
168.5000    0    1.000   1.0000          NULL 
169.5000    2    2.000   1.0000        square
171.5000    0    0.500   1.0000          NULL 
172.0000    2    2.000   1.0000        square
174.0000    0    3.500   1.0000          NULL 
177.5000    4    2.000   1.0000        circle
179.5000    0    3.000   1.0000          NULL 
182.5000    2    2.000   1.0000        square
184.5000    0    1.500   1.0000          NULL 
186.0000    4    2.000   1.0000        circle
188.0000    0    3.000   1.0000          NULL 
191.0000    2    2.000   1.0000        square
193.0000    0    1.000   1.0000          NULL 
194.0000    3    2.000   1.0000      triangle
196.0000    0    2.000   1.0000          NULL 
198.0000    3    2.000   1.0000      triangle
200.0000    0    0.500   1.0000          NULL 
200.5000    4    2.000   1.0000        circle
202.5000    0    1.000   1.0000          NULL 
203.5000    1    2.000   1.0000          line
205.5000    0    0.500   1.0000          NULL 
206.0000    4    2.000   1.0000        circle
208.0000    0    2.500   1.0000          NULL 
210.5000    3    2.000   1.0000      triangle
212.5000    0    1.000   1.0000          NULL 
213.5000    2    2.000   1.0000        square
215.5000    0    3.500   1.0000          NULL 
219.0000    4    2.000   1.0000        circle
221.0000    0    2.500   1.0000          NULL 
223.5000    3    2.000   1.0000      triangle
225.5000    0    0.500   1.0000          NULL 
226.0000    3    2.000   1.0000      triangle
228.0000    0    2.000   1.0000          NULL 
230.0000    3    2.000   1.0000      triangle
232.0000    0    3.000   1.0000          NULL 
235.0000    1    2.000   1.0000          line
237.0000    0    1.000   1.0000          NULL 
238.0000    2    2.000   1.0000        square
240.0000    0    1.500   1.0000          NULL 
241.5000    1    2.000   1.0000          line
243.5000    0    3.500   1.0000          NULL 
247.0000    1    2.000   1.0000          line
249.0000    0    1.000   1.0000          NULL 
250.0000    4    2.000   1.0000        circle
252.0000    0    2.000   1.0000          NULL 
254.0000    4    2.000   1.0000        circle
256.0000    0    1.000   1.0000          NULL 
257.0000    4    2.000   1.0000        circle
259.0000    0    0.500   1.0000          NULL 
259.5000    3    2.000   1.0000      triangle
261.5000    0    2.500   1.0000          NULL 
264.0000    2    2.000   1.0000        square
266.0000    0    0.500   1.0000          NULL 
266.5000    4    2.000   1.0000        circle
268.5000    0    3.000   1.0000          NULL 
271.5000    1    2.000   1.0000          line
273.5000    0    4.000   1.0000          NULL 
277.5000    4    2.000   1.0000        circle
279.5000    0    1.000   1.0000          NULL 
280.5000    4    2.000   1.0000        circle
282.5000    0    3.000   1.0000          NULL 
285.5000    2    2.000   1.0000        square
287.5000    0    0.500   1.0000          NULL 
288.0000    2    2.000   1.0000        square
290.0000    0    0.500   1.0000          NULL 
290.5000    4    2.000   1.0000        circle
292.5000    0    2.500   1.0000          NULL 
295.0000    3    2.000   1.0000      triangle
297.0000    0    1.500   1.0000          NULL 
298.5000    3    2.000   1.0000      triangle
300.5000    0    4.000   1.0000          NULL 
304.5000    1    2.000   1.0000          line
306.5000    0    0.500   1.0000          NULL 
307.0000    3    2.000   1.0000      triangle
309.0000    0    2.000   1.0000          NULL 
311.0000    4    2.000   1.0000        circle
313.0000    0    2.000   1.0000          NULL 
315.0000    4    2.000   1.0000        circle
317.0000    0    2.000   1.0000          NULL 
319.0000    3    2.000   1.0000      triangle
321.0000    0    0.500   1.0000          NULL 
321.5000    3    2.000   1.0000      triangle
323.5000    0    1.000   1.0000          NULL 
324.5000    1    2.000   1.0000          line
326.5000    0    1.000   1.0000          NULL 
327.5000    3    2.000   1.0000      triangle
329.5000    0    1.000   1.0000          NULL 
330.5000    4    2.000   1.0000        circle
332.5000    0    1.000   1.0000          NULL 
333.5000    2    2.000   1.0000        square
335.5000    0    1.000   1.0000          NULL 
336.5000    1    2.000   1.0000          line
338.5000    0    2.500   1.0000          NULL 
341.0000    1    2.000   1.0000          line
343.0000    0    0.500   1.0000          NULL 
343.5000    1    2.000   1.0000          line
345.5000    0    0.500   1.0000          NULL 
346.0000    3    2.000   1.0000      triangle
348.0000    0    1.500   1.0000          NULL 
349.5000    4    2.000   1.0000        circle
351.5000    0    1.000   1.0000          NULL 
352.5000    1    2.000   1.0000          line
354.5000    0    2.000   1.0000          NULL 
356.5000    4    2.000   1.0000        circle
358.5000    0    0.500   1.0000          NULL 
359.0000    3    2.000   1.0000      triangle
361.0000    0    3.000   1.0000          NULL 
364.0000    4    2.000   1.0000        circle
366.0000    0    1.000   1.0000          NULL 
367.0000    2    2.000   1.0000        square
369.0000    0    1.500   1.0000          NULL 
370.5000    2    2.000   1.0000        square
372.5000    0    2.000   1.0000          NULL 
374.5000    4    2.000   1.0000        circle
376.5000    0    1.500   1.0000          NULL 
378.0000    4    2.000   1.0000        circle
380.0000    0    1.500   1.0000          NULL 
381.5000    4    2.000   1.0000        circle
383.5000    0    1.000   1.0000          NULL 
384.5000    4    2.000   1.0000        circle
386.5000    0    1.000   1.0000          NULL 
387.5000    4    2.000   1.0000        circle
389.5000    0    0.500   1.0000          NULL 
390.0000    2    2.000   1.0000        square
392.0000    0    0.500   1.0000          NULL 
392.5000    3    2.000   1.0000      triangle
394.5000    0    1.000   1.0000          NULL 
395.5000    3    2.000   1.0000      triangle
397.5000    0    0.500   1.0000          NULL 
398.0000    4    2.000   1.0000        circle
400.0000    0    0.500   1.0000          NULL 
400.5000    4    2.000   1.0000        circle
402.5000    0    1.000   1.0000          NULL 
403.5000    3    2.000   1.0000      triangle
405.5000    0    1.000   1.0000          NULL 
406.5000    3    2.000   1.0000      triangle
408.5000    0    2.500   1.0000          NULL 
411.0000    2    2.000   1.0000        square
413.0000    0    1.000   1.0000          NULL 
414.0000    2    2.000   1.0000        square
416.0000    0    1.500   1.0000          NULL 
417.5000    1    2.000   1.0000          line
419.5000    0    0.500   1.0000          NULL 
