  0.0000    4    2.000   1.0000      triangle
  2.0000    0    1.100   1.0000          NULL 
  3.1000    1    2.000   1.0000          line
  5.1000    0    1.500   1.0000          NULL 
  6.6000    2    2.000   1.0000        square
  8.6000    0    1.100   1.0000          NULL 
  9.7000    4    2.000   1.0000      triangle
 11.7000    0    1.600   1.0000          NULL 
 13.3000    3    2.000   1.0000        circle
 15.3000    0    1.300   1.0000          NULL 
 16.6000    4    2.000   1.0000      triangle
 18.6000    0    1.000   1.0000          NULL 
 19.6000    2    2.000   1.0000        square
 21.6000    0    1.400   1.0000          NULL 
 23.0000    2    2.000   1.0000        square
 25.0000    0    1.000   1.0000          NULL 
 26.0000    2    2.000   1.0000        square
 28.0000    0    1.800   1.0000          NULL 
 29.8000    1    2.000   1.0000          line
 31.8000    0    1.100   1.0000          NULL 
 32.9000    2    2.000   1.0000        square
 34.9000    0    1.300   1.0000          NULL 
 36.2000    3    2.000   1.0000        circle
 38.2000    0    1.100   1.0000          NULL 
 39.3000    4    2.000   1.0000      triangle
 41.3000    0    1.300   1.0000          NULL 
 42.6000    1    2.000   1.0000          line
 44.6000    0    1.600   1.0000          NULL 
 46.2000    4    2.000   1.0000      triangle
 48.2000    0    1.300   1.0000          NULL 
 49.5000    3    2.000   1.0000        circle
 51.5000    0    1.100   1.0000          NULL 
 52.6000    1    2.000   1.0000          line
 54.6000    0    1.200   1.0000          NULL 
 55.8000    4    2.000   1.0000      triangle
 57.8000    0    1.100   1.0000          NULL 
 58.9000    4    2.000   1.0000      triangle
 60.9000    0    1.000   1.0000          NULL 
 61.9000    1    2.000   1.0000          line
 63.9000    0    1.000   1.0000          NULL 
 64.9000    4    2.000   1.0000      triangle
 66.9000    0    1.800   1.0000          NULL 
 68.7000    2    2.000   1.0000        square
 70.7000    0    1.200   1.0000          NULL 
 71.9000    3    2.000   1.0000        circle
 73.9000    0    1.000   1.0000          NULL 
 74.9000    1    2.000   1.0000          line
 76.9000    0    1.800   1.0000          NULL 
 78.7000    2    2.000   1.0000        square
 80.7000    0    1.100   1.0000          NULL 
 81.7999    1    2.000   1.0000          line
 83.7999    0    1.200   1.0000          NULL 
 84.9999    3    2.000   1.0000        circle
 86.9999    0    1.000   1.0000          NULL 
 87.9999    2    2.000   1.0000        square
 89.9999    0    1.700   1.0000          NULL 
 91.6999    4    2.000   1.0000      triangle
 93.6999    0    1.400   1.0000          NULL 
 95.0999    3    2.000   1.0000        circle
 97.0999    0    1.200   1.0000          NULL 
 98.2999    4    2.000   1.0000      triangle
100.2999    0    1.000   1.0000          NULL 
101.2999    1    2.000   1.0000          line
103.2999    0    1.300   1.0000          NULL 
104.5999    1    2.000   1.0000          line
106.5999    0    1.300   1.0000          NULL 
107.8999    2    2.000   1.0000        square
109.8999    0    1.100   1.0000          NULL 
110.9999    3    2.000   1.0000        circle
112.9999    0    1.200   1.0000          NULL 
114.1999    3    2.000   1.0000        circle
116.1999    0    1.200   1.0000          NULL 
117.3999    3    2.000   1.0000        circle
119.3999    0    1.000   1.0000          NULL 
120.3999    2    2.000   1.0000        square
122.3999    0    1.300   1.0000          NULL 
123.6999    1    2.000   1.0000          line
125.6999    0    1.200   1.0000          NULL 
126.8999    3    2.000   1.0000        circle
128.8999    0    1.100   1.0000          NULL 
