  0.0000    4    2.000   1.0000      triangle
  2.0000    0    1.400   1.0000          NULL 
  3.4000    1    2.000   1.0000          line
  5.4000    0    1.900   1.0000          NULL 
  7.3000    2    2.000   1.0000        square
  9.3000    0    1.100   1.0000          NULL 
 10.4000    3    2.000   1.0000        circle
 12.4000    0    1.300   1.0000          NULL 
 13.7000    2    2.000   1.0000        square
 15.7000    0    1.600   1.0000          NULL 
 17.3000    3    2.000   1.0000        circle
 19.3000    0    1.100   1.0000          NULL 
 20.4000    3    2.000   1.0000        circle
 22.4000    0    1.700   1.0000          NULL 
 24.1000    4    2.000   1.0000      triangle
 26.1000    0    1.000   1.0000          NULL 
 27.1000    2    2.000   1.0000        square
 29.1000    0    1.500   1.0000          NULL 
 30.6000    2    2.000   1.0000        square
 32.6000    0    1.400   1.0000          NULL 
 34.0000    4    2.000   1.0000      triangle
 36.0000    0    1.400   1.0000          NULL 
 37.4000    1    2.000   1.0000          line
 39.4000    0    1.000   1.0000          NULL 
 40.4000    2    2.000   1.0000        square
 42.4000    0    1.200   1.0000          NULL 
 43.6000    3    2.000   1.0000        circle
 45.6000    0    1.300   1.0000          NULL 
 46.9000    3    2.000   1.0000        circle
 48.9000    0    1.100   1.0000          NULL 
 50.0000    2    2.000   1.0000        square
 52.0000    0    1.000   1.0000          NULL 
 53.0000    4    2.000   1.0000      triangle
 55.0000    0    1.200   1.0000          NULL 
 56.2000    2    2.000   1.0000        square
 58.2000    0    1.000   1.0000          NULL 
 59.2000    1    2.000   1.0000          line
 61.2000    0    1.000   1.0000          NULL 
 62.2000    4    2.000   1.0000      triangle
 64.2000    0    1.000   1.0000          NULL 
 65.2000    1    2.000   1.0000          line
 67.2000    0    1.400   1.0000          NULL 
 68.6000    4    2.000   1.0000      triangle
 70.6000    0    1.300   1.0000          NULL 
 71.9000    3    2.000   1.0000        circle
 73.9000    0    1.000   1.0000          NULL 
 74.9000    2    2.000   1.0000        square
 76.9000    0    1.000   1.0000          NULL 
 77.9000    2    2.000   1.0000        square
 79.9000    0    1.100   1.0000          NULL 
 81.0000    3    2.000   1.0000        circle
 83.0000    0    1.200   1.0000          NULL 
 84.2000    1    2.000   1.0000          line
 86.2000    0    1.100   1.0000          NULL 
 87.3000    2    2.000   1.0000        square
 89.3000    0    1.300   1.0000          NULL 
 90.6000    1    2.000   1.0000          line
 92.6000    0    1.100   1.0000          NULL 
 93.7000    4    2.000   1.0000      triangle
 95.7000    0    1.000   1.0000          NULL 
 96.7000    4    2.000   1.0000      triangle
 98.7000    0    1.800   1.0000          NULL 
100.4999    1    2.000   1.0000          line
102.4999    0    1.000   1.0000          NULL 
103.4999    3    2.000   1.0000        circle
105.4999    0    1.000   1.0000          NULL 
106.4999    1    2.000   1.0000          line
108.4999    0    1.400   1.0000          NULL 
109.8999    1    2.000   1.0000          line
111.8999    0    1.800   1.0000          NULL 
113.6999    1    2.000   1.0000          line
115.6999    0    1.300   1.0000          NULL 
116.9999    4    2.000   1.0000      triangle
118.9999    0    1.100   1.0000          NULL 
120.0999    3    2.000   1.0000        circle
122.0999    0    1.900   1.0000          NULL 
123.9999    3    2.000   1.0000        circle
125.9999    0    1.000   1.0000          NULL 
126.9999    4    2.000   1.0000      triangle
128.9999    0    1.000   1.0000          NULL 
