  0.0000    1    2.000   1.0000          line
  2.0000    0    1.400   1.0000          NULL 
  3.4000    1    2.000   1.0000          line
  5.4000    0    1.100   1.0000          NULL 
  6.5000    2    2.000   1.0000        square
  8.5000    0    1.100   1.0000          NULL 
  9.6000    1    2.000   1.0000          line
 11.6000    0    1.100   1.0000          NULL 
 12.7000    1    2.000   1.0000          line
 14.7000    0    1.000   1.0000          NULL 
 15.7000    2    2.000   1.0000        square
 17.7000    0    1.700   1.0000          NULL 
 19.4000    4    2.000   1.0000      triangle
 21.4000    0    1.700   1.0000          NULL 
 23.1000    4    2.000   1.0000      triangle
 25.1000    0    1.000   1.0000          NULL 
 26.1000    2    2.000   1.0000        square
 28.1000    0    2.000   1.0000          NULL 
 30.1000    1    2.000   1.0000          line
 32.1000    0    1.000   1.0000          NULL 
 33.1000    4    2.000   1.0000      triangle
 35.1000    0    1.100   1.0000          NULL 
 36.2000    1    2.000   1.0000          line
 38.2000    0    1.000   1.0000          NULL 
 39.2000    2    2.000   1.0000        square
 41.2000    0    1.000   1.0000          NULL 
 42.2000    1    2.000   1.0000          line
 44.2000    0    1.000   1.0000          NULL 
 45.2000    2    2.000   1.0000        square
 47.2000    0    1.100   1.0000          NULL 
 48.3000    2    2.000   1.0000        square
 50.3000    0    1.000   1.0000          NULL 
 51.3000    1    2.000   1.0000          line
 53.3000    0    1.400   1.0000          NULL 
 54.7000    4    2.000   1.0000      triangle
 56.7000    0    1.800   1.0000          NULL 
 58.5000    3    2.000   1.0000        circle
 60.5000    0    1.300   1.0000          NULL 
 61.8000    2    2.000   1.0000        square
 63.8000    0    1.000   1.0000          NULL 
 64.8000    3    2.000   1.0000        circle
 66.8000    0    1.100   1.0000          NULL 
 67.9000    3    2.000   1.0000        circle
 69.9000    0    1.200   1.0000          NULL 
 71.1000    4    2.000   1.0000      triangle
 73.1000    0    1.000   1.0000          NULL 
 74.1000    3    2.000   1.0000        circle
 76.1000    0    1.100   1.0000          NULL 
 77.2000    4    2.000   1.0000      triangle
 79.2000    0    1.200   1.0000          NULL 
 80.4000    1    2.000   1.0000          line
 82.4000    0    1.200   1.0000          NULL 
 83.6000    3    2.000   1.0000        circle
 85.6000    0    1.000   1.0000          NULL 
 86.6000    4    2.000   1.0000      triangle
 88.6000    0    1.000   1.0000          NULL 
 89.6000    3    2.000   1.0000        circle
 91.6000    0    1.400   1.0000          NULL 
 93.0000    4    2.000   1.0000      triangle
 95.0000    0    1.100   1.0000          NULL 
 96.1000    3    2.000   1.0000        circle
 98.1000    0    1.500   1.0000          NULL 
 99.6000    4    2.000   1.0000      triangle
101.6000    0    1.200   1.0000          NULL 
102.8000    3    2.000   1.0000        circle
104.8000    0    1.300   1.0000          NULL 
106.1000    3    2.000   1.0000        circle
108.1000    0    1.600   1.0000          NULL 
109.6999    4    2.000   1.0000      triangle
111.6999    0    1.500   1.0000          NULL 
113.1999    2    2.000   1.0000        square
115.1999    0    1.100   1.0000          NULL 
116.2999    1    2.000   1.0000          line
118.2999    0    2.000   1.0000          NULL 
120.2999    2    2.000   1.0000        square
122.2999    0    1.100   1.0000          NULL 
123.3999    2    2.000   1.0000        square
125.3999    0    1.100   1.0000          NULL 
126.4999    3    2.000   1.0000        circle
128.4999    0    1.500   1.0000          NULL 
