  0.0000    3    2.000   1.0000        circle
  2.0000    0    1.100   1.0000          NULL 
  3.1000    1    2.000   1.0000          line
  5.1000    0    1.200   1.0000          NULL 
  6.3000    4    2.000   1.0000      triangle
  8.3000    0    1.000   1.0000          NULL 
  9.3000    2    2.000   1.0000        square
 11.3000    0    1.200   1.0000          NULL 
 12.5000    4    2.000   1.0000      triangle
 14.5000    0    1.200   1.0000          NULL 
 15.7000    1    2.000   1.0000          line
 17.7000    0    1.200   1.0000          NULL 
 18.9000    2    2.000   1.0000        square
 20.9000    0    1.100   1.0000          NULL 
 22.0000    2    2.000   1.0000        square
 24.0000    0    1.200   1.0000          NULL 
 25.2000    4    2.000   1.0000      triangle
 27.2000    0    1.400   1.0000          NULL 
 28.6000    4    2.000   1.0000      triangle
 30.6000    0    1.400   1.0000          NULL 
 32.0000    1    2.000   1.0000          line
 34.0000    0    1.100   1.0000          NULL 
 35.1000    2    2.000   1.0000        square
 37.1000    0    1.700   1.0000          NULL 
 38.8000    2    2.000   1.0000        square
 40.8000    0    1.400   1.0000          NULL 
 42.2000    2    2.000   1.0000        square
 44.2000    0    1.300   1.0000          NULL 
 45.5000    4    2.000   1.0000      triangle
 47.5000    0    1.000   1.0000          NULL 
 48.5000    1    2.000   1.0000          line
 50.5000    0    2.000   1.0000          NULL 
 52.5000    1    2.000   1.0000          line
 54.5000    0    1.100   1.0000          NULL 
 55.6000    3    2.000   1.0000        circle
 57.6000    0    1.000   1.0000          NULL 
 58.6000    3    2.000   1.0000        circle
 60.6000    0    1.200   1.0000          NULL 
 61.8000    4    2.000   1.0000      triangle
 63.8000    0    1.900   1.0000          NULL 
 65.6999    2    2.000   1.0000        square
 67.6999    0    1.000   1.0000          NULL 
 68.6999    3    2.000   1.0000        circle
 70.6999    0    1.300   1.0000          NULL 
 71.9999    4    2.000   1.0000      triangle
 73.9999    0    1.000   1.0000          NULL 
 74.9999    2    2.000   1.0000        square
 76.9999    0    1.200   1.0000          NULL 
 78.1999    2    2.000   1.0000        square
 80.1999    0    1.400   1.0000          NULL 
 81.5999    1    2.000   1.0000          line
 83.5999    0    1.200   1.0000          NULL 
 84.7999    1    2.000   1.0000          line
 86.7999    0    1.100   1.0000          NULL 
 87.8999    4    2.000   1.0000      triangle
 89.8999    0    1.400   1.0000          NULL 
 91.2999    3    2.000   1.0000        circle
 93.2999    0    1.000   1.0000          NULL 
 94.2999    1    2.000   1.0000          line
 96.2999    0    1.000   1.0000          NULL 
 97.2999    3    2.000   1.0000        circle
 99.2999    0    1.300   1.0000          NULL 
100.5999    3    2.000   1.0000        circle
102.5999    0    1.700   1.0000          NULL 
104.2999    4    2.000   1.0000      triangle
106.2999    0    1.400   1.0000          NULL 
107.6999    1    2.000   1.0000          line
109.6999    0    1.600   1.0000          NULL 
111.2999    3    2.000   1.0000        circle
113.2999    0    1.000   1.0000          NULL 
114.2999    4    2.000   1.0000      triangle
116.2999    0    1.200   1.0000          NULL 
117.4999    3    2.000   1.0000        circle
119.4999    0    1.000   1.0000          NULL 
120.4999    1    2.000   1.0000          line
122.4999    0    1.200   1.0000          NULL 
123.6999    2    2.000   1.0000        square
125.6999    0    1.200   1.0000          NULL 
126.8999    3    2.000   1.0000        circle
128.8999    0    1.100   1.0000          NULL 
