  0.0000    3    2.000   1.0000      triangle
  2.0000    0    1.500   1.0000          NULL 
  3.5000    4    2.000   1.0000        circle
  5.5000    0    1.500   1.0000          NULL 
  7.0000    2    2.000   1.0000        square
  9.0000    0    0.500   1.0000          NULL 
  9.5000    4    2.000   1.0000        circle
 11.5000    0    2.000   1.0000          NULL 
 13.5000    2    2.000   1.0000        square
 15.5000    0    0.500   1.0000          NULL 
 16.0000    1    2.000   1.0000          line
 18.0000    0    0.500   1.0000          NULL 
 18.5000    1    2.000   1.0000          line
 20.5000    0    1.000   1.0000          NULL 
 21.5000    3    2.000   1.0000      triangle
 23.5000    0    3.000   1.0000          NULL 
 26.5000    1    2.000   1.0000          line
 28.5000    0    1.000   1.0000          NULL 
 29.5000    3    2.000   1.0000      triangle
 31.5000    0    3.000   1.0000          NULL 
 34.5000    4    2.000   1.0000        circle
 36.5000    0    1.000   1.0000          NULL 
 37.5000    3    2.000   1.0000      triangle
 39.5000    0    3.000   1.0000          NULL 
 42.5000    1    2.000   1.0000          line
 44.5000    0    3.000   1.0000          NULL 
 47.5000    2    2.000   1.0000        square
 49.5000    0    4.000   1.0000          NULL 
 53.5000    4    2.000   1.0000        circle
 55.5000    0    0.500   1.0000          NULL 
 56.0000    1    2.000   1.0000          line
 58.0000    0    2.500   1.0000          NULL 
 60.5000    1    2.000   1.0000          line
 62.5000    0    0.500   1.0000          NULL 
 63.0000    2    2.000   1.0000        square
 65.0000    0    0.500   1.0000          NULL 
 65.5000    3    2.000   1.0000      triangle
 67.5000    0    2.500   1.0000          NULL 
 70.0000    3    2.000   1.0000      triangle
 72.0000    0    0.500   1.0000          NULL 
 72.5000    2    2.000   1.0000        square
 74.5000    0    0.500   1.0000          NULL 
 75.0000    2    2.000   1.0000        square
 77.0000    0    1.000   1.0000          NULL 
 78.0000    4    2.000   1.0000        circle
 80.0000    0    1.500   1.0000          NULL 
 81.5000    3    2.000   1.0000      triangle
 83.5000    0    2.000   1.0000          NULL 
 85.5000    2    2.000   1.0000        square
 87.5000    0    3.500   1.0000          NULL 
 91.0000    3    2.000   1.0000      triangle
 93.0000    0    1.000   1.0000          NULL 
 94.0000    2    2.000   1.0000        square
 96.0000    0    0.500   1.0000          NULL 
 96.5000    1    2.000   1.0000          line
 98.5000    0    0.500   1.0000          NULL 
 99.0000    1    2.000   1.0000          line
101.0000    0    0.500   1.0000          NULL 
101.5000    2    2.000   1.0000        square
103.5000    0    1.500   1.0000          NULL 
105.0000    4    2.000   1.0000        circle
107.0000    0    1.500   1.0000          NULL 
108.5000    2    2.000   1.0000        square
110.5000    0    4.000   1.0000          NULL 
114.5000    4    2.000   1.0000        circle
116.5000    0    1.500   1.0000          NULL 
118.0000    3    2.000   1.0000      triangle
120.0000    0    0.500   1.0000          NULL 
120.5000    2    2.000   1.0000        square
122.5000    0    3.000   1.0000          NULL 
125.5000    2    2.000   1.0000        square
127.5000    0    0.500   1.0000          NULL 
128.0000    2    2.000   1.0000        square
130.0000    0    0.500   1.0000          NULL 
130.5000    1    2.000   1.0000          line
132.5000    0    2.500   1.0000          NULL 
135.0000    3    2.000   1.0000      triangle
137.0000    0    1.500   1.0000          NULL 
138.5000    1    2.000   1.0000          line
140.5000    0    2.000   1.0000          NULL 
142.5000    3    2.000   1.0000      triangle
144.5000    0    4.000   1.0000          NULL 
148.5000    3    2.000   1.0000      triangle
150.5000    0    0.500   1.0000          NULL 
151.0000    2    2.000   1.0000        square
153.0000    0    0.500   1.0000          NULL 
153.5000    1    2.000   1.0000          line
155.5000    0    1.000   1.0000          NULL 
156.5000    3    2.000   1.0000      triangle
158.5000    0    0.500   1.0000          NULL 
159.0000    1    2.000   1.0000          line
161.0000    0    3.500   1.0000          NULL 
164.5000    2    2.000   1.0000        square
166.5000    0    1.500   1.0000          NULL 
168.0000    4    2.000   1.0000        circle
170.0000    0    2.000   1.0000          NULL 
172.0000    3    2.000   1.0000      triangle
174.0000    0    3.000   1.0000          NULL 
177.0000    3    2.000   1.0000      triangle
179.0000    0    0.500   1.0000          NULL 
179.5000    3    2.000   1.0000      triangle
181.5000    0    0.500   1.0000          NULL 
182.0000    1    2.000   1.0000          line
184.0000    0    1.000   1.0000          NULL 
185.0000    1    2.000   1.0000          line
187.0000    0    2.500   1.0000          NULL 
189.5000    2    2.000   1.0000        square
191.5000    0    1.000   1.0000          NULL 
192.5000    4    2.000   1.0000        circle
194.5000    0    1.000   1.0000          NULL 
195.5000    4    2.000   1.0000        circle
197.5000    0    2.000   1.0000          NULL 
199.5000    1    2.000   1.0000          line
201.5000    0    0.500   1.0000          NULL 
202.0000    1    2.000   1.0000          line
204.0000    0    0.500   1.0000          NULL 
204.5000    4    2.000   1.0000        circle
206.5000    0    2.500   1.0000          NULL 
209.0000    3    2.000   1.0000      triangle
211.0000    0    3.000   1.0000          NULL 
214.0000    2    2.000   1.0000        square
216.0000    0    0.500   1.0000          NULL 
216.5000    3    2.000   1.0000      triangle
218.5000    0    0.500   1.0000          NULL 
219.0000    3    2.000   1.0000      triangle
221.0000    0    3.000   1.0000          NULL 
224.0000    1    2.000   1.0000          line
226.0000    0    0.500   1.0000          NULL 
226.5000    4    2.000   1.0000        circle
228.5000    0    2.000   1.0000          NULL 
230.5000    2    2.000   1.0000        square
232.5000    0    0.500   1.0000          NULL 
233.0000    1    2.000   1.0000          line
235.0000    0    0.500   1.0000          NULL 
235.5000    2    2.000   1.0000        square
237.5000    0    0.500   1.0000          NULL 
238.0000    1    2.000   1.0000          line
240.0000    0    1.500   1.0000          NULL 
241.5000    1    2.000   1.0000          line
243.5000    0    2.500   1.0000          NULL 
246.0000    1    2.000   1.0000          line
248.0000    0    1.500   1.0000          NULL 
249.5000    4    2.000   1.0000        circle
251.5000    0    1.000   1.0000          NULL 
252.5000    3    2.000   1.0000      triangle
254.5000    0    1.000   1.0000          NULL 
255.5000    3    2.000   1.0000      triangle
257.5000    0    2.000   1.0000          NULL 
259.5000    1    2.000   1.0000          line
261.5000    0    1.000   1.0000          NULL 
262.5000    1    2.000   1.0000          line
264.5000    0    1.500   1.0000          NULL 
266.0000    4    2.000   1.0000        circle
268.0000    0    2.500   1.0000          NULL 
270.5000    2    2.000   1.0000        square
272.5000    0    0.500   1.0000          NULL 
273.0000    3    2.000   1.0000      triangle
275.0000    0    1.000   1.0000          NULL 
276.0000    4    2.000   1.0000        circle
278.0000    0    1.500   1.0000          NULL 
279.5000    4    2.000   1.0000        circle
281.5000    0    0.500   1.0000          NULL 
282.0000    2    2.000   1.0000        square
284.0000    0    3.000   1.0000          NULL 
287.0000    1    2.000   1.0000          line
289.0000    0    0.500   1.0000          NULL 
289.5000    1    2.000   1.0000          line
291.5000    0    0.500   1.0000          NULL 
292.0000    4    2.000   1.0000        circle
294.0000    0    1.500   1.0000          NULL 
295.5000    2    2.000   1.0000        square
297.5000    0    1.000   1.0000          NULL 
298.5000    3    2.000   1.0000      triangle
300.5000    0    1.000   1.0000          NULL 
301.5000    3    2.000   1.0000      triangle
303.5000    0    0.500   1.0000          NULL 
304.0000    4    2.000   1.0000        circle
306.0000    0    1.000   1.0000          NULL 
307.0000    4    2.000   1.0000        circle
309.0000    0    1.000   1.0000          NULL 
310.0000    2    2.000   1.0000        square
312.0000    0    3.000   1.0000          NULL 
315.0000    4    2.000   1.0000        circle
317.0000    0    1.000   1.0000          NULL 
318.0000    2    2.000   1.0000        square
320.0000    0    1.500   1.0000          NULL 
321.5000    4    2.000   1.0000        circle
323.5000    0    1.500   1.0000          NULL 
325.0000    2    2.000   1.0000        square
327.0000    0    0.500   1.0000          NULL 
327.5000    4    2.000   1.0000        circle
329.5000    0    1.500   1.0000          NULL 
331.0000    3    2.000   1.0000      triangle
333.0000    0    1.000   1.0000          NULL 
334.0000    4    2.000   1.0000        circle
336.0000    0    1.500   1.0000          NULL 
337.5000    4    2.000   1.0000        circle
339.5000    0    0.500   1.0000          NULL 
340.0000    1    2.000   1.0000          line
342.0000    0    2.000   1.0000          NULL 
344.0000    4    2.000   1.0000        circle
346.0000    0    3.500   1.0000          NULL 
349.5000    4    2.000   1.0000        circle
351.5000    0    1.500   1.0000          NULL 
353.0000    4    2.000   1.0000        circle
355.0000    0    1.500   1.0000          NULL 
356.5000    4    2.000   1.0000        circle
358.5000    0    0.500   1.0000          NULL 
359.0000    1    2.000   1.0000          line
361.0000    0    3.000   1.0000          NULL 
364.0000    1    2.000   1.0000          line
366.0000    0    1.500   1.0000          NULL 
367.5000    2    2.000   1.0000        square
369.5000    0    1.500   1.0000          NULL 
371.0000    1    2.000   1.0000          line
373.0000    0    1.500   1.0000          NULL 
374.5000    2    2.000   1.0000        square
376.5000    0    0.500   1.0000          NULL 
377.0000    2    2.000   1.0000        square
379.0000    0    1.500   1.0000          NULL 
380.5000    3    2.000   1.0000      triangle
382.5000    0    0.500   1.0000          NULL 
383.0000    4    2.000   1.0000        circle
385.0000    0    4.000   1.0000          NULL 
389.0000    4    2.000   1.0000        circle
391.0000    0    0.500   1.0000          NULL 
391.5000    3    2.000   1.0000      triangle
393.5000    0    2.000   1.0000          NULL 
395.5000    1    2.000   1.0000          line
397.5000    0    1.500   1.0000          NULL 
399.0000    3    2.000   1.0000      triangle
401.0000    0    2.000   1.0000          NULL 
403.0000    2    2.000   1.0000        square
405.0000    0    3.500   1.0000          NULL 
408.5000    2    2.000   1.0000        square
410.5000    0    1.500   1.0000          NULL 
412.0000    3    2.000   1.0000      triangle
414.0000    0    2.500   1.0000          NULL 
416.5000    3    2.000   1.0000      triangle
418.5000    0    1.500   1.0000          NULL 
