  0.0000    1    2.000   1.0000          line
  2.0000    0    1.000   1.0000          NULL 
  3.0000    2    2.000   1.0000        square
  5.0000    0    1.700   1.0000          NULL 
  6.7000    2    2.000   1.0000        square
  8.7000    0    1.000   1.0000          NULL 
  9.7000    4    2.000   1.0000      triangle
 11.7000    0    1.200   1.0000          NULL 
 12.9000    3    2.000   1.0000        circle
 14.9000    0    1.000   1.0000          NULL 
 15.9000    1    2.000   1.0000          line
 17.9000    0    2.000   1.0000          NULL 
 19.9000    2    2.000   1.0000        square
 21.9000    0    1.100   1.0000          NULL 
 23.0000    4    2.000   1.0000      triangle
 25.0000    0    1.000   1.0000          NULL 
 26.0000    2    2.000   1.0000        square
 28.0000    0    1.000   1.0000          NULL 
 29.0000    3    2.000   1.0000        circle
 31.0000    0    1.100   1.0000          NULL 
 32.1000    2    2.000   1.0000        square
 34.1000    0    1.000   1.0000          NULL 
 35.1000    1    2.000   1.0000          line
 37.1000    0    1.200   1.0000          NULL 
 38.3000    1    2.000   1.0000          line
 40.3000    0    1.400   1.0000          NULL 
 41.7000    1    2.000   1.0000          line
 43.7000    0    1.600   1.0000          NULL 
 45.3000    1    2.000   1.0000          line
 47.3000    0    1.300   1.0000          NULL 
 48.6000    2    2.000   1.0000        square
 50.6000    0    1.000   1.0000          NULL 
 51.6000    4    2.000   1.0000      triangle
 53.6000    0    1.400   1.0000          NULL 
 55.0000    2    2.000   1.0000        square
 57.0000    0    1.000   1.0000          NULL 
 58.0000    3    2.000   1.0000        circle
 60.0000    0    1.200   1.0000          NULL 
 61.2000    3    2.000   1.0000        circle
 63.2000    0    1.700   1.0000          NULL 
 64.9000    1    2.000   1.0000          line
 66.9000    0    1.000   1.0000          NULL 
 67.9000    1    2.000   1.0000          line
 69.9000    0    1.600   1.0000          NULL 
 71.4999    3    2.000   1.0000        circle
 73.4999    0    1.300   1.0000          NULL 
 74.7999    4    2.000   1.0000      triangle
 76.7999    0    1.200   1.0000          NULL 
 77.9999    4    2.000   1.0000      triangle
 79.9999    0    1.000   1.0000          NULL 
 80.9999    3    2.000   1.0000        circle
 82.9999    0    1.600   1.0000          NULL 
 84.5999    1    2.000   1.0000          line
 86.5999    0    1.000   1.0000          NULL 
 87.5999    2    2.000   1.0000        square
 89.5999    0    1.100   1.0000          NULL 
 90.6999    4    2.000   1.0000      triangle
 92.6999    0    1.000   1.0000          NULL 
 93.6999    3    2.000   1.0000        circle
 95.6999    0    1.100   1.0000          NULL 
 96.7999    4    2.000   1.0000      triangle
 98.7999    0    1.200   1.0000          NULL 
 99.9999    2    2.000   1.0000        square
101.9999    0    1.200   1.0000          NULL 
103.1999    2    2.000   1.0000        square
105.1999    0    1.400   1.0000          NULL 
106.5999    4    2.000   1.0000      triangle
108.5999    0    2.000   1.0000          NULL 
110.5999    4    2.000   1.0000      triangle
112.5999    0    1.100   1.0000          NULL 
113.6999    3    2.000   1.0000        circle
115.6999    0    1.100   1.0000          NULL 
116.7999    1    2.000   1.0000          line
118.7999    0    1.300   1.0000          NULL 
120.0999    4    2.000   1.0000      triangle
122.0999    0    1.800   1.0000          NULL 
123.8999    3    2.000   1.0000        circle
125.8999    0    1.000   1.0000          NULL 
126.8999    3    2.000   1.0000        circle
128.8999    0    1.100   1.0000          NULL 
