  0.0000    2    2.000   1.0000        square
  2.0000    0    3.000   1.0000          NULL 
  5.0000    1    2.000   1.0000          line
  7.0000    0    0.500   1.0000          NULL 
  7.5000    3    2.000   1.0000      triangle
  9.5000    0    3.000   1.0000          NULL 
 12.5000    1    2.000   1.0000          line
 14.5000    0    0.500   1.0000          NULL 
 15.0000    1    2.000   1.0000          line
 17.0000    0    1.500   1.0000          NULL 
 18.5000    4    2.000   1.0000        circle
 20.5000    0    2.000   1.0000          NULL 
 22.5000    4    2.000   1.0000        circle
 24.5000    0    0.500   1.0000          NULL 
 25.0000    2    2.000   1.0000        square
 27.0000    0    1.000   1.0000          NULL 
 28.0000    1    2.000   1.0000          line
 30.0000    0    1.000   1.0000          NULL 
 31.0000    2    2.000   1.0000        square
 33.0000    0    2.000   1.0000          NULL 
 35.0000    4    2.000   1.0000        circle
 37.0000    0    2.500   1.0000          NULL 
 39.5000    2    2.000   1.0000        square
 41.5000    0    3.000   1.0000          NULL 
 44.5000    3    2.000   1.0000      triangle
 46.5000    0    2.000   1.0000          NULL 
 48.5000    3    2.000   1.0000      triangle
 50.5000    0    0.500   1.0000          NULL 
 51.0000    1    2.000   1.0000          line
 53.0000    0    2.000   1.0000          NULL 
 55.0000    3    2.000   1.0000      triangle
 57.0000    0    0.500   1.0000          NULL 
 57.5000    2    2.000   1.0000        square
 59.5000    0    0.500   1.0000          NULL 
 60.0000    2    2.000   1.0000        square
 62.0000    0    2.500   1.0000          NULL 
 64.5000    2    2.000   1.0000        square
 66.5000    0    2.500   1.0000          NULL 
 69.0000    3    2.000   1.0000      triangle
 71.0000    0    0.500   1.0000          NULL 
 71.5000    2    2.000   1.0000        square
 73.5000    0    0.500   1.0000          NULL 
 74.0000    3    2.000   1.0000      triangle
 76.0000    0    0.500   1.0000          NULL 
 76.5000    2    2.000   1.0000        square
 78.5000    0    0.500   1.0000          NULL 
 79.0000    1    2.000   1.0000          line
 81.0000    0    1.500   1.0000          NULL 
 82.5000    3    2.000   1.0000      triangle
 84.5000    0    1.500   1.0000          NULL 
 86.0000    1    2.000   1.0000          line
 88.0000    0    0.500   1.0000          NULL 
 88.5000    4    2.000   1.0000        circle
 90.5000    0    1.500   1.0000          NULL 
 92.0000    3    2.000   1.0000      triangle
 94.0000    0    1.000   1.0000          NULL 
 95.0000    1    2.000   1.0000          line
 97.0000    0    2.000   1.0000          NULL 
 99.0000    2    2.000   1.0000        square
101.0000    0    0.500   1.0000          NULL 
101.5000    3    2.000   1.0000      triangle
103.5000    0    3.500   1.0000          NULL 
107.0000    2    2.000   1.0000        square
109.0000    0    2.000   1.0000          NULL 
111.0000    4    2.000   1.0000        circle
113.0000    0    0.500   1.0000          NULL 
113.5000    1    2.000   1.0000          line
115.5000    0    3.000   1.0000          NULL 
118.5000    2    2.000   1.0000        square
120.5000    0    3.000   1.0000          NULL 
123.5000    4    2.000   1.0000        circle
125.5000    0    1.500   1.0000          NULL 
127.0000    3    2.000   1.0000      triangle
129.0000    0    1.000   1.0000          NULL 
130.0000    1    2.000   1.0000          line
132.0000    0    2.000   1.0000          NULL 
134.0000    2    2.000   1.0000        square
136.0000    0    0.500   1.0000          NULL 
136.5000    2    2.000   1.0000        square
138.5000    0    1.500   1.0000          NULL 
140.0000    1    2.000   1.0000          line
142.0000    0    2.000   1.0000          NULL 
144.0000    2    2.000   1.0000        square
146.0000    0    1.000   1.0000          NULL 
147.0000    1    2.000   1.0000          line
149.0000    0    2.000   1.0000          NULL 
151.0000    3    2.000   1.0000      triangle
153.0000    0    0.500   1.0000          NULL 
153.5000    4    2.000   1.0000        circle
155.5000    0    0.500   1.0000          NULL 
156.0000    1    2.000   1.0000          line
158.0000    0    1.000   1.0000          NULL 
159.0000    4    2.000   1.0000        circle
161.0000    0    1.500   1.0000          NULL 
162.5000    1    2.000   1.0000          line
164.5000    0    1.000   1.0000          NULL 
165.5000    4    2.000   1.0000        circle
167.5000    0    0.500   1.0000          NULL 
168.0000    3    2.000   1.0000      triangle
170.0000    0    1.500   1.0000          NULL 
171.5000    2    2.000   1.0000        square
173.5000    0    1.500   1.0000          NULL 
175.0000    4    2.000   1.0000        circle
177.0000    0    1.500   1.0000          NULL 
178.5000    2    2.000   1.0000        square
180.5000    0    0.500   1.0000          NULL 
181.0000    4    2.000   1.0000        circle
183.0000    0    1.000   1.0000          NULL 
184.0000    2    2.000   1.0000        square
186.0000    0    2.500   1.0000          NULL 
188.5000    3    2.000   1.0000      triangle
190.5000    0    1.000   1.0000          NULL 
191.5000    1    2.000   1.0000          line
193.5000    0    2.500   1.0000          NULL 
196.0000    3    2.000   1.0000      triangle
198.0000    0    2.500   1.0000          NULL 
200.5000    2    2.000   1.0000        square
202.5000    0    4.000   1.0000          NULL 
206.5000    1    2.000   1.0000          line
208.5000    0    0.500   1.0000          NULL 
209.0000    1    2.000   1.0000          line
211.0000    0    3.000   1.0000          NULL 
214.0000    4    2.000   1.0000        circle
216.0000    0    2.000   1.0000          NULL 
218.0000    4    2.000   1.0000        circle
220.0000    0    0.500   1.0000          NULL 
220.5000    4    2.000   1.0000        circle
222.5000    0    1.000   1.0000          NULL 
223.5000    4    2.000   1.0000        circle
225.5000    0    0.500   1.0000          NULL 
226.0000    4    2.000   1.0000        circle
228.0000    0    1.500   1.0000          NULL 
229.5000    4    2.000   1.0000        circle
231.5000    0    3.000   1.0000          NULL 
234.5000    1    2.000   1.0000          line
236.5000    0    0.500   1.0000          NULL 
237.0000    3    2.000   1.0000      triangle
239.0000    0    3.500   1.0000          NULL 
242.5000    2    2.000   1.0000        square
244.5000    0    1.000   1.0000          NULL 
245.5000    1    2.000   1.0000          line
247.5000    0    1.500   1.0000          NULL 
249.0000    3    2.000   1.0000      triangle
251.0000    0    1.500   1.0000          NULL 
252.5000    1    2.000   1.0000          line
254.5000    0    1.000   1.0000          NULL 
255.5000    1    2.000   1.0000          line
257.5000    0    0.500   1.0000          NULL 
258.0000    1    2.000   1.0000          line
260.0000    0    0.500   1.0000          NULL 
260.5000    4    2.000   1.0000        circle
262.5000    0    1.000   1.0000          NULL 
263.5000    2    2.000   1.0000        square
265.5000    0    1.500   1.0000          NULL 
267.0000    2    2.000   1.0000        square
269.0000    0    1.000   1.0000          NULL 
270.0000    2    2.000   1.0000        square
272.0000    0    1.500   1.0000          NULL 
273.5000    1    2.000   1.0000          line
275.5000    0    3.000   1.0000          NULL 
278.5000    3    2.000   1.0000      triangle
280.5000    0    1.500   1.0000          NULL 
282.0000    4    2.000   1.0000        circle
284.0000    0    2.000   1.0000          NULL 
286.0000    4    2.000   1.0000        circle
288.0000    0    0.500   1.0000          NULL 
288.5000    1    2.000   1.0000          line
290.5000    0    0.500   1.0000          NULL 
291.0000    2    2.000   1.0000        square
293.0000    0    0.500   1.0000          NULL 
293.5000    3    2.000   1.0000      triangle
295.5000    0    1.000   1.0000          NULL 
296.5000    2    2.000   1.0000        square
298.5000    0    3.500   1.0000          NULL 
302.0000    1    2.000   1.0000          line
304.0000    0    3.500   1.0000          NULL 
307.5000    3    2.000   1.0000      triangle
309.5000    0    1.000   1.0000          NULL 
310.5000    3    2.000   1.0000      triangle
312.5000    0    1.000   1.0000          NULL 
313.5000    4    2.000   1.0000        circle
315.5000    0    4.000   1.0000          NULL 
319.5000    4    2.000   1.0000        circle
321.5000    0    2.500   1.0000          NULL 
324.0000    4    2.000   1.0000        circle
326.0000    0    0.500   1.0000          NULL 
326.5000    1    2.000   1.0000          line
328.5000    0    1.500   1.0000          NULL 
330.0000    4    2.000   1.0000        circle
332.0000    0    1.000   1.0000          NULL 
333.0000    4    2.000   1.0000        circle
335.0000    0    2.000   1.0000          NULL 
337.0000    4    2.000   1.0000        circle
339.0000    0    1.000   1.0000          NULL 
340.0000    2    2.000   1.0000        square
342.0000    0    0.500   1.0000          NULL 
342.5000    4    2.000   1.0000        circle
344.5000    0    1.000   1.0000          NULL 
345.5000    2    2.000   1.0000        square
347.5000    0    0.500   1.0000          NULL 
348.0000    2    2.000   1.0000        square
350.0000    0    1.000   1.0000          NULL 
351.0000    4    2.000   1.0000        circle
353.0000    0    1.500   1.0000          NULL 
354.5000    1    2.000   1.0000          line
356.5000    0    0.500   1.0000          NULL 
357.0000    2    2.000   1.0000        square
359.0000    0    2.000   1.0000          NULL 
361.0000    2    2.000   1.0000        square
363.0000    0    3.000   1.0000          NULL 
366.0000    3    2.000   1.0000      triangle
368.0000    0    3.500   1.0000          NULL 
371.5000    3    2.000   1.0000      triangle
373.5000    0    0.500   1.0000          NULL 
374.0000    1    2.000   1.0000          line
376.0000    0    2.000   1.0000          NULL 
378.0000    3    2.000   1.0000      triangle
380.0000    0    1.000   1.0000          NULL 
381.0000    4    2.000   1.0000        circle
383.0000    0    1.500   1.0000          NULL 
384.5000    1    2.000   1.0000          line
386.5000    0    1.000   1.0000          NULL 
387.5000    1    2.000   1.0000          line
389.5000    0    0.500   1.0000          NULL 
390.0000    3    2.000   1.0000      triangle
392.0000    0    1.000   1.0000          NULL 
393.0000    3    2.000   1.0000      triangle
395.0000    0    2.000   1.0000          NULL 
397.0000    3    2.000   1.0000      triangle
399.0000    0    3.000   1.0000          NULL 
402.0000    3    2.000   1.0000      triangle
404.0000    0    1.500   1.0000          NULL 
405.5000    3    2.000   1.0000      triangle
407.5000    0    2.000   1.0000          NULL 
409.5000    4    2.000   1.0000        circle
411.5000    0    0.500   1.0000          NULL 
412.0000    3    2.000   1.0000      triangle
414.0000    0    0.500   1.0000          NULL 
414.5000    3    2.000   1.0000      triangle
416.5000    0    3.500   1.0000          NULL 
