  0.0000    2    2.000   1.0000        square
  2.0000    0    1.300   1.0000          NULL 
  3.3000    2    2.000   1.0000        square
  5.3000    0    1.100   1.0000          NULL 
  6.4000    4    2.000   1.0000      triangle
  8.4000    0    1.000   1.0000          NULL 
  9.4000    2    2.000   1.0000        square
 11.4000    0    1.100   1.0000          NULL 
 12.5000    1    2.000   1.0000          line
 14.5000    0    1.400   1.0000          NULL 
 15.9000    3    2.000   1.0000        circle
 17.9000    0    1.100   1.0000          NULL 
 19.0000    3    2.000   1.0000        circle
 21.0000    0    1.100   1.0000          NULL 
 22.1000    2    2.000   1.0000        square
 24.1000    0    1.300   1.0000          NULL 
 25.4000    2    2.000   1.0000        square
 27.4000    0    1.000   1.0000          NULL 
 28.4000    3    2.000   1.0000        circle
 30.4000    0    1.000   1.0000          NULL 
 31.4000    4    2.000   1.0000      triangle
 33.4000    0    1.100   1.0000          NULL 
 34.5000    1    2.000   1.0000          line
 36.5000    0    1.000   1.0000          NULL 
 37.5000    4    2.000   1.0000      triangle
 39.5000    0    1.400   1.0000          NULL 
 40.9000    1    2.000   1.0000          line
 42.9000    0    1.100   1.0000          NULL 
 44.0000    2    2.000   1.0000        square
 46.0000    0    1.100   1.0000          NULL 
 47.1000    3    2.000   1.0000        circle
 49.1000    0    1.200   1.0000          NULL 
 50.3000    1    2.000   1.0000          line
 52.3000    0    2.000   1.0000          NULL 
 54.3000    4    2.000   1.0000      triangle
 56.3000    0    1.300   1.0000          NULL 
 57.6000    1    2.000   1.0000          line
 59.6000    0    1.500   1.0000          NULL 
 61.1000    1    2.000   1.0000          line
 63.1000    0    1.300   1.0000          NULL 
 64.4000    3    2.000   1.0000        circle
 66.4000    0    1.000   1.0000          NULL 
 67.4000    1    2.000   1.0000          line
 69.4000    0    1.900   1.0000          NULL 
 71.2999    4    2.000   1.0000      triangle
 73.2999    0    1.100   1.0000          NULL 
 74.3999    3    2.000   1.0000        circle
 76.3999    0    1.000   1.0000          NULL 
 77.3999    2    2.000   1.0000        square
 79.3999    0    1.000   1.0000          NULL 
 80.3999    3    2.000   1.0000        circle
 82.3999    0    1.900   1.0000          NULL 
 84.2999    1    2.000   1.0000          line
 86.2999    0    1.000   1.0000          NULL 
 87.2999    1    2.000   1.0000          line
 89.2999    0    1.100   1.0000          NULL 
 90.3999    4    2.000   1.0000      triangle
 92.3999    0    1.800   1.0000          NULL 
 94.1999    3    2.000   1.0000        circle
 96.1999    0    1.300   1.0000          NULL 
 97.4999    4    2.000   1.0000      triangle
 99.4999    0    1.700   1.0000          NULL 
101.1999    3    2.000   1.0000        circle
103.1999    0    1.300   1.0000          NULL 
104.4999    4    2.000   1.0000      triangle
106.4999    0    1.000   1.0000          NULL 
107.4999    2    2.000   1.0000        square
109.4999    0    1.700   1.0000          NULL 
111.1999    2    2.000   1.0000        square
113.1999    0    1.100   1.0000          NULL 
114.2999    2    2.000   1.0000        square
116.2999    0    1.500   1.0000          NULL 
117.7999    4    2.000   1.0000      triangle
119.7999    0    1.000   1.0000          NULL 
120.7999    1    2.000   1.0000          line
122.7999    0    1.200   1.0000          NULL 
123.9999    4    2.000   1.0000      triangle
125.9999    0    1.000   1.0000          NULL 
126.9999    3    2.000   1.0000        circle
128.9999    0    1.000   1.0000          NULL 
