  0.0000    2    2.000   1.0000        square
  2.0000    0    1.000   1.0000          NULL 
  3.0000    1    2.000   1.0000          line
  5.0000    0    0.500   1.0000          NULL 
  5.5000    2    2.000   1.0000        square
  7.5000    0    2.000   1.0000          NULL 
  9.5000    3    2.000   1.0000      triangle
 11.5000    0    0.500   1.0000          NULL 
 12.0000    2    2.000   1.0000        square
 14.0000    0    1.500   1.0000          NULL 
 15.5000    1    2.000   1.0000          line
 17.5000    0    2.000   1.0000          NULL 
 19.5000    4    2.000   1.0000        circle
 21.5000    0    3.000   1.0000          NULL 
 24.5000    2    2.000   1.0000        square
 26.5000    0    0.500   1.0000          NULL 
 27.0000    3    2.000   1.0000      triangle
 29.0000    0    1.000   1.0000          NULL 
 30.0000    3    2.000   1.0000      triangle
 32.0000    0    1.000   1.0000          NULL 
 33.0000    3    2.000   1.0000      triangle
 35.0000    0    1.000   1.0000          NULL 
 36.0000    2    2.000   1.0000        square
 38.0000    0    2.500   1.0000          NULL 
 40.5000    2    2.000   1.0000        square
 42.5000    0    2.000   1.0000          NULL 
 44.5000    2    2.000   1.0000        square
 46.5000    0    0.500   1.0000          NULL 
 47.0000    1    2.000   1.0000          line
 49.0000    0    0.500   1.0000          NULL 
 49.5000    1    2.000   1.0000          line
 51.5000    0    1.000   1.0000          NULL 
 52.5000    3    2.000   1.0000      triangle
 54.5000    0    1.500   1.0000          NULL 
 56.0000    3    2.000   1.0000      triangle
 58.0000    0    0.500   1.0000          NULL 
 58.5000    3    2.000   1.0000      triangle
 60.5000    0    0.500   1.0000          NULL 
 61.0000    2    2.000   1.0000        square
 63.0000    0    0.500   1.0000          NULL 
 63.5000    3    2.000   1.0000      triangle
 65.5000    0    3.500   1.0000          NULL 
 69.0000    1    2.000   1.0000          line
 71.0000    0    0.500   1.0000          NULL 
 71.5000    2    2.000   1.0000        square
 73.5000    0    0.500   1.0000          NULL 
 74.0000    1    2.000   1.0000          line
 76.0000    0    1.000   1.0000          NULL 
 77.0000    2    2.000   1.0000        square
 79.0000    0    2.500   1.0000          NULL 
 81.5000    3    2.000   1.0000      triangle
 83.5000    0    1.500   1.0000          NULL 
 85.0000    1    2.000   1.0000          line
 87.0000    0    1.000   1.0000          NULL 
 88.0000    2    2.000   1.0000        square
 90.0000    0    3.500   1.0000          NULL 
 93.5000    2    2.000   1.0000        square
 95.5000    0    2.000   1.0000          NULL 
 97.5000    3    2.000   1.0000      triangle
 99.5000    0    0.500   1.0000          NULL 
100.0000    4    2.000   1.0000        circle
102.0000    0    2.500   1.0000          NULL 
104.5000    2    2.000   1.0000        square
106.5000    0    0.500   1.0000          NULL 
107.0000    3    2.000   1.0000      triangle
109.0000    0    0.500   1.0000          NULL 
109.5000    4    2.000   1.0000        circle
111.5000    0    0.500   1.0000          NULL 
112.0000    3    2.000   1.0000      triangle
114.0000    0    1.000   1.0000          NULL 
115.0000    4    2.000   1.0000        circle
117.0000    0    0.500   1.0000          NULL 
117.5000    4    2.000   1.0000        circle
119.5000    0    0.500   1.0000          NULL 
120.0000    4    2.000   1.0000        circle
122.0000    0    1.000   1.0000          NULL 
123.0000    1    2.000   1.0000          line
125.0000    0    3.500   1.0000          NULL 
128.5000    3    2.000   1.0000      triangle
130.5000    0    3.000   1.0000          NULL 
133.5000    1    2.000   1.0000          line
135.5000    0    0.500   1.0000          NULL 
136.0000    1    2.000   1.0000          line
138.0000    0    3.500   1.0000          NULL 
141.5000    4    2.000   1.0000        circle
143.5000    0    2.000   1.0000          NULL 
145.5000    4    2.000   1.0000        circle
147.5000    0    0.500   1.0000          NULL 
148.0000    1    2.000   1.0000          line
150.0000    0    0.500   1.0000          NULL 
150.5000    3    2.000   1.0000      triangle
152.5000    0    1.500   1.0000          NULL 
154.0000    2    2.000   1.0000        square
156.0000    0    1.000   1.0000          NULL 
157.0000    3    2.000   1.0000      triangle
159.0000    0    1.000   1.0000          NULL 
160.0000    3    2.000   1.0000      triangle
162.0000    0    1.000   1.0000          NULL 
163.0000    1    2.000   1.0000          line
165.0000    0    1.500   1.0000          NULL 
166.5000    4    2.000   1.0000        circle
168.5000    0    1.000   1.0000          NULL 
169.5000    4    2.000   1.0000        circle
171.5000    0    1.000   1.0000          NULL 
172.5000    3    2.000   1.0000      triangle
174.5000    0    1.000   1.0000          NULL 
175.5000    3    2.000   1.0000      triangle
177.5000    0    1.000   1.0000          NULL 
178.5000    2    2.000   1.0000        square
180.5000    0    0.500   1.0000          NULL 
181.0000    4    2.000   1.0000        circle
183.0000    0    4.000   1.0000          NULL 
187.0000    4    2.000   1.0000        circle
189.0000    0    0.500   1.0000          NULL 
189.5000    3    2.000   1.0000      triangle
191.5000    0    1.500   1.0000          NULL 
193.0000    4    2.000   1.0000        circle
195.0000    0    3.500   1.0000          NULL 
198.5000    1    2.000   1.0000          line
200.5000    0    1.500   1.0000          NULL 
202.0000    1    2.000   1.0000          line
204.0000    0    2.000   1.0000          NULL 
206.0000    1    2.000   1.0000          line
208.0000    0    0.500   1.0000          NULL 
208.5000    4    2.000   1.0000        circle
210.5000    0    2.500   1.0000          NULL 
213.0000    3    2.000   1.0000      triangle
215.0000    0    0.500   1.0000          NULL 
215.5000    4    2.000   1.0000        circle
217.5000    0    2.500   1.0000          NULL 
220.0000    1    2.000   1.0000          line
222.0000    0    1.000   1.0000          NULL 
223.0000    4    2.000   1.0000        circle
225.0000    0    3.000   1.0000          NULL 
228.0000    2    2.000   1.0000        square
230.0000    0    3.000   1.0000          NULL 
233.0000    2    2.000   1.0000        square
235.0000    0    0.500   1.0000          NULL 
235.5000    1    2.000   1.0000          line
237.5000    0    3.000   1.0000          NULL 
240.5000    4    2.000   1.0000        circle
242.5000    0    0.500   1.0000          NULL 
243.0000    1    2.000   1.0000          line
245.0000    0    1.500   1.0000          NULL 
246.5000    4    2.000   1.0000        circle
248.5000    0    3.000   1.0000          NULL 
251.5000    4    2.000   1.0000        circle
253.5000    0    0.500   1.0000          NULL 
254.0000    4    2.000   1.0000        circle
256.0000    0    0.500   1.0000          NULL 
256.5000    1    2.000   1.0000          line
258.5000    0    2.000   1.0000          NULL 
260.5000    3    2.000   1.0000      triangle
262.5000    0    1.000   1.0000          NULL 
263.5000    1    2.000   1.0000          line
265.5000    0    0.500   1.0000          NULL 
266.0000    2    2.000   1.0000        square
268.0000    0    1.000   1.0000          NULL 
269.0000    4    2.000   1.0000        circle
271.0000    0    1.000   1.0000          NULL 
272.0000    3    2.000   1.0000      triangle
274.0000    0    1.000   1.0000          NULL 
275.0000    2    2.000   1.0000        square
277.0000    0    2.000   1.0000          NULL 
279.0000    2    2.000   1.0000        square
281.0000    0    1.000   1.0000          NULL 
282.0000    2    2.000   1.0000        square
284.0000    0    1.500   1.0000          NULL 
285.5000    4    2.000   1.0000        circle
287.5000    0    3.000   1.0000          NULL 
290.5000    3    2.000   1.0000      triangle
292.5000    0    3.000   1.0000          NULL 
295.5000    4    2.000   1.0000        circle
297.5000    0    1.000   1.0000          NULL 
298.5000    1    2.000   1.0000          line
300.5000    0    0.500   1.0000          NULL 
301.0000    3    2.000   1.0000      triangle
303.0000    0    2.000   1.0000          NULL 
305.0000    2    2.000   1.0000        square
307.0000    0    1.500   1.0000          NULL 
308.5000    1    2.000   1.0000          line
310.5000    0    1.000   1.0000          NULL 
311.5000    3    2.000   1.0000      triangle
313.5000    0    4.000   1.0000          NULL 
317.5000    2    2.000   1.0000        square
319.5000    0    2.000   1.0000          NULL 
321.5000    2    2.000   1.0000        square
323.5000    0    3.000   1.0000          NULL 
326.5000    4    2.000   1.0000        circle
328.5000    0    1.000   1.0000          NULL 
329.5000    2    2.000   1.0000        square
331.5000    0    0.500   1.0000          NULL 
332.0000    4    2.000   1.0000        circle
334.0000    0    1.000   1.0000          NULL 
335.0000    2    2.000   1.0000        square
337.0000    0    0.500   1.0000          NULL 
337.5000    1    2.000   1.0000          line
339.5000    0    1.000   1.0000          NULL 
340.5000    3    2.000   1.0000      triangle
342.5000    0    0.500   1.0000          NULL 
343.0000    1    2.000   1.0000          line
345.0000    0    3.000   1.0000          NULL 
348.0000    2    2.000   1.0000        square
350.0000    0    1.000   1.0000          NULL 
351.0000    4    2.000   1.0000        circle
353.0000    0    4.000   1.0000          NULL 
357.0000    1    2.000   1.0000          line
359.0000    0    2.000   1.0000          NULL 
361.0000    3    2.000   1.0000      triangle
363.0000    0    3.500   1.0000          NULL 
366.5000    3    2.000   1.0000      triangle
368.5000    0    0.500   1.0000          NULL 
369.0000    2    2.000   1.0000        square
371.0000    0    1.000   1.0000          NULL 
372.0000    4    2.000   1.0000        circle
374.0000    0    1.500   1.0000          NULL 
375.5000    1    2.000   1.0000          line
377.5000    0    0.500   1.0000          NULL 
378.0000    4    2.000   1.0000        circle
380.0000    0    0.500   1.0000          NULL 
380.5000    4    2.000   1.0000        circle
382.5000    0    1.000   1.0000          NULL 
383.5000    3    2.000   1.0000      triangle
385.5000    0    3.500   1.0000          NULL 
389.0000    1    2.000   1.0000          line
391.0000    0    1.000   1.0000          NULL 
392.0000    1    2.000   1.0000          line
394.0000    0    2.500   1.0000          NULL 
396.5000    2    2.000   1.0000        square
398.5000    0    2.000   1.0000          NULL 
400.5000    1    2.000   1.0000          line
402.5000    0    3.000   1.0000          NULL 
405.5000    2    2.000   1.0000        square
407.5000    0    1.000   1.0000          NULL 
408.5000    3    2.000   1.0000      triangle
410.5000    0    1.500   1.0000          NULL 
412.0000    4    2.000   1.0000        circle
414.0000    0    1.000   1.0000          NULL 
415.0000    1    2.000   1.0000          line
417.0000    0    3.000   1.0000          NULL 
