  0.0000    2    2.000   1.0000        square
  2.0000    0    1.500   1.0000          NULL 
  3.5000    1    2.000   1.0000          line
  5.5000    0    1.000   1.0000          NULL 
  6.5000    3    2.000   1.0000      triangle
  8.5000    0    4.000   1.0000          NULL 
 12.5000    1    2.000   1.0000          line
 14.5000    0    0.500   1.0000          NULL 
 15.0000    3    2.000   1.0000      triangle
 17.0000    0    3.500   1.0000          NULL 
 20.5000    1    2.000   1.0000          line
 22.5000    0    0.500   1.0000          NULL 
 23.0000    1    2.000   1.0000          line
 25.0000    0    3.500   1.0000          NULL 
 28.5000    1    2.000   1.0000          line
 30.5000    0    4.000   1.0000          NULL 
 34.5000    4    2.000   1.0000        circle
 36.5000    0    0.500   1.0000          NULL 
 37.0000    2    2.000   1.0000        square
 39.0000    0    2.500   1.0000          NULL 
 41.5000    3    2.000   1.0000      triangle
 43.5000    0    2.500   1.0000          NULL 
 46.0000    3    2.000   1.0000      triangle
 48.0000    0    0.500   1.0000          NULL 
 48.5000    4    2.000   1.0000        circle
 50.5000    0    1.500   1.0000          NULL 
 52.0000    2    2.000   1.0000        square
 54.0000    0    0.500   1.0000          NULL 
 54.5000    4    2.000   1.0000        circle
 56.5000    0    1.500   1.0000          NULL 
 58.0000    1    2.000   1.0000          line
 60.0000    0    1.000   1.0000          NULL 
 61.0000    1    2.000   1.0000          line
 63.0000    0    0.500   1.0000          NULL 
 63.5000    4    2.000   1.0000        circle
 65.5000    0    3.500   1.0000          NULL 
 69.0000    3    2.000   1.0000      triangle
 71.0000    0    1.500   1.0000          NULL 
 72.5000    3    2.000   1.0000      triangle
 74.5000    0    1.000   1.0000          NULL 
 75.5000    4    2.000   1.0000        circle
 77.5000    0    1.000   1.0000          NULL 
 78.5000    1    2.000   1.0000          line
 80.5000    0    2.000   1.0000          NULL 
 82.5000    2    2.000   1.0000        square
 84.5000    0    1.000   1.0000          NULL 
 85.5000    3    2.000   1.0000      triangle
 87.5000    0    1.000   1.0000          NULL 
 88.5000    2    2.000   1.0000        square
 90.5000    0    1.500   1.0000          NULL 
 92.0000    2    2.000   1.0000        square
 94.0000    0    3.500   1.0000          NULL 
 97.5000    1    2.000   1.0000          line
 99.5000    0    0.500   1.0000          NULL 
100.0000    1    2.000   1.0000          line
102.0000    0    1.000   1.0000          NULL 
103.0000    1    2.000   1.0000          line
105.0000    0    0.500   1.0000          NULL 
105.5000    2    2.000   1.0000        square
107.5000    0    3.000   1.0000          NULL 
110.5000    1    2.000   1.0000          line
112.5000    0    2.000   1.0000          NULL 
114.5000    3    2.000   1.0000      triangle
116.5000    0    0.500   1.0000          NULL 
117.0000    2    2.000   1.0000        square
119.0000    0    2.500   1.0000          NULL 
121.5000    2    2.000   1.0000        square
123.5000    0    2.500   1.0000          NULL 
126.0000    2    2.000   1.0000        square
128.0000    0    1.000   1.0000          NULL 
129.0000    2    2.000   1.0000        square
131.0000    0    1.500   1.0000          NULL 
132.5000    1    2.000   1.0000          line
134.5000    0    1.000   1.0000          NULL 
135.5000    4    2.000   1.0000        circle
137.5000    0    0.500   1.0000          NULL 
138.0000    4    2.000   1.0000        circle
140.0000    0    1.500   1.0000          NULL 
141.5000    3    2.000   1.0000      triangle
143.5000    0    2.500   1.0000          NULL 
146.0000    3    2.000   1.0000      triangle
148.0000    0    3.000   1.0000          NULL 
151.0000    4    2.000   1.0000        circle
153.0000    0    1.000   1.0000          NULL 
154.0000    3    2.000   1.0000      triangle
156.0000    0    1.000   1.0000          NULL 
157.0000    2    2.000   1.0000        square
159.0000    0    1.000   1.0000          NULL 
160.0000    4    2.000   1.0000        circle
162.0000    0    1.500   1.0000          NULL 
163.5000    2    2.000   1.0000        square
165.5000    0    0.500   1.0000          NULL 
166.0000    1    2.000   1.0000          line
168.0000    0    1.500   1.0000          NULL 
169.5000    1    2.000   1.0000          line
171.5000    0    0.500   1.0000          NULL 
172.0000    4    2.000   1.0000        circle
174.0000    0    1.000   1.0000          NULL 
175.0000    3    2.000   1.0000      triangle
177.0000    0    1.000   1.0000          NULL 
178.0000    3    2.000   1.0000      triangle
180.0000    0    2.500   1.0000          NULL 
182.5000    4    2.000   1.0000        circle
184.5000    0    1.000   1.0000          NULL 
185.5000    1    2.000   1.0000          line
187.5000    0    1.500   1.0000          NULL 
189.0000    2    2.000   1.0000        square
191.0000    0    1.000   1.0000          NULL 
192.0000    4    2.000   1.0000        circle
194.0000    0    1.000   1.0000          NULL 
195.0000    3    2.000   1.0000      triangle
197.0000    0    2.000   1.0000          NULL 
199.0000    3    2.000   1.0000      triangle
201.0000    0    1.000   1.0000          NULL 
202.0000    4    2.000   1.0000        circle
204.0000    0    2.000   1.0000          NULL 
206.0000    2    2.000   1.0000        square
208.0000    0    2.000   1.0000          NULL 
210.0000    2    2.000   1.0000        square
212.0000    0    0.500   1.0000          NULL 
212.5000    3    2.000   1.0000      triangle
214.5000    0    0.500   1.0000          NULL 
215.0000    4    2.000   1.0000        circle
217.0000    0    0.500   1.0000          NULL 
217.5000    4    2.000   1.0000        circle
219.5000    0    1.500   1.0000          NULL 
221.0000    4    2.000   1.0000        circle
223.0000    0    2.000   1.0000          NULL 
225.0000    4    2.000   1.0000        circle
227.0000    0    1.500   1.0000          NULL 
228.5000    3    2.000   1.0000      triangle
230.5000    0    0.500   1.0000          NULL 
231.0000    3    2.000   1.0000      triangle
233.0000    0    0.500   1.0000          NULL 
233.5000    1    2.000   1.0000          line
235.5000    0    1.000   1.0000          NULL 
236.5000    2    2.000   1.0000        square
238.5000    0    0.500   1.0000          NULL 
239.0000    3    2.000   1.0000      triangle
241.0000    0    2.500   1.0000          NULL 
243.5000    3    2.000   1.0000      triangle
245.5000    0    0.500   1.0000          NULL 
246.0000    4    2.000   1.0000        circle
248.0000    0    3.500   1.0000          NULL 
251.5000    4    2.000   1.0000        circle
253.5000    0    1.000   1.0000          NULL 
254.5000    4    2.000   1.0000        circle
256.5000    0    1.500   1.0000          NULL 
258.0000    1    2.000   1.0000          line
260.0000    0    0.500   1.0000          NULL 
260.5000    2    2.000   1.0000        square
262.5000    0    0.500   1.0000          NULL 
263.0000    4    2.000   1.0000        circle
265.0000    0    2.500   1.0000          NULL 
267.5000    2    2.000   1.0000        square
269.5000    0    1.500   1.0000          NULL 
271.0000    1    2.000   1.0000          line
273.0000    0    0.500   1.0000          NULL 
273.5000    3    2.000   1.0000      triangle
275.5000    0    1.000   1.0000          NULL 
276.5000    3    2.000   1.0000      triangle
278.5000    0    2.000   1.0000          NULL 
280.5000    2    2.000   1.0000        square
282.5000    0    3.500   1.0000          NULL 
286.0000    1    2.000   1.0000          line
288.0000    0    1.000   1.0000          NULL 
289.0000    1    2.000   1.0000          line
291.0000    0    0.500   1.0000          NULL 
291.5000    4    2.000   1.0000        circle
293.5000    0    1.500   1.0000          NULL 
295.0000    3    2.000   1.0000      triangle
297.0000    0    0.500   1.0000          NULL 
297.5000    3    2.000   1.0000      triangle
299.5000    0    0.500   1.0000          NULL 
300.0000    4    2.000   1.0000        circle
302.0000    0    0.500   1.0000          NULL 
302.5000    4    2.000   1.0000        circle
304.5000    0    1.500   1.0000          NULL 
306.0000    3    2.000   1.0000      triangle
308.0000    0    4.000   1.0000          NULL 
312.0000    4    2.000   1.0000        circle
314.0000    0    2.000   1.0000          NULL 
316.0000    2    2.000   1.0000        square
318.0000    0    0.500   1.0000          NULL 
318.5000    2    2.000   1.0000        square
320.5000    0    3.500   1.0000          NULL 
324.0000    2    2.000   1.0000        square
326.0000    0    1.000   1.0000          NULL 
327.0000    1    2.000   1.0000          line
329.0000    0    2.500   1.0000          NULL 
331.5000    1    2.000   1.0000          line
333.5000    0    1.000   1.0000          NULL 
334.5000    3    2.000   1.0000      triangle
336.5000    0    1.500   1.0000          NULL 
338.0000    2    2.000   1.0000        square
340.0000    0    2.500   1.0000          NULL 
342.5000    2    2.000   1.0000        square
344.5000    0    0.500   1.0000          NULL 
345.0000    4    2.000   1.0000        circle
347.0000    0    3.000   1.0000          NULL 
350.0000    3    2.000   1.0000      triangle
352.0000    0    1.000   1.0000          NULL 
353.0000    3    2.000   1.0000      triangle
355.0000    0    1.500   1.0000          NULL 
356.5000    2    2.000   1.0000        square
358.5000    0    0.500   1.0000          NULL 
359.0000    1    2.000   1.0000          line
361.0000    0    0.500   1.0000          NULL 
361.5000    4    2.000   1.0000        circle
363.5000    0    3.500   1.0000          NULL 
367.0000    2    2.000   1.0000        square
369.0000    0    1.000   1.0000          NULL 
370.0000    1    2.000   1.0000          line
372.0000    0    0.500   1.0000          NULL 
372.5000    1    2.000   1.0000          line
374.5000    0    1.000   1.0000          NULL 
375.5000    3    2.000   1.0000      triangle
377.5000    0    1.500   1.0000          NULL 
379.0000    2    2.000   1.0000        square
381.0000    0    1.000   1.0000          NULL 
382.0000    1    2.000   1.0000          line
384.0000    0    0.500   1.0000          NULL 
384.5000    1    2.000   1.0000          line
386.5000    0    2.500   1.0000          NULL 
389.0000    4    2.000   1.0000        circle
391.0000    0    3.000   1.0000          NULL 
394.0000    1    2.000   1.0000          line
396.0000    0    2.500   1.0000          NULL 
398.5000    3    2.000   1.0000      triangle
400.5000    0    2.000   1.0000          NULL 
402.5000    4    2.000   1.0000        circle
404.5000    0    1.500   1.0000          NULL 
406.0000    4    2.000   1.0000        circle
408.0000    0    3.500   1.0000          NULL 
411.5000    2    2.000   1.0000        square
413.5000    0    1.000   1.0000          NULL 
414.5000    2    2.000   1.0000        square
416.5000    0    0.500   1.0000          NULL 
417.0000    1    2.000   1.0000          line
419.0000    0    1.000   1.0000          NULL 
