  0.0000    2    2.000   1.0000        square
  2.0000    0    1.100   1.0000          NULL 
  3.1000    4    2.000   1.0000      triangle
  5.1000    0    1.000   1.0000          NULL 
  6.1000    2    2.000   1.0000        square
  8.1000    0    1.900   1.0000          NULL 
 10.0000    2    2.000   1.0000        square
 12.0000    0    1.200   1.0000          NULL 
 13.2000    1    2.000   1.0000          line
 15.2000    0    1.200   1.0000          NULL 
 16.4000    4    2.000   1.0000      triangle
 18.4000    0    1.100   1.0000          NULL 
 19.5000    1    2.000   1.0000          line
 21.5000    0    1.500   1.0000          NULL 
 23.0000    3    2.000   1.0000        circle
 25.0000    0    1.000   1.0000          NULL 
 26.0000    2    2.000   1.0000        square
 28.0000    0    1.100   1.0000          NULL 
 29.1000    2    2.000   1.0000        square
 31.1000    0    1.600   1.0000          NULL 
 32.7000    3    2.000   1.0000        circle
 34.7000    0    1.100   1.0000          NULL 
 35.8000    4    2.000   1.0000      triangle
 37.8000    0    1.300   1.0000          NULL 
 39.1000    4    2.000   1.0000      triangle
 41.1000    0    1.000   1.0000          NULL 
 42.1000    4    2.000   1.0000      triangle
 44.1000    0    1.000   1.0000          NULL 
 45.1000    4    2.000   1.0000      triangle
 47.1000    0    2.000   1.0000          NULL 
 49.1000    1    2.000   1.0000          line
 51.1000    0    1.100   1.0000          NULL 
 52.2000    3    2.000   1.0000        circle
 54.2000    0    1.500   1.0000          NULL 
 55.7000    2    2.000   1.0000        square
 57.7000    0    1.300   1.0000          NULL 
 59.0000    3    2.000   1.0000        circle
 61.0000    0    1.600   1.0000          NULL 
 62.6000    3    2.000   1.0000        circle
 64.6000    0    1.300   1.0000          NULL 
 65.8999    1    2.000   1.0000          line
 67.8999    0    1.000   1.0000          NULL 
 68.8999    4    2.000   1.0000      triangle
 70.8999    0    1.600   1.0000          NULL 
 72.4999    3    2.000   1.0000        circle
 74.4999    0    1.100   1.0000          NULL 
 75.5999    2    2.000   1.0000        square
 77.5999    0    1.100   1.0000          NULL 
 78.6999    1    2.000   1.0000          line
 80.6999    0    1.200   1.0000          NULL 
 81.8999    1    2.000   1.0000          line
 83.8999    0    1.300   1.0000          NULL 
 85.1999    1    2.000   1.0000          line
 87.1999    0    1.000   1.0000          NULL 
 88.1999    1    2.000   1.0000          line
 90.1999    0    1.900   1.0000          NULL 
 92.0999    1    2.000   1.0000          line
 94.0999    0    1.000   1.0000          NULL 
 95.0999    3    2.000   1.0000        circle
 97.0999    0    1.000   1.0000          NULL 
 98.0999    2    2.000   1.0000        square
100.0999    0    1.200   1.0000          NULL 
101.2999    2    2.000   1.0000        square
103.2999    0    1.000   1.0000          NULL 
104.2999    1    2.000   1.0000          line
106.2999    0    1.300   1.0000          NULL 
107.5999    2    2.000   1.0000        square
109.5999    0    1.200   1.0000          NULL 
110.7999    4    2.000   1.0000      triangle
112.7999    0    1.000   1.0000          NULL 
113.7999    3    2.000   1.0000        circle
115.7999    0    1.000   1.0000          NULL 
116.7999    4    2.000   1.0000      triangle
118.7999    0    1.100   1.0000          NULL 
119.8999    4    2.000   1.0000      triangle
121.8999    0    1.000   1.0000          NULL 
122.8999    3    2.000   1.0000        circle
124.8999    0    1.100   1.0000          NULL 
125.9999    3    2.000   1.0000        circle
127.9999    0    2.000   1.0000          NULL 
