  0.0000    2    2.000   1.0000        square
  2.0000    0    1.000   1.0000          NULL 
  3.0000    3    2.000   1.0000        circle
  5.0000    0    1.500   1.0000          NULL 
  6.5000    4    2.000   1.0000      triangle
  8.5000    0    1.500   1.0000          NULL 
 10.0000    3    2.000   1.0000        circle
 12.0000    0    1.000   1.0000          NULL 
 13.0000    2    2.000   1.0000        square
 15.0000    0    1.700   1.0000          NULL 
 16.7000    1    2.000   1.0000          line
 18.7000    0    1.000   1.0000          NULL 
 19.7000    3    2.000   1.0000        circle
 21.7000    0    1.700   1.0000          NULL 
 23.4000    4    2.000   1.0000      triangle
 25.4000    0    1.000   1.0000          NULL 
 26.4000    2    2.000   1.0000        square
 28.4000    0    1.200   1.0000          NULL 
 29.6000    3    2.000   1.0000        circle
 31.6000    0    1.400   1.0000          NULL 
 33.0000    1    2.000   1.0000          line
 35.0000    0    1.000   1.0000          NULL 
 36.0000    4    2.000   1.0000      triangle
 38.0000    0    1.600   1.0000          NULL 
 39.6000    1    2.000   1.0000          line
 41.6000    0    1.500   1.0000          NULL 
 43.1000    2    2.000   1.0000        square
 45.1000    0    1.000   1.0000          NULL 
 46.1000    2    2.000   1.0000        square
 48.1000    0    1.100   1.0000          NULL 
 49.2000    3    2.000   1.0000        circle
 51.2000    0    1.000   1.0000          NULL 
 52.2000    4    2.000   1.0000      triangle
 54.2000    0    1.100   1.0000          NULL 
 55.3000    4    2.000   1.0000      triangle
 57.3000    0    1.100   1.0000          NULL 
 58.4000    4    2.000   1.0000      triangle
 60.4000    0    1.000   1.0000          NULL 
 61.4000    1    2.000   1.0000          line
 63.4000    0    1.000   1.0000          NULL 
 64.4000    2    2.000   1.0000        square
 66.4000    0    1.300   1.0000          NULL 
 67.7000    4    2.000   1.0000      triangle
 69.7000    0    1.100   1.0000          NULL 
 70.8000    1    2.000   1.0000          line
 72.8000    0    1.300   1.0000          NULL 
 74.1000    3    2.000   1.0000        circle
 76.1000    0    1.100   1.0000          NULL 
 77.2000    3    2.000   1.0000        circle
 79.2000    0    1.000   1.0000          NULL 
 80.2000    3    2.000   1.0000        circle
 82.2000    0    1.400   1.0000          NULL 
 83.6000    2    2.000   1.0000        square
 85.6000    0    1.600   1.0000          NULL 
 87.2000    4    2.000   1.0000      triangle
 89.2000    0    1.100   1.0000          NULL 
 90.2999    3    2.000   1.0000        circle
 92.2999    0    1.200   1.0000          NULL 
 93.4999    1    2.000   1.0000          line
 95.4999    0    1.300   1.0000          NULL 
 96.7999    1    2.000   1.0000          line
 98.7999    0    1.100   1.0000          NULL 
 99.8999    2    2.000   1.0000        square
101.8999    0    1.200   1.0000          NULL 
103.0999    2    2.000   1.0000        square
105.0999    0    2.000   1.0000          NULL 
107.0999    4    2.000   1.0000      triangle
109.0999    0    1.000   1.0000          NULL 
110.0999    4    2.000   1.0000      triangle
112.0999    0    1.800   1.0000          NULL 
113.8999    3    2.000   1.0000        circle
115.8999    0    1.000   1.0000          NULL 
116.8999    1    2.000   1.0000          line
118.8999    0    1.700   1.0000          NULL 
120.5999    1    2.000   1.0000          line
122.5999    0    1.100   1.0000          NULL 
123.6999    2    2.000   1.0000        square
125.6999    0    1.300   1.0000          NULL 
126.9999    1    2.000   1.0000          line
128.9999    0    1.000   1.0000          NULL 
