  0.0000    4    2.000   1.0000        circle
  2.0000    0    1.000   1.0000          NULL 
  3.0000    1    2.000   1.0000          line
  5.0000    0    4.000   1.0000          NULL 
  9.0000    3    2.000   1.0000      triangle
 11.0000    0    0.500   1.0000          NULL 
 11.5000    3    2.000   1.0000      triangle
 13.5000    0    1.000   1.0000          NULL 
 14.5000    2    2.000   1.0000        square
 16.5000    0    1.000   1.0000          NULL 
 17.5000    2    2.000   1.0000        square
 19.5000    0    1.500   1.0000          NULL 
 21.0000    3    2.000   1.0000      triangle
 23.0000    0    0.500   1.0000          NULL 
 23.5000    1    2.000   1.0000          line
 25.5000    0    1.000   1.0000          NULL 
 26.5000    3    2.000   1.0000      triangle
 28.5000    0    1.000   1.0000          NULL 
 29.5000    2    2.000   1.0000        square
 31.5000    0    2.000   1.0000          NULL 
 33.5000    1    2.000   1.0000          line
 35.5000    0    1.500   1.0000          NULL 
 37.0000    3    2.000   1.0000      triangle
 39.0000    0    0.500   1.0000          NULL 
 39.5000    2    2.000   1.0000        square
 41.5000    0    4.000   1.0000          NULL 
 45.5000    3    2.000   1.0000      triangle
 47.5000    0    0.500   1.0000          NULL 
 48.0000    2    2.000   1.0000        square
 50.0000    0    2.000   1.0000          NULL 
 52.0000    1    2.000   1.0000          line
 54.0000    0    0.500   1.0000          NULL 
 54.5000    3    2.000   1.0000      triangle
 56.5000    0    1.500   1.0000          NULL 
 58.0000    1    2.000   1.0000          line
 60.0000    0    2.000   1.0000          NULL 
 62.0000    1    2.000   1.0000          line
 64.0000    0    0.500   1.0000          NULL 
 64.5000    4    2.000   1.0000        circle
 66.5000    0    2.000   1.0000          NULL 
 68.5000    1    2.000   1.0000          line
 70.5000    0    0.500   1.0000          NULL 
 71.0000    2    2.000   1.0000        square
 73.0000    0    0.500   1.0000          NULL 
 73.5000    2    2.000   1.0000        square
 75.5000    0    2.000   1.0000          NULL 
 77.5000    1    2.000   1.0000          line
 79.5000    0    2.000   1.0000          NULL 
 81.5000    2    2.000   1.0000        square
 83.5000    0    2.000   1.0000          NULL 
 85.5000    4    2.000   1.0000        circle
 87.5000    0    3.000   1.0000          NULL 
 90.5000    2    2.000   1.0000        square
 92.5000    0    3.000   1.0000          NULL 
 95.5000    2    2.000   1.0000        square
 97.5000    0    2.500   1.0000          NULL 
100.0000    1    2.000   1.0000          line
102.0000    0    1.500   1.0000          NULL 
103.5000    1    2.000   1.0000          line
105.5000    0    2.500   1.0000          NULL 
108.0000    4    2.000   1.0000        circle
110.0000    0    3.500   1.0000          NULL 
113.5000    1    2.000   1.0000          line
115.5000    0    2.500   1.0000          NULL 
118.0000    3    2.000   1.0000      triangle
120.0000    0    1.000   1.0000          NULL 
121.0000    1    2.000   1.0000          line
123.0000    0    0.500   1.0000          NULL 
123.5000    3    2.000   1.0000      triangle
125.5000    0    3.500   1.0000          NULL 
129.0000    4    2.000   1.0000        circle
131.0000    0    2.000   1.0000          NULL 
133.0000    1    2.000   1.0000          line
135.0000    0    0.500   1.0000          NULL 
135.5000    2    2.000   1.0000        square
137.5000    0    0.500   1.0000          NULL 
138.0000    1    2.000   1.0000          line
140.0000    0    1.000   1.0000          NULL 
141.0000    4    2.000   1.0000        circle
143.0000    0    0.500   1.0000          NULL 
143.5000    3    2.000   1.0000      triangle
145.5000    0    3.000   1.0000          NULL 
148.5000    3    2.000   1.0000      triangle
150.5000    0    2.500   1.0000          NULL 
153.0000    2    2.000   1.0000        square
155.0000    0    0.500   1.0000          NULL 
155.5000    3    2.000   1.0000      triangle
157.5000    0    0.500   1.0000          NULL 
158.0000    1    2.000   1.0000          line
160.0000    0    3.000   1.0000          NULL 
163.0000    1    2.000   1.0000          line
165.0000    0    1.500   1.0000          NULL 
166.5000    1    2.000   1.0000          line
168.5000    0    0.500   1.0000          NULL 
169.0000    1    2.000   1.0000          line
171.0000    0    1.500   1.0000          NULL 
172.5000    3    2.000   1.0000      triangle
174.5000    0    1.500   1.0000          NULL 
176.0000    2    2.000   1.0000        square
178.0000    0    4.000   1.0000          NULL 
182.0000    4    2.000   1.0000        circle
184.0000    0    3.000   1.0000          NULL 
187.0000    4    2.000   1.0000        circle
189.0000    0    1.000   1.0000          NULL 
190.0000    4    2.000   1.0000        circle
192.0000    0    2.500   1.0000          NULL 
194.5000    3    2.000   1.0000      triangle
196.5000    0    1.500   1.0000          NULL 
198.0000    2    2.000   1.0000        square
200.0000    0    1.000   1.0000          NULL 
201.0000    4    2.000   1.0000        circle
203.0000    0    0.500   1.0000          NULL 
203.5000    2    2.000   1.0000        square
205.5000    0    2.500   1.0000          NULL 
208.0000    3    2.000   1.0000      triangle
210.0000    0    0.500   1.0000          NULL 
210.5000    2    2.000   1.0000        square
212.5000    0    2.500   1.0000          NULL 
215.0000    3    2.000   1.0000      triangle
217.0000    0    1.000   1.0000          NULL 
218.0000    4    2.000   1.0000        circle
220.0000    0    1.000   1.0000          NULL 
221.0000    4    2.000   1.0000        circle
223.0000    0    3.500   1.0000          NULL 
226.5000    3    2.000   1.0000      triangle
228.5000    0    3.000   1.0000          NULL 
231.5000    4    2.000   1.0000        circle
233.5000    0    2.000   1.0000          NULL 
235.5000    1    2.000   1.0000          line
237.5000    0    1.500   1.0000          NULL 
239.0000    4    2.000   1.0000        circle
241.0000    0    1.500   1.0000          NULL 
242.5000    2    2.000   1.0000        square
244.5000    0    2.500   1.0000          NULL 
247.0000    4    2.000   1.0000        circle
249.0000    0    0.500   1.0000          NULL 
249.5000    2    2.000   1.0000        square
251.5000    0    0.500   1.0000          NULL 
252.0000    2    2.000   1.0000        square
254.0000    0    2.000   1.0000          NULL 
256.0000    2    2.000   1.0000        square
258.0000    0    3.500   1.0000          NULL 
261.5000    3    2.000   1.0000      triangle
263.5000    0    0.500   1.0000          NULL 
264.0000    4    2.000   1.0000        circle
266.0000    0    1.000   1.0000          NULL 
267.0000    3    2.000   1.0000      triangle
269.0000    0    0.500   1.0000          NULL 
269.5000    2    2.000   1.0000        square
271.5000    0    0.500   1.0000          NULL 
272.0000    3    2.000   1.0000      triangle
274.0000    0    1.000   1.0000          NULL 
275.0000    2    2.000   1.0000        square
277.0000    0    2.000   1.0000          NULL 
279.0000    4    2.000   1.0000        circle
281.0000    0    1.500   1.0000          NULL 
282.5000    1    2.000   1.0000          line
284.5000    0    1.000   1.0000          NULL 
285.5000    1    2.000   1.0000          line
287.5000    0    2.500   1.0000          NULL 
290.0000    4    2.000   1.0000        circle
292.0000    0    0.500   1.0000          NULL 
292.5000    2    2.000   1.0000        square
294.5000    0    0.500   1.0000          NULL 
295.0000    3    2.000   1.0000      triangle
297.0000    0    4.000   1.0000          NULL 
301.0000    1    2.000   1.0000          line
303.0000    0    1.000   1.0000          NULL 
304.0000    3    2.000   1.0000      triangle
306.0000    0    0.500   1.0000          NULL 
306.5000    1    2.000   1.0000          line
308.5000    0    1.000   1.0000          NULL 
309.5000    2    2.000   1.0000        square
311.5000    0    1.000   1.0000          NULL 
312.5000    1    2.000   1.0000          line
314.5000    0    0.500   1.0000          NULL 
315.0000    3    2.000   1.0000      triangle
317.0000    0    1.000   1.0000          NULL 
318.0000    4    2.000   1.0000        circle
320.0000    0    0.500   1.0000          NULL 
320.5000    4    2.000   1.0000        circle
322.5000    0    0.500   1.0000          NULL 
323.0000    2    2.000   1.0000        square
325.0000    0    2.000   1.0000          NULL 
327.0000    3    2.000   1.0000      triangle
329.0000    0    2.000   1.0000          NULL 
331.0000    3    2.000   1.0000      triangle
333.0000    0    3.500   1.0000          NULL 
336.5000    4    2.000   1.0000        circle
338.5000    0    1.000   1.0000          NULL 
339.5000    1    2.000   1.0000          line
341.5000    0    2.500   1.0000          NULL 
344.0000    3    2.000   1.0000      triangle
346.0000    0    1.000   1.0000          NULL 
347.0000    4    2.000   1.0000        circle
349.0000    0    0.500   1.0000          NULL 
349.5000    4    2.000   1.0000        circle
351.5000    0    3.000   1.0000          NULL 
354.5000    4    2.000   1.0000        circle
356.5000    0    2.000   1.0000          NULL 
358.5000    3    2.000   1.0000      triangle
360.5000    0    2.000   1.0000          NULL 
362.5000    4    2.000   1.0000        circle
364.5000    0    0.500   1.0000          NULL 
365.0000    4    2.000   1.0000        circle
367.0000    0    1.000   1.0000          NULL 
368.0000    2    2.000   1.0000        square
370.0000    0    0.500   1.0000          NULL 
370.5000    1    2.000   1.0000          line
372.5000    0    1.000   1.0000          NULL 
373.5000    3    2.000   1.0000      triangle
375.5000    0    2.000   1.0000          NULL 
377.5000    2    2.000   1.0000        square
379.5000    0    1.000   1.0000          NULL 
380.5000    1    2.000   1.0000          line
382.5000    0    0.500   1.0000          NULL 
383.0000    2    2.000   1.0000        square
385.0000    0    0.500   1.0000          NULL 
385.5000    4    2.000   1.0000        circle
387.5000    0    0.500   1.0000          NULL 
388.0000    3    2.000   1.0000      triangle
390.0000    0    1.500   1.0000          NULL 
391.5000    4    2.000   1.0000        circle
393.5000    0    0.500   1.0000          NULL 
394.0000    2    2.000   1.0000        square
396.0000    0    0.500   1.0000          NULL 
396.5000    4    2.000   1.0000        circle
398.5000    0    0.500   1.0000          NULL 
399.0000    3    2.000   1.0000      triangle
401.0000    0    3.000   1.0000          NULL 
404.0000    2    2.000   1.0000        square
406.0000    0    1.500   1.0000          NULL 
407.5000    4    2.000   1.0000        circle
409.5000    0    1.000   1.0000          NULL 
410.5000    1    2.000   1.0000          line
412.5000    0    0.500   1.0000          NULL 
413.0000    1    2.000   1.0000          line
415.0000    0    0.500   1.0000          NULL 
415.5000    1    2.000   1.0000          line
417.5000    0    2.500   1.0000          NULL 
