  0.0000    4    2.000   1.0000        circle
  2.0000    0    0.500   1.0000          NULL 
  2.5000    4    2.000   1.0000        circle
  4.5000    0    4.000   1.0000          NULL 
  8.5000    2    2.000   1.0000        square
 10.5000    0    1.500   1.0000          NULL 
 12.0000    1    2.000   1.0000          line
 14.0000    0    3.500   1.0000          NULL 
 17.5000    1    2.000   1.0000          line
 19.5000    0    0.500   1.0000          NULL 
 20.0000    3    2.000   1.0000      triangle
 22.0000    0    1.000   1.0000          NULL 
 23.0000    1    2.000   1.0000          line
 25.0000    0    0.500   1.0000          NULL 
 25.5000    2    2.000   1.0000        square
 27.5000    0    1.000   1.0000          NULL 
 28.5000    1    2.000   1.0000          line
 30.5000    0    1.500   1.0000          NULL 
 32.0000    3    2.000   1.0000      triangle
 34.0000    0    3.500   1.0000          NULL 
 37.5000    3    2.000   1.0000      triangle
 39.5000    0    3.000   1.0000          NULL 
 42.5000    1    2.000   1.0000          line
 44.5000    0    0.500   1.0000          NULL 
 45.0000    3    2.000   1.0000      triangle
 47.0000    0    0.500   1.0000          NULL 
 47.5000    3    2.000   1.0000      triangle
 49.5000    0    1.500   1.0000          NULL 
 51.0000    2    2.000   1.0000        square
 53.0000    0    0.500   1.0000          NULL 
 53.5000    3    2.000   1.0000      triangle
 55.5000    0    2.500   1.0000          NULL 
 58.0000    4    2.000   1.0000        circle
 60.0000    0    1.500   1.0000          NULL 
 61.5000    4    2.000   1.0000        circle
 63.5000    0    0.500   1.0000          NULL 
 64.0000    1    2.000   1.0000          line
 66.0000    0    0.500   1.0000          NULL 
 66.5000    1    2.000   1.0000          line
 68.5000    0    0.500   1.0000          NULL 
 69.0000    2    2.000   1.0000        square
 71.0000    0    1.000   1.0000          NULL 
 72.0000    1    2.000   1.0000          line
 74.0000    0    2.000   1.0000          NULL 
 76.0000    4    2.000   1.0000        circle
 78.0000    0    1.500   1.0000          NULL 
 79.5000    2    2.000   1.0000        square
 81.5000    0    0.500   1.0000          NULL 
 82.0000    4    2.000   1.0000        circle
 84.0000    0    3.500   1.0000          NULL 
 87.5000    3    2.000   1.0000      triangle
 89.5000    0    3.000   1.0000          NULL 
 92.5000    2    2.000   1.0000        square
 94.5000    0    0.500   1.0000          NULL 
 95.0000    1    2.000   1.0000          line
 97.0000    0    1.500   1.0000          NULL 
 98.5000    3    2.000   1.0000      triangle
100.5000    0    0.500   1.0000          NULL 
101.0000    1    2.000   1.0000          line
103.0000    0    0.500   1.0000          NULL 
103.5000    1    2.000   1.0000          line
105.5000    0    0.500   1.0000          NULL 
106.0000    4    2.000   1.0000        circle
108.0000    0    2.500   1.0000          NULL 
110.5000    2    2.000   1.0000        square
112.5000    0    0.500   1.0000          NULL 
113.0000    1    2.000   1.0000          line
115.0000    0    4.000   1.0000          NULL 
119.0000    1    2.000   1.0000          line
121.0000    0    0.500   1.0000          NULL 
121.5000    1    2.000   1.0000          line
123.5000    0    1.500   1.0000          NULL 
125.0000    3    2.000   1.0000      triangle
127.0000    0    1.500   1.0000          NULL 
128.5000    4    2.000   1.0000        circle
130.5000    0    0.500   1.0000          NULL 
131.0000    3    2.000   1.0000      triangle
133.0000    0    0.500   1.0000          NULL 
133.5000    2    2.000   1.0000        square
135.5000    0    4.000   1.0000          NULL 
139.5000    3    2.000   1.0000      triangle
141.5000    0    3.000   1.0000          NULL 
144.5000    3    2.000   1.0000      triangle
146.5000    0    3.500   1.0000          NULL 
150.0000    2    2.000   1.0000        square
152.0000    0    1.500   1.0000          NULL 
153.5000    1    2.000   1.0000          line
155.5000    0    0.500   1.0000          NULL 
156.0000    2    2.000   1.0000        square
158.0000    0    3.500   1.0000          NULL 
161.5000    2    2.000   1.0000        square
163.5000    0    1.000   1.0000          NULL 
164.5000    4    2.000   1.0000        circle
166.5000    0    1.000   1.0000          NULL 
167.5000    2    2.000   1.0000        square
169.5000    0    1.000   1.0000          NULL 
170.5000    2    2.000   1.0000        square
172.5000    0    1.000   1.0000          NULL 
173.5000    4    2.000   1.0000        circle
175.5000    0    1.000   1.0000          NULL 
176.5000    4    2.000   1.0000        circle
178.5000    0    2.000   1.0000          NULL 
180.5000    1    2.000   1.0000          line
182.5000    0    1.500   1.0000          NULL 
184.0000    2    2.000   1.0000        square
186.0000    0    1.000   1.0000          NULL 
187.0000    2    2.000   1.0000        square
189.0000    0    2.500   1.0000          NULL 
191.5000    4    2.000   1.0000        circle
193.5000    0    4.000   1.0000          NULL 
197.5000    1    2.000   1.0000          line
199.5000    0    3.500   1.0000          NULL 
203.0000    4    2.000   1.0000        circle
205.0000    0    1.000   1.0000          NULL 
206.0000    4    2.000   1.0000        circle
208.0000    0    1.500   1.0000          NULL 
209.5000    4    2.000   1.0000        circle
211.5000    0    2.500   1.0000          NULL 
214.0000    1    2.000   1.0000          line
216.0000    0    0.500   1.0000          NULL 
216.5000    3    2.000   1.0000      triangle
218.5000    0    1.500   1.0000          NULL 
220.0000    2    2.000   1.0000        square
222.0000    0    3.000   1.0000          NULL 
225.0000    2    2.000   1.0000        square
227.0000    0    0.500   1.0000          NULL 
227.5000    1    2.000   1.0000          line
229.5000    0    0.500   1.0000          NULL 
230.0000    2    2.000   1.0000        square
232.0000    0    0.500   1.0000          NULL 
232.5000    3    2.000   1.0000      triangle
234.5000    0    2.500   1.0000          NULL 
237.0000    1    2.000   1.0000          line
239.0000    0    1.000   1.0000          NULL 
240.0000    2    2.000   1.0000        square
242.0000    0    2.500   1.0000          NULL 
244.5000    1    2.000   1.0000          line
246.5000    0    2.500   1.0000          NULL 
249.0000    3    2.000   1.0000      triangle
251.0000    0    2.000   1.0000          NULL 
253.0000    1    2.000   1.0000          line
255.0000    0    2.500   1.0000          NULL 
257.5000    4    2.000   1.0000        circle
259.5000    0    3.500   1.0000          NULL 
263.0000    4    2.000   1.0000        circle
265.0000    0    2.000   1.0000          NULL 
267.0000    3    2.000   1.0000      triangle
269.0000    0    2.500   1.0000          NULL 
271.5000    2    2.000   1.0000        square
273.5000    0    1.000   1.0000          NULL 
274.5000    2    2.000   1.0000        square
276.5000    0    1.500   1.0000          NULL 
278.0000    3    2.000   1.0000      triangle
280.0000    0    1.000   1.0000          NULL 
281.0000    4    2.000   1.0000        circle
283.0000    0    0.500   1.0000          NULL 
283.5000    3    2.000   1.0000      triangle
285.5000    0    0.500   1.0000          NULL 
286.0000    1    2.000   1.0000          line
288.0000    0    1.000   1.0000          NULL 
289.0000    1    2.000   1.0000          line
291.0000    0    1.500   1.0000          NULL 
292.5000    4    2.000   1.0000        circle
294.5000    0    0.500   1.0000          NULL 
295.0000    4    2.000   1.0000        circle
297.0000    0    0.500   1.0000          NULL 
297.5000    3    2.000   1.0000      triangle
299.5000    0    0.500   1.0000          NULL 
300.0000    4    2.000   1.0000        circle
302.0000    0    2.000   1.0000          NULL 
304.0000    3    2.000   1.0000      triangle
306.0000    0    1.000   1.0000          NULL 
307.0000    2    2.000   1.0000        square
309.0000    0    1.500   1.0000          NULL 
310.5000    3    2.000   1.0000      triangle
312.5000    0    1.000   1.0000          NULL 
313.5000    4    2.000   1.0000        circle
315.5000    0    1.500   1.0000          NULL 
317.0000    1    2.000   1.0000          line
319.0000    0    0.500   1.0000          NULL 
319.5000    4    2.000   1.0000        circle
321.5000    0    1.500   1.0000          NULL 
323.0000    4    2.000   1.0000        circle
325.0000    0    0.500   1.0000          NULL 
325.5000    4    2.000   1.0000        circle
327.5000    0    1.500   1.0000          NULL 
329.0000    2    2.000   1.0000        square
331.0000    0    1.000   1.0000          NULL 
332.0000    3    2.000   1.0000      triangle
334.0000    0    0.500   1.0000          NULL 
334.5000    2    2.000   1.0000        square
336.5000    0    0.500   1.0000          NULL 
337.0000    3    2.000   1.0000      triangle
339.0000    0    2.000   1.0000          NULL 
341.0000    4    2.000   1.0000        circle
343.0000    0    1.000   1.0000          NULL 
344.0000    2    2.000   1.0000        square
346.0000    0    0.500   1.0000          NULL 
346.5000    1    2.000   1.0000          line
348.5000    0    2.500   1.0000          NULL 
351.0000    4    2.000   1.0000        circle
353.0000    0    2.000   1.0000          NULL 
355.0000    4    2.000   1.0000        circle
357.0000    0    0.500   1.0000          NULL 
357.5000    3    2.000   1.0000      triangle
359.5000    0    0.500   1.0000          NULL 
360.0000    1    2.000   1.0000          line
362.0000    0    2.500   1.0000          NULL 
364.5000    3    2.000   1.0000      triangle
366.5000    0    1.000   1.0000          NULL 
367.5000    2    2.000   1.0000        square
369.5000    0    0.500   1.0000          NULL 
370.0000    4    2.000   1.0000        circle
372.0000    0    0.500   1.0000          NULL 
372.5000    1    2.000   1.0000          line
374.5000    0    1.000   1.0000          NULL 
375.5000    2    2.000   1.0000        square
377.5000    0    1.500   1.0000          NULL 
379.0000    1    2.000   1.0000          line
381.0000    0    3.500   1.0000          NULL 
384.5000    2    2.000   1.0000        square
386.5000    0    1.500   1.0000          NULL 
388.0000    1    2.000   1.0000          line
390.0000    0    2.000   1.0000          NULL 
392.0000    3    2.000   1.0000      triangle
394.0000    0    0.500   1.0000          NULL 
394.5000    2    2.000   1.0000        square
396.5000    0    2.500   1.0000          NULL 
399.0000    3    2.000   1.0000      triangle
401.0000    0    1.500   1.0000          NULL 
402.5000    3    2.000   1.0000      triangle
404.5000    0    2.000   1.0000          NULL 
406.5000    3    2.000   1.0000      triangle
408.5000    0    1.500   1.0000          NULL 
410.0000    4    2.000   1.0000        circle
412.0000    0    2.000   1.0000          NULL 
414.0000    3    2.000   1.0000      triangle
416.0000    0    1.500   1.0000          NULL 
417.5000    2    2.000   1.0000        square
419.5000    0    0.500   1.0000          NULL 
