  0.0000    2    2.000   1.0000        square
  2.0000    0    0.500   1.0000          NULL 
  2.5000    1    2.000   1.0000          line
  4.5000    0    0.500   1.0000          NULL 
  5.0000    4    2.000   1.0000        circle
  7.0000    0    1.500   1.0000          NULL 
  8.5000    2    2.000   1.0000        square
 10.5000    0    1.000   1.0000          NULL 
 11.5000    1    2.000   1.0000          line
 13.5000    0    0.500   1.0000          NULL 
 14.0000    1    2.000   1.0000          line
 16.0000    0    2.000   1.0000          NULL 
 18.0000    2    2.000   1.0000        square
 20.0000    0    2.500   1.0000          NULL 
 22.5000    4    2.000   1.0000        circle
 24.5000    0    3.500   1.0000          NULL 
 28.0000    3    2.000   1.0000      triangle
 30.0000    0    4.000   1.0000          NULL 
 34.0000    2    2.000   1.0000        square
 36.0000    0    0.500   1.0000          NULL 
 36.5000    4    2.000   1.0000        circle
 38.5000    0    1.000   1.0000          NULL 
 39.5000    1    2.000   1.0000          line
 41.5000    0    2.500   1.0000          NULL 
 44.0000    2    2.000   1.0000        square
 46.0000    0    3.000   1.0000          NULL 
 49.0000    1    2.000   1.0000          line
 51.0000    0    0.500   1.0000          NULL 
 51.5000    4    2.000   1.0000        circle
 53.5000    0    0.500   1.0000          NULL 
 54.0000    2    2.000   1.0000        square
 56.0000    0    1.000   1.0000          NULL 
 57.0000    2    2.000   1.0000        square
 59.0000    0    1.000   1.0000          NULL 
 60.0000    2    2.000   1.0000        square
 62.0000    0    1.500   1.0000          NULL 
 63.5000    2    2.000   1.0000        square
 65.5000    0    1.000   1.0000          NULL 
 66.5000    3    2.000   1.0000      triangle
 68.5000    0    0.500   1.0000          NULL 
 69.0000    2    2.000   1.0000        square
 71.0000    0    2.500   1.0000          NULL 
 73.5000    4    2.000   1.0000        circle
 75.5000    0    1.500   1.0000          NULL 
 77.0000    1    2.000   1.0000          line
 79.0000    0    3.500   1.0000          NULL 
 82.5000    2    2.000   1.0000        square
 84.5000    0    1.000   1.0000          NULL 
 85.5000    3    2.000   1.0000      triangle
 87.5000    0    1.500   1.0000          NULL 
 89.0000    3    2.000   1.0000      triangle
 91.0000    0    0.500   1.0000          NULL 
 91.5000    4    2.000   1.0000        circle
 93.5000    0    0.500   1.0000          NULL 
 94.0000    2    2.000   1.0000        square
 96.0000    0    1.000   1.0000          NULL 
 97.0000    1    2.000   1.0000          line
 99.0000    0    0.500   1.0000          NULL 
 99.5000    3    2.000   1.0000      triangle
101.5000    0    1.500   1.0000          NULL 
103.0000    2    2.000   1.0000        square
105.0000    0    2.500   1.0000          NULL 
107.5000    2    2.000   1.0000        square
109.5000    0    0.500   1.0000          NULL 
110.0000    1    2.000   1.0000          line
112.0000    0    1.000   1.0000          NULL 
113.0000    1    2.000   1.0000          line
115.0000    0    2.500   1.0000          NULL 
117.5000    2    2.000   1.0000        square
119.5000    0    1.000   1.0000          NULL 
120.5000    3    2.000   1.0000      triangle
122.5000    0    0.500   1.0000          NULL 
123.0000    4    2.000   1.0000        circle
125.0000    0    1.000   1.0000          NULL 
126.0000    1    2.000   1.0000          line
128.0000    0    0.500   1.0000          NULL 
128.5000    4    2.000   1.0000        circle
130.5000    0    1.500   1.0000          NULL 
132.0000    3    2.000   1.0000      triangle
134.0000    0    2.000   1.0000          NULL 
136.0000    4    2.000   1.0000        circle
138.0000    0    2.000   1.0000          NULL 
140.0000    1    2.000   1.0000          line
142.0000    0    0.500   1.0000          NULL 
142.5000    3    2.000   1.0000      triangle
144.5000    0    2.000   1.0000          NULL 
146.5000    2    2.000   1.0000        square
148.5000    0    1.000   1.0000          NULL 
149.5000    2    2.000   1.0000        square
151.5000    0    0.500   1.0000          NULL 
152.0000    3    2.000   1.0000      triangle
154.0000    0    0.500   1.0000          NULL 
154.5000    4    2.000   1.0000        circle
156.5000    0    3.000   1.0000          NULL 
159.5000    2    2.000   1.0000        square
161.5000    0    1.000   1.0000          NULL 
162.5000    4    2.000   1.0000        circle
164.5000    0    2.500   1.0000          NULL 
167.0000    3    2.000   1.0000      triangle
169.0000    0    1.500   1.0000          NULL 
170.5000    2    2.000   1.0000        square
172.5000    0    0.500   1.0000          NULL 
173.0000    3    2.000   1.0000      triangle
175.0000    0    2.000   1.0000          NULL 
177.0000    4    2.000   1.0000        circle
179.0000    0    2.500   1.0000          NULL 
181.5000    1    2.000   1.0000          line
183.5000    0    3.500   1.0000          NULL 
187.0000    3    2.000   1.0000      triangle
189.0000    0    0.500   1.0000          NULL 
189.5000    2    2.000   1.0000        square
191.5000    0    0.500   1.0000          NULL 
192.0000    4    2.000   1.0000        circle
194.0000    0    0.500   1.0000          NULL 
194.5000    1    2.000   1.0000          line
196.5000    0    3.000   1.0000          NULL 
199.5000    1    2.000   1.0000          line
201.5000    0    0.500   1.0000          NULL 
202.0000    3    2.000   1.0000      triangle
204.0000    0    1.500   1.0000          NULL 
205.5000    4    2.000   1.0000        circle
207.5000    0    2.000   1.0000          NULL 
209.5000    3    2.000   1.0000      triangle
211.5000    0    3.000   1.0000          NULL 
214.5000    3    2.000   1.0000      triangle
216.5000    0    1.500   1.0000          NULL 
218.0000    4    2.000   1.0000        circle
220.0000    0    3.000   1.0000          NULL 
223.0000    2    2.000   1.0000        square
225.0000    0    1.000   1.0000          NULL 
226.0000    3    2.000   1.0000      triangle
228.0000    0    0.500   1.0000          NULL 
228.5000    2    2.000   1.0000        square
230.5000    0    1.500   1.0000          NULL 
232.0000    1    2.000   1.0000          line
234.0000    0    3.500   1.0000          NULL 
237.5000    3    2.000   1.0000      triangle
239.5000    0    1.500   1.0000          NULL 
241.0000    1    2.000   1.0000          line
243.0000    0    1.500   1.0000          NULL 
244.5000    3    2.000   1.0000      triangle
246.5000    0    3.000   1.0000          NULL 
249.5000    1    2.000   1.0000          line
251.5000    0    1.000   1.0000          NULL 
252.5000    2    2.000   1.0000        square
254.5000    0    1.500   1.0000          NULL 
256.0000    4    2.000   1.0000        circle
258.0000    0    0.500   1.0000          NULL 
258.5000    2    2.000   1.0000        square
260.5000    0    0.500   1.0000          NULL 
261.0000    2    2.000   1.0000        square
263.0000    0    1.000   1.0000          NULL 
264.0000    4    2.000   1.0000        circle
266.0000    0    0.500   1.0000          NULL 
266.5000    4    2.000   1.0000        circle
268.5000    0    1.500   1.0000          NULL 
270.0000    1    2.000   1.0000          line
272.0000    0    1.500   1.0000          NULL 
273.5000    1    2.000   1.0000          line
275.5000    0    4.000   1.0000          NULL 
279.5000    3    2.000   1.0000      triangle
281.5000    0    0.500   1.0000          NULL 
282.0000    1    2.000   1.0000          line
284.0000    0    2.500   1.0000          NULL 
286.5000    3    2.000   1.0000      triangle
288.5000    0    0.500   1.0000          NULL 
289.0000    3    2.000   1.0000      triangle
291.0000    0    0.500   1.0000          NULL 
291.5000    4    2.000   1.0000        circle
293.5000    0    3.500   1.0000          NULL 
297.0000    4    2.000   1.0000        circle
299.0000    0    1.000   1.0000          NULL 
300.0000    4    2.000   1.0000        circle
302.0000    0    3.000   1.0000          NULL 
305.0000    3    2.000   1.0000      triangle
307.0000    0    0.500   1.0000          NULL 
307.5000    1    2.000   1.0000          line
309.5000    0    4.000   1.0000          NULL 
313.5000    3    2.000   1.0000      triangle
315.5000    0    2.000   1.0000          NULL 
317.5000    4    2.000   1.0000        circle
319.5000    0    2.000   1.0000          NULL 
321.5000    1    2.000   1.0000          line
323.5000    0    0.500   1.0000          NULL 
324.0000    3    2.000   1.0000      triangle
326.0000    0    0.500   1.0000          NULL 
326.5000    1    2.000   1.0000          line
328.5000    0    1.500   1.0000          NULL 
330.0000    4    2.000   1.0000        circle
332.0000    0    1.000   1.0000          NULL 
333.0000    3    2.000   1.0000      triangle
335.0000    0    2.000   1.0000          NULL 
337.0000    3    2.000   1.0000      triangle
339.0000    0    0.500   1.0000          NULL 
339.5000    1    2.000   1.0000          line
341.5000    0    1.000   1.0000          NULL 
342.5000    4    2.000   1.0000        circle
344.5000    0    0.500   1.0000          NULL 
345.0000    1    2.000   1.0000          line
347.0000    0    1.000   1.0000          NULL 
348.0000    4    2.000   1.0000        circle
350.0000    0    1.000   1.0000          NULL 
351.0000    3    2.000   1.0000      triangle
353.0000    0    0.500   1.0000          NULL 
353.5000    4    2.000   1.0000        circle
355.5000    0    1.500   1.0000          NULL 
357.0000    2    2.000   1.0000        square
359.0000    0    0.500   1.0000          NULL 
359.5000    3    2.000   1.0000      triangle
361.5000    0    1.500   1.0000          NULL 
363.0000    1    2.000   1.0000          line
365.0000    0    4.000   1.0000          NULL 
369.0000    1    2.000   1.0000          line
371.0000    0    0.500   1.0000          NULL 
371.5000    3    2.000   1.0000      triangle
373.5000    0    1.000   1.0000          NULL 
374.5000    4    2.000   1.0000        circle
376.5000    0    1.000   1.0000          NULL 
377.5000    2    2.000   1.0000        square
379.5000    0    1.000   1.0000          NULL 
380.5000    1    2.000   1.0000          line
382.5000    0    3.000   1.0000          NULL 
385.5000    4    2.000   1.0000        circle
387.5000    0    1.000   1.0000          NULL 
388.5000    4    2.000   1.0000        circle
390.5000    0    3.000   1.0000          NULL 
393.5000    4    2.000   1.0000        circle
395.5000    0    3.500   1.0000          NULL 
399.0000    2    2.000   1.0000        square
401.0000    0    0.500   1.0000          NULL 
401.5000    2    2.000   1.0000        square
403.5000    0    4.000   1.0000          NULL 
407.5000    1    2.000   1.0000          line
409.5000    0    1.000   1.0000          NULL 
410.5000    3    2.000   1.0000      triangle
412.5000    0    2.000   1.0000          NULL 
414.5000    2    2.000   1.0000        square
416.5000    0    0.500   1.0000          NULL 
417.0000    1    2.000   1.0000          line
419.0000    0    1.000   1.0000          NULL 
