  0.0000    2    2.000   1.0000        square
  2.0000    0    1.000   1.0000          NULL 
  3.0000    4    2.000   1.0000      triangle
  5.0000    0    1.200   1.0000          NULL 
  6.2000    1    2.000   1.0000          line
  8.2000    0    1.000   1.0000          NULL 
  9.2000    1    2.000   1.0000          line
 11.2000    0    1.000   1.0000          NULL 
 12.2000    4    2.000   1.0000      triangle
 14.2000    0    1.000   1.0000          NULL 
 15.2000    3    2.000   1.0000        circle
 17.2000    0    1.200   1.0000          NULL 
 18.4000    2    2.000   1.0000        square
 20.4000    0    1.300   1.0000          NULL 
 21.7000    2    2.000   1.0000        square
 23.7000    0    1.000   1.0000          NULL 
 24.7000    3    2.000   1.0000        circle
 26.7000    0    1.300   1.0000          NULL 
 28.0000    1    2.000   1.0000          line
 30.0000    0    1.000   1.0000          NULL 
 31.0000    1    2.000   1.0000          line
 33.0000    0    1.600   1.0000          NULL 
 34.6000    2    2.000   1.0000        square
 36.6000    0    1.000   1.0000          NULL 
 37.6000    2    2.000   1.0000        square
 39.6000    0    1.000   1.0000          NULL 
 40.6000    2    2.000   1.0000        square
 42.6000    0    1.000   1.0000          NULL 
 43.6000    2    2.000   1.0000        square
 45.6000    0    1.900   1.0000          NULL 
 47.5000    4    2.000   1.0000      triangle
 49.5000    0    1.300   1.0000          NULL 
 50.8000    3    2.000   1.0000        circle
 52.8000    0    1.100   1.0000          NULL 
 53.9000    4    2.000   1.0000      triangle
 55.9000    0    1.100   1.0000          NULL 
 57.0000    1    2.000   1.0000          line
 59.0000    0    1.700   1.0000          NULL 
 60.7000    4    2.000   1.0000      triangle
 62.7000    0    1.100   1.0000          NULL 
 63.8000    4    2.000   1.0000      triangle
 65.8000    0    1.500   1.0000          NULL 
 67.2999    1    2.000   1.0000          line
 69.2999    0    1.900   1.0000          NULL 
 71.1999    1    2.000   1.0000          line
 73.1999    0    1.100   1.0000          NULL 
 74.2999    3    2.000   1.0000        circle
 76.2999    0    1.000   1.0000          NULL 
 77.2999    3    2.000   1.0000        circle
 79.2999    0    2.000   1.0000          NULL 
 81.2999    2    2.000   1.0000        square
 83.2999    0    1.500   1.0000          NULL 
 84.7999    3    2.000   1.0000        circle
 86.7999    0    1.000   1.0000          NULL 
 87.7999    1    2.000   1.0000          line
 89.7999    0    1.000   1.0000          NULL 
 90.7999    3    2.000   1.0000        circle
 92.7999    0    1.200   1.0000          NULL 
 93.9999    4    2.000   1.0000      triangle
 95.9999    0    1.100   1.0000          NULL 
 97.0999    3    2.000   1.0000        circle
 99.0999    0    1.300   1.0000          NULL 
100.3999    3    2.000   1.0000        circle
102.3999    0    1.000   1.0000          NULL 
103.3999    4    2.000   1.0000      triangle
105.3999    0    1.100   1.0000          NULL 
106.4999    2    2.000   1.0000        square
108.4999    0    1.200   1.0000          NULL 
109.6999    1    2.000   1.0000          line
111.6999    0    1.000   1.0000          NULL 
112.6999    2    2.000   1.0000        square
114.6999    0    1.300   1.0000          NULL 
115.9999    4    2.000   1.0000      triangle
117.9999    0    1.800   1.0000          NULL 
119.7999    3    2.000   1.0000        circle
121.7999    0    1.000   1.0000          NULL 
122.7999    4    2.000   1.0000      triangle
124.7999    0    1.000   1.0000          NULL 
125.7999    1    2.000   1.0000          line
127.7999    0    2.200   1.0000          NULL 
