  0.0000    1    2.000   1.0000          line
  2.0000    0    1.200   1.0000          NULL 
  3.2000    3    2.000   1.0000        circle
  5.2000    0    1.100   1.0000          NULL 
  6.3000    1    2.000   1.0000          line
  8.3000    0    1.100   1.0000          NULL 
  9.4000    3    2.000   1.0000        circle
 11.4000    0    1.100   1.0000          NULL 
 12.5000    3    2.000   1.0000        circle
 14.5000    0    1.000   1.0000          NULL 
 15.5000    2    2.000   1.0000        square
 17.5000    0    1.100   1.0000          NULL 
 18.6000    1    2.000   1.0000          line
 20.6000    0    1.000   1.0000          NULL 
 21.6000    3    2.000   1.0000        circle
 23.6000    0    1.900   1.0000          NULL 
 25.5000    3    2.000   1.0000        circle
 27.5000    0    1.000   1.0000          NULL 
 28.5000    4    2.000   1.0000      triangle
 30.5000    0    1.000   1.0000          NULL 
 31.5000    2    2.000   1.0000        square
 33.5000    0    1.000   1.0000          NULL 
 34.5000    2    2.000   1.0000        square
 36.5000    0    1.200   1.0000          NULL 
 37.7000    3    2.000   1.0000        circle
 39.7000    0    1.300   1.0000          NULL 
 41.0000    3    2.000   1.0000        circle
 43.0000    0    1.600   1.0000          NULL 
 44.6000    2    2.000   1.0000        square
 46.6000    0    1.600   1.0000          NULL 
 48.2000    4    2.000   1.0000      triangle
 50.2000    0    1.500   1.0000          NULL 
 51.7000    2    2.000   1.0000        square
 53.7000    0    1.000   1.0000          NULL 
 54.7000    4    2.000   1.0000      triangle
 56.7000    0    1.100   1.0000          NULL 
 57.8000    2    2.000   1.0000        square
 59.8000    0    1.000   1.0000          NULL 
 60.8000    4    2.000   1.0000      triangle
 62.8000    0    1.000   1.0000          NULL 
 63.8000    1    2.000   1.0000          line
 65.8000    0    1.100   1.0000          NULL 
 66.9000    2    2.000   1.0000        square
 68.9000    0    1.000   1.0000          NULL 
 69.9000    1    2.000   1.0000          line
 71.9000    0    1.100   1.0000          NULL 
 73.0000    4    2.000   1.0000      triangle
 75.0000    0    1.100   1.0000          NULL 
 76.1000    3    2.000   1.0000        circle
 78.1000    0    1.300   1.0000          NULL 
 79.4000    4    2.000   1.0000      triangle
 81.4000    0    1.100   1.0000          NULL 
 82.5000    2    2.000   1.0000        square
 84.5000    0    1.200   1.0000          NULL 
 85.7000    3    2.000   1.0000        circle
 87.7000    0    1.200   1.0000          NULL 
 88.9000    1    2.000   1.0000          line
 90.9000    0    1.900   1.0000          NULL 
 92.7999    4    2.000   1.0000      triangle
 94.7999    0    1.100   1.0000          NULL 
 95.8999    4    2.000   1.0000      triangle
 97.8999    0    1.800   1.0000          NULL 
 99.6999    1    2.000   1.0000          line
101.6999    0    1.000   1.0000          NULL 
102.6999    2    2.000   1.0000        square
104.6999    0    1.500   1.0000          NULL 
106.1999    4    2.000   1.0000      triangle
108.1999    0    1.200   1.0000          NULL 
109.3999    3    2.000   1.0000        circle
111.3999    0    1.000   1.0000          NULL 
112.3999    1    2.000   1.0000          line
114.3999    0    1.500   1.0000          NULL 
115.8999    1    2.000   1.0000          line
117.8999    0    1.100   1.0000          NULL 
118.9999    1    2.000   1.0000          line
120.9999    0    2.000   1.0000          NULL 
122.9999    4    2.000   1.0000      triangle
124.9999    0    1.000   1.0000          NULL 
125.9999    2    2.000   1.0000        square
127.9999    0    2.000   1.0000          NULL 
