  0.0000    2    2.000   1.0000        square
  2.0000    0    1.000   1.0000          NULL 
  3.0000    1    2.000   1.0000          line
  5.0000    0    1.400   1.0000          NULL 
  6.4000    2    2.000   1.0000        square
  8.4000    0    1.200   1.0000          NULL 
  9.6000    1    2.000   1.0000          line
 11.6000    0    1.500   1.0000          NULL 
 13.1000    1    2.000   1.0000          line
 15.1000    0    1.000   1.0000          NULL 
 16.1000    1    2.000   1.0000          line
 18.1000    0    1.100   1.0000          NULL 
 19.2000    1    2.000   1.0000          line
 21.2000    0    1.000   1.0000          NULL 
 22.2000    3    2.000   1.0000        circle
 24.2000    0    1.500   1.0000          NULL 
 25.7000    3    2.000   1.0000        circle
 27.7000    0    1.100   1.0000          NULL 
 28.8000    4    2.000   1.0000      triangle
 30.8000    0    1.300   1.0000          NULL 
 32.1000    4    2.000   1.0000      triangle
 34.1000    0    1.000   1.0000          NULL 
 35.1000    4    2.000   1.0000      triangle
 37.1000    0    2.000   1.0000          NULL 
 39.1000    3    2.000   1.0000        circle
 41.1000    0    1.300   1.0000          NULL 
 42.4000    2    2.000   1.0000        square
 44.4000    0    1.100   1.0000          NULL 
 45.5000    2    2.000   1.0000        square
 47.5000    0    1.400   1.0000          NULL 
 48.9000    3    2.000   1.0000        circle
 50.9000    0    1.200   1.0000          NULL 
 52.1000    2    2.000   1.0000        square
 54.1000    0    1.500   1.0000          NULL 
 55.6000    2    2.000   1.0000        square
 57.6000    0    1.900   1.0000          NULL 
 59.5000    4    2.000   1.0000      triangle
 61.5000    0    1.100   1.0000          NULL 
 62.5999    4    2.000   1.0000      triangle
 64.5999    0    1.100   1.0000          NULL 
 65.6999    2    2.000   1.0000        square
 67.6999    0    2.000   1.0000          NULL 
 69.6999    4    2.000   1.0000      triangle
 71.6999    0    1.000   1.0000          NULL 
 72.6999    3    2.000   1.0000        circle
 74.6999    0    1.600   1.0000          NULL 
 76.2999    4    2.000   1.0000      triangle
 78.2999    0    1.200   1.0000          NULL 
 79.4999    3    2.000   1.0000        circle
 81.4999    0    1.100   1.0000          NULL 
 82.5999    1    2.000   1.0000          line
 84.5999    0    1.300   1.0000          NULL 
 85.8999    2    2.000   1.0000        square
 87.8999    0    1.100   1.0000          NULL 
 88.9999    3    2.000   1.0000        circle
 90.9999    0    1.000   1.0000          NULL 
 91.9999    4    2.000   1.0000      triangle
 93.9999    0    1.500   1.0000          NULL 
 95.4999    3    2.000   1.0000        circle
 97.4999    0    1.000   1.0000          NULL 
 98.4999    1    2.000   1.0000          line
100.4999    0    1.400   1.0000          NULL 
101.8999    4    2.000   1.0000      triangle
103.8999    0    1.400   1.0000          NULL 
105.2999    4    2.000   1.0000      triangle
107.2999    0    1.100   1.0000          NULL 
108.3999    1    2.000   1.0000          line
110.3999    0    1.100   1.0000          NULL 
111.4999    3    2.000   1.0000        circle
113.4999    0    1.500   1.0000          NULL 
114.9999    1    2.000   1.0000          line
116.9999    0    1.000   1.0000          NULL 
117.9999    3    2.000   1.0000        circle
119.9999    0    1.000   1.0000          NULL 
120.9999    2    2.000   1.0000        square
122.9999    0    1.000   1.0000          NULL 
123.9999    2    2.000   1.0000        square
125.9999    0    1.000   1.0000          NULL 
126.9999    1    2.000   1.0000          line
128.9999    0    1.000   1.0000          NULL 
