  0.0000    3    2.000   1.0000      triangle
  2.0000    0    1.500   1.0000          NULL 
  3.5000    3    2.000   1.0000      triangle
  5.5000    0    1.000   1.0000          NULL 
  6.5000    1    2.000   1.0000          line
  8.5000    0    0.500   1.0000          NULL 
  9.0000    2    2.000   1.0000        square
 11.0000    0    0.500   1.0000          NULL 
 11.5000    4    2.000   1.0000        circle
 13.5000    0    0.500   1.0000          NULL 
 14.0000    1    2.000   1.0000          line
 16.0000    0    0.500   1.0000          NULL 
 16.5000    3    2.000   1.0000      triangle
 18.5000    0    1.000   1.0000          NULL 
 19.5000    3    2.000   1.0000      triangle
 21.5000    0    0.500   1.0000          NULL 
 22.0000    4    2.000   1.0000        circle
 24.0000    0    1.000   1.0000          NULL 
 25.0000    4    2.000   1.0000        circle
 27.0000    0    1.000   1.0000          NULL 
 28.0000    2    2.000   1.0000        square
 30.0000    0    1.000   1.0000          NULL 
 31.0000    4    2.000   1.0000        circle
 33.0000    0    4.000   1.0000          NULL 
 37.0000    2    2.000   1.0000        square
 39.0000    0    1.500   1.0000          NULL 
 40.5000    1    2.000   1.0000          line
 42.5000    0    1.000   1.0000          NULL 
 43.5000    1    2.000   1.0000          line
 45.5000    0    0.500   1.0000          NULL 
 46.0000    1    2.000   1.0000          line
 48.0000    0    0.500   1.0000          NULL 
 48.5000    4    2.000   1.0000        circle
 50.5000    0    2.000   1.0000          NULL 
 52.5000    1    2.000   1.0000          line
 54.5000    0    2.500   1.0000          NULL 
 57.0000    4    2.000   1.0000        circle
 59.0000    0    0.500   1.0000          NULL 
 59.5000    2    2.000   1.0000        square
 61.5000    0    0.500   1.0000          NULL 
 62.0000    1    2.000   1.0000          line
 64.0000    0    0.500   1.0000          NULL 
 64.5000    4    2.000   1.0000        circle
 66.5000    0    0.500   1.0000          NULL 
 67.0000    1    2.000   1.0000          line
 69.0000    0    3.500   1.0000          NULL 
 72.5000    1    2.000   1.0000          line
 74.5000    0    2.000   1.0000          NULL 
 76.5000    4    2.000   1.0000        circle
 78.5000    0    0.500   1.0000          NULL 
 79.0000    2    2.000   1.0000        square
 81.0000    0    0.500   1.0000          NULL 
 81.5000    1    2.000   1.0000          line
 83.5000    0    0.500   1.0000          NULL 
 84.0000    2    2.000   1.0000        square
 86.0000    0    1.000   1.0000          NULL 
 87.0000    4    2.000   1.0000        circle
 89.0000    0    3.500   1.0000          NULL 
 92.5000    2    2.000   1.0000        square
 94.5000    0    1.000   1.0000          NULL 
 95.5000    2    2.000   1.0000        square
 97.5000    0    1.500   1.0000          NULL 
 99.0000    2    2.000   1.0000        square
101.0000    0    3.000   1.0000          NULL 
104.0000    3    2.000   1.0000      triangle
106.0000    0    1.500   1.0000          NULL 
107.5000    1    2.000   1.0000          line
109.5000    0    1.000   1.0000          NULL 
110.5000    4    2.000   1.0000        circle
112.5000    0    2.000   1.0000          NULL 
114.5000    1    2.000   1.0000          line
116.5000    0    1.500   1.0000          NULL 
118.0000    2    2.000   1.0000        square
120.0000    0    2.500   1.0000          NULL 
122.5000    2    2.000   1.0000        square
124.5000    0    0.500   1.0000          NULL 
125.0000    3    2.000   1.0000      triangle
127.0000    0    1.500   1.0000          NULL 
128.5000    1    2.000   1.0000          line
130.5000    0    1.000   1.0000          NULL 
131.5000    3    2.000   1.0000      triangle
133.5000    0    4.000   1.0000          NULL 
137.5000    4    2.000   1.0000        circle
139.5000    0    2.000   1.0000          NULL 
141.5000    2    2.000   1.0000        square
143.5000    0    0.500   1.0000          NULL 
144.0000    2    2.000   1.0000        square
146.0000    0    2.500   1.0000          NULL 
148.5000    3    2.000   1.0000      triangle
150.5000    0    1.000   1.0000          NULL 
151.5000    3    2.000   1.0000      triangle
153.5000    0    2.000   1.0000          NULL 
155.5000    1    2.000   1.0000          line
157.5000    0    0.500   1.0000          NULL 
158.0000    3    2.000   1.0000      triangle
160.0000    0    1.500   1.0000          NULL 
161.5000    3    2.000   1.0000      triangle
163.5000    0    0.500   1.0000          NULL 
164.0000    2    2.000   1.0000        square
166.0000    0    4.000   1.0000          NULL 
170.0000    1    2.000   1.0000          line
172.0000    0    1.000   1.0000          NULL 
173.0000    3    2.000   1.0000      triangle
175.0000    0    1.500   1.0000          NULL 
176.5000    3    2.000   1.0000      triangle
178.5000    0    2.500   1.0000          NULL 
181.0000    2    2.000   1.0000        square
183.0000    0    3.000   1.0000          NULL 
186.0000    4    2.000   1.0000        circle
188.0000    0    1.500   1.0000          NULL 
189.5000    2    2.000   1.0000        square
191.5000    0    1.000   1.0000          NULL 
192.5000    3    2.000   1.0000      triangle
194.5000    0    0.500   1.0000          NULL 
195.0000    1    2.000   1.0000          line
197.0000    0    1.500   1.0000          NULL 
198.5000    2    2.000   1.0000        square
200.5000    0    2.500   1.0000          NULL 
203.0000    4    2.000   1.0000        circle
205.0000    0    0.500   1.0000          NULL 
205.5000    1    2.000   1.0000          line
207.5000    0    3.000   1.0000          NULL 
210.5000    3    2.000   1.0000      triangle
212.5000    0    1.000   1.0000          NULL 
213.5000    2    2.000   1.0000        square
215.5000    0    0.500   1.0000          NULL 
216.0000    1    2.000   1.0000          line
218.0000    0    4.000   1.0000          NULL 
222.0000    1    2.000   1.0000          line
224.0000    0    0.500   1.0000          NULL 
224.5000    3    2.000   1.0000      triangle
226.5000    0    2.500   1.0000          NULL 
229.0000    1    2.000   1.0000          line
231.0000    0    0.500   1.0000          NULL 
231.5000    1    2.000   1.0000          line
233.5000    0    1.000   1.0000          NULL 
234.5000    1    2.000   1.0000          line
236.5000    0    2.000   1.0000          NULL 
238.5000    2    2.000   1.0000        square
240.5000    0    3.000   1.0000          NULL 
243.5000    3    2.000   1.0000      triangle
245.5000    0    0.500   1.0000          NULL 
246.0000    4    2.000   1.0000        circle
248.0000    0    1.500   1.0000          NULL 
249.5000    1    2.000   1.0000          line
251.5000    0    1.500   1.0000          NULL 
253.0000    2    2.000   1.0000        square
255.0000    0    1.000   1.0000          NULL 
256.0000    4    2.000   1.0000        circle
258.0000    0    4.000   1.0000          NULL 
262.0000    1    2.000   1.0000          line
264.0000    0    1.500   1.0000          NULL 
265.5000    4    2.000   1.0000        circle
267.5000    0    1.000   1.0000          NULL 
268.5000    4    2.000   1.0000        circle
270.5000    0    3.000   1.0000          NULL 
273.5000    4    2.000   1.0000        circle
275.5000    0    3.500   1.0000          NULL 
279.0000    2    2.000   1.0000        square
281.0000    0    0.500   1.0000          NULL 
281.5000    4    2.000   1.0000        circle
283.5000    0    1.500   1.0000          NULL 
285.0000    4    2.000   1.0000        circle
287.0000    0    2.000   1.0000          NULL 
289.0000    3    2.000   1.0000      triangle
291.0000    0    1.500   1.0000          NULL 
292.5000    2    2.000   1.0000        square
294.5000    0    1.500   1.0000          NULL 
296.0000    2    2.000   1.0000        square
298.0000    0    1.000   1.0000          NULL 
299.0000    1    2.000   1.0000          line
301.0000    0    0.500   1.0000          NULL 
301.5000    2    2.000   1.0000        square
303.5000    0    0.500   1.0000          NULL 
304.0000    3    2.000   1.0000      triangle
306.0000    0    1.500   1.0000          NULL 
307.5000    3    2.000   1.0000      triangle
309.5000    0    1.500   1.0000          NULL 
311.0000    2    2.000   1.0000        square
313.0000    0    3.500   1.0000          NULL 
316.5000    4    2.000   1.0000        circle
318.5000    0    1.000   1.0000          NULL 
319.5000    4    2.000   1.0000        circle
321.5000    0    1.500   1.0000          NULL 
323.0000    3    2.000   1.0000      triangle
325.0000    0    1.000   1.0000          NULL 
326.0000    1    2.000   1.0000          line
328.0000    0    1.000   1.0000          NULL 
329.0000    3    2.000   1.0000      triangle
331.0000    0    2.000   1.0000          NULL 
333.0000    3    2.000   1.0000      triangle
335.0000    0    0.500   1.0000          NULL 
335.5000    3    2.000   1.0000      triangle
337.5000    0    0.500   1.0000          NULL 
338.0000    1    2.000   1.0000          line
340.0000    0    0.500   1.0000          NULL 
340.5000    2    2.000   1.0000        square
342.5000    0    1.000   1.0000          NULL 
343.5000    3    2.000   1.0000      triangle
345.5000    0    1.500   1.0000          NULL 
347.0000    4    2.000   1.0000        circle
349.0000    0    1.000   1.0000          NULL 
350.0000    1    2.000   1.0000          line
352.0000    0    1.000   1.0000          NULL 
353.0000    4    2.000   1.0000        circle
355.0000    0    1.000   1.0000          NULL 
356.0000    1    2.000   1.0000          line
358.0000    0    2.500   1.0000          NULL 
360.5000    3    2.000   1.0000      triangle
362.5000    0    0.500   1.0000          NULL 
363.0000    4    2.000   1.0000        circle
365.0000    0    2.000   1.0000          NULL 
367.0000    4    2.000   1.0000        circle
369.0000    0    2.000   1.0000          NULL 
371.0000    1    2.000   1.0000          line
373.0000    0    2.500   1.0000          NULL 
375.5000    2    2.000   1.0000        square
377.5000    0    4.000   1.0000          NULL 
381.5000    4    2.000   1.0000        circle
383.5000    0    0.500   1.0000          NULL 
384.0000    3    2.000   1.0000      triangle
386.0000    0    1.000   1.0000          NULL 
387.0000    2    2.000   1.0000        square
389.0000    0    1.000   1.0000          NULL 
390.0000    4    2.000   1.0000        circle
392.0000    0    0.500   1.0000          NULL 
392.5000    4    2.000   1.0000        circle
394.5000    0    2.500   1.0000          NULL 
397.0000    3    2.000   1.0000      triangle
399.0000    0    3.500   1.0000          NULL 
402.5000    4    2.000   1.0000        circle
404.5000    0    2.000   1.0000          NULL 
406.5000    2    2.000   1.0000        square
408.5000    0    3.000   1.0000          NULL 
411.5000    3    2.000   1.0000      triangle
413.5000    0    1.000   1.0000          NULL 
414.5000    2    2.000   1.0000        square
416.5000    0    0.500   1.0000          NULL 
417.0000    3    2.000   1.0000      triangle
419.0000    0    1.000   1.0000          NULL 
