  0.0000    2    2.000   1.0000        square
  2.0000    0    1.000   1.0000          NULL 
  3.0000    1    2.000   1.0000          line
  5.0000    0    3.500   1.0000          NULL 
  8.5000    4    2.000   1.0000        circle
 10.5000    0    2.500   1.0000          NULL 
 13.0000    1    2.000   1.0000          line
 15.0000    0    1.500   1.0000          NULL 
 16.5000    3    2.000   1.0000      triangle
 18.5000    0    2.500   1.0000          NULL 
 21.0000    1    2.000   1.0000          line
 23.0000    0    1.000   1.0000          NULL 
 24.0000    1    2.000   1.0000          line
 26.0000    0    3.500   1.0000          NULL 
 29.5000    1    2.000   1.0000          line
 31.5000    0    3.000   1.0000          NULL 
 34.5000    3    2.000   1.0000      triangle
 36.5000    0    1.000   1.0000          NULL 
 37.5000    4    2.000   1.0000        circle
 39.5000    0    2.000   1.0000          NULL 
 41.5000    1    2.000   1.0000          line
 43.5000    0    1.500   1.0000          NULL 
 45.0000    2    2.000   1.0000        square
 47.0000    0    4.000   1.0000          NULL 
 51.0000    3    2.000   1.0000      triangle
 53.0000    0    1.000   1.0000          NULL 
 54.0000    3    2.000   1.0000      triangle
 56.0000    0    1.000   1.0000          NULL 
 57.0000    1    2.000   1.0000          line
 59.0000    0    1.000   1.0000          NULL 
 60.0000    2    2.000   1.0000        square
 62.0000    0    1.000   1.0000          NULL 
 63.0000    2    2.000   1.0000        square
 65.0000    0    1.000   1.0000          NULL 
 66.0000    1    2.000   1.0000          line
 68.0000    0    0.500   1.0000          NULL 
 68.5000    1    2.000   1.0000          line
 70.5000    0    1.500   1.0000          NULL 
 72.0000    3    2.000   1.0000      triangle
 74.0000    0    2.000   1.0000          NULL 
 76.0000    3    2.000   1.0000      triangle
 78.0000    0    1.500   1.0000          NULL 
 79.5000    2    2.000   1.0000        square
 81.5000    0    3.000   1.0000          NULL 
 84.5000    2    2.000   1.0000        square
 86.5000    0    0.500   1.0000          NULL 
 87.0000    1    2.000   1.0000          line
 89.0000    0    1.000   1.0000          NULL 
 90.0000    2    2.000   1.0000        square
 92.0000    0    3.000   1.0000          NULL 
 95.0000    4    2.000   1.0000        circle
 97.0000    0    0.500   1.0000          NULL 
 97.5000    1    2.000   1.0000          line
 99.5000    0    2.000   1.0000          NULL 
101.5000    3    2.000   1.0000      triangle
103.5000    0    1.000   1.0000          NULL 
104.5000    4    2.000   1.0000        circle
106.5000    0    0.500   1.0000          NULL 
107.0000    2    2.000   1.0000        square
109.0000    0    1.000   1.0000          NULL 
110.0000    3    2.000   1.0000      triangle
112.0000    0    2.000   1.0000          NULL 
114.0000    4    2.000   1.0000        circle
116.0000    0    2.000   1.0000          NULL 
118.0000    3    2.000   1.0000      triangle
120.0000    0    1.500   1.0000          NULL 
121.5000    1    2.000   1.0000          line
123.5000    0    3.000   1.0000          NULL 
126.5000    4    2.000   1.0000        circle
128.5000    0    0.500   1.0000          NULL 
129.0000    4    2.000   1.0000        circle
131.0000    0    0.500   1.0000          NULL 
131.5000    1    2.000   1.0000          line
133.5000    0    3.500   1.0000          NULL 
137.0000    2    2.000   1.0000        square
139.0000    0    1.000   1.0000          NULL 
140.0000    2    2.000   1.0000        square
142.0000    0    0.500   1.0000          NULL 
142.5000    2    2.000   1.0000        square
144.5000    0    1.500   1.0000          NULL 
146.0000    4    2.000   1.0000        circle
148.0000    0    0.500   1.0000          NULL 
148.5000    2    2.000   1.0000        square
150.5000    0    0.500   1.0000          NULL 
151.0000    2    2.000   1.0000        square
153.0000    0    3.500   1.0000          NULL 
156.5000    1    2.000   1.0000          line
158.5000    0    2.000   1.0000          NULL 
160.5000    4    2.000   1.0000        circle
162.5000    0    0.500   1.0000          NULL 
163.0000    2    2.000   1.0000        square
165.0000    0    4.000   1.0000          NULL 
169.0000    1    2.000   1.0000          line
171.0000    0    2.500   1.0000          NULL 
173.5000    3    2.000   1.0000      triangle
175.5000    0    2.000   1.0000          NULL 
177.5000    2    2.000   1.0000        square
179.5000    0    2.000   1.0000          NULL 
181.5000    2    2.000   1.0000        square
183.5000    0    0.500   1.0000          NULL 
184.0000    1    2.000   1.0000          line
186.0000    0    1.500   1.0000          NULL 
187.5000    4    2.000   1.0000        circle
189.5000    0    0.500   1.0000          NULL 
190.0000    2    2.000   1.0000        square
192.0000    0    1.500   1.0000          NULL 
193.5000    4    2.000   1.0000        circle
195.5000    0    0.500   1.0000          NULL 
196.0000    3    2.000   1.0000      triangle
198.0000    0    1.000   1.0000          NULL 
199.0000    2    2.000   1.0000        square
201.0000    0    0.500   1.0000          NULL 
201.5000    3    2.000   1.0000      triangle
203.5000    0    2.000   1.0000          NULL 
205.5000    4    2.000   1.0000        circle
207.5000    0    0.500   1.0000          NULL 
208.0000    3    2.000   1.0000      triangle
210.0000    0    0.500   1.0000          NULL 
210.5000    1    2.000   1.0000          line
212.5000    0    0.500   1.0000          NULL 
213.0000    1    2.000   1.0000          line
215.0000    0    4.000   1.0000          NULL 
219.0000    3    2.000   1.0000      triangle
221.0000    0    1.500   1.0000          NULL 
222.5000    1    2.000   1.0000          line
224.5000    0    2.500   1.0000          NULL 
227.0000    2    2.000   1.0000        square
229.0000    0    2.500   1.0000          NULL 
231.5000    4    2.000   1.0000        circle
233.5000    0    1.000   1.0000          NULL 
234.5000    4    2.000   1.0000        circle
236.5000    0    1.000   1.0000          NULL 
237.5000    4    2.000   1.0000        circle
239.5000    0    0.500   1.0000          NULL 
240.0000    4    2.000   1.0000        circle
242.0000    0    0.500   1.0000          NULL 
242.5000    3    2.000   1.0000      triangle
244.5000    0    1.500   1.0000          NULL 
246.0000    4    2.000   1.0000        circle
248.0000    0    3.500   1.0000          NULL 
251.5000    4    2.000   1.0000        circle
253.5000    0    2.500   1.0000          NULL 
256.0000    4    2.000   1.0000        circle
258.0000    0    1.000   1.0000          NULL 
259.0000    4    2.000   1.0000        circle
261.0000    0    0.500   1.0000          NULL 
261.5000    2    2.000   1.0000        square
263.5000    0    0.500   1.0000          NULL 
264.0000    3    2.000   1.0000      triangle
266.0000    0    3.500   1.0000          NULL 
269.5000    2    2.000   1.0000        square
271.5000    0    0.500   1.0000          NULL 
272.0000    2    2.000   1.0000        square
274.0000    0    1.500   1.0000          NULL 
275.5000    1    2.000   1.0000          line
277.5000    0    0.500   1.0000          NULL 
278.0000    3    2.000   1.0000      triangle
280.0000    0    0.500   1.0000          NULL 
280.5000    1    2.000   1.0000          line
282.5000    0    2.500   1.0000          NULL 
285.0000    4    2.000   1.0000        circle
287.0000    0    0.500   1.0000          NULL 
287.5000    4    2.000   1.0000        circle
289.5000    0    0.500   1.0000          NULL 
290.0000    1    2.000   1.0000          line
292.0000    0    0.500   1.0000          NULL 
292.5000    4    2.000   1.0000        circle
294.5000    0    1.000   1.0000          NULL 
295.5000    3    2.000   1.0000      triangle
297.5000    0    1.000   1.0000          NULL 
298.5000    2    2.000   1.0000        square
300.5000    0    1.000   1.0000          NULL 
301.5000    1    2.000   1.0000          line
303.5000    0    1.500   1.0000          NULL 
305.0000    3    2.000   1.0000      triangle
307.0000    0    1.500   1.0000          NULL 
308.5000    2    2.000   1.0000        square
310.5000    0    3.500   1.0000          NULL 
314.0000    1    2.000   1.0000          line
316.0000    0    2.000   1.0000          NULL 
318.0000    2    2.000   1.0000        square
320.0000    0    0.500   1.0000          NULL 
320.5000    4    2.000   1.0000        circle
322.5000    0    1.000   1.0000          NULL 
323.5000    4    2.000   1.0000        circle
325.5000    0    0.500   1.0000          NULL 
326.0000    1    2.000   1.0000          line
328.0000    0    0.500   1.0000          NULL 
328.5000    3    2.000   1.0000      triangle
330.5000    0    2.000   1.0000          NULL 
332.5000    3    2.000   1.0000      triangle
334.5000    0    3.500   1.0000          NULL 
338.0000    1    2.000   1.0000          line
340.0000    0    0.500   1.0000          NULL 
340.5000    2    2.000   1.0000        square
342.5000    0    2.500   1.0000          NULL 
345.0000    3    2.000   1.0000      triangle
347.0000    0    0.500   1.0000          NULL 
347.5000    4    2.000   1.0000        circle
349.5000    0    2.000   1.0000          NULL 
351.5000    3    2.000   1.0000      triangle
353.5000    0    1.500   1.0000          NULL 
355.0000    3    2.000   1.0000      triangle
357.0000    0    2.500   1.0000          NULL 
359.5000    2    2.000   1.0000        square
361.5000    0    2.000   1.0000          NULL 
363.5000    1    2.000   1.0000          line
365.5000    0    0.500   1.0000          NULL 
366.0000    3    2.000   1.0000      triangle
368.0000    0    3.500   1.0000          NULL 
371.5000    3    2.000   1.0000      triangle
373.5000    0    3.000   1.0000          NULL 
376.5000    3    2.000   1.0000      triangle
378.5000    0    0.500   1.0000          NULL 
379.0000    4    2.000   1.0000        circle
381.0000    0    1.000   1.0000          NULL 
382.0000    3    2.000   1.0000      triangle
384.0000    0    1.000   1.0000          NULL 
385.0000    2    2.000   1.0000        square
387.0000    0    0.500   1.0000          NULL 
387.5000    1    2.000   1.0000          line
389.5000    0    0.500   1.0000          NULL 
390.0000    4    2.000   1.0000        circle
392.0000    0    1.500   1.0000          NULL 
393.5000    4    2.000   1.0000        circle
395.5000    0    1.000   1.0000          NULL 
396.5000    2    2.000   1.0000        square
398.5000    0    0.500   1.0000          NULL 
399.0000    4    2.000   1.0000        circle
401.0000    0    3.000   1.0000          NULL 
404.0000    1    2.000   1.0000          line
406.0000    0    0.500   1.0000          NULL 
406.5000    1    2.000   1.0000          line
408.5000    0    0.500   1.0000          NULL 
409.0000    3    2.000   1.0000      triangle
411.0000    0    0.500   1.0000          NULL 
411.5000    2    2.000   1.0000        square
413.5000    0    2.000   1.0000          NULL 
415.5000    3    2.000   1.0000      triangle
417.5000    0    2.500   1.0000          NULL 
