  0.0000    1    2.000   1.0000          line
  2.0000    0    1.000   1.0000          NULL 
  3.0000    2    2.000   1.0000        square
  5.0000    0    1.000   1.0000          NULL 
  6.0000    1    2.000   1.0000          line
  8.0000    0    2.000   1.0000          NULL 
 10.0000    2    2.000   1.0000        square
 12.0000    0    1.200   1.0000          NULL 
 13.2000    3    2.000   1.0000        circle
 15.2000    0    1.000   1.0000          NULL 
 16.2000    2    2.000   1.0000        square
 18.2000    0    1.600   1.0000          NULL 
 19.8000    2    2.000   1.0000        square
 21.8000    0    1.000   1.0000          NULL 
 22.8000    2    2.000   1.0000        square
 24.8000    0    1.100   1.0000          NULL 
 25.9000    1    2.000   1.0000          line
 27.9000    0    1.300   1.0000          NULL 
 29.2000    3    2.000   1.0000        circle
 31.2000    0    1.000   1.0000          NULL 
 32.2000    4    2.000   1.0000      triangle
 34.2000    0    1.000   1.0000          NULL 
 35.2000    3    2.000   1.0000        circle
 37.2000    0    1.400   1.0000          NULL 
 38.6000    4    2.000   1.0000      triangle
 40.6000    0    1.600   1.0000          NULL 
 42.2000    4    2.000   1.0000      triangle
 44.2000    0    1.700   1.0000          NULL 
 45.9000    4    2.000   1.0000      triangle
 47.9000    0    1.200   1.0000          NULL 
 49.1000    1    2.000   1.0000          line
 51.1000    0    1.500   1.0000          NULL 
 52.6000    3    2.000   1.0000        circle
 54.6000    0    1.400   1.0000          NULL 
 56.0000    3    2.000   1.0000        circle
 58.0000    0    1.000   1.0000          NULL 
 59.0000    1    2.000   1.0000          line
 61.0000    0    1.400   1.0000          NULL 
 62.4000    3    2.000   1.0000        circle
 64.4000    0    1.400   1.0000          NULL 
 65.8000    1    2.000   1.0000          line
 67.8000    0    1.100   1.0000          NULL 
 68.9000    4    2.000   1.0000      triangle
 70.9000    0    1.200   1.0000          NULL 
 72.1000    3    2.000   1.0000        circle
 74.1000    0    1.400   1.0000          NULL 
 75.4999    3    2.000   1.0000        circle
 77.4999    0    1.000   1.0000          NULL 
 78.4999    2    2.000   1.0000        square
 80.4999    0    2.000   1.0000          NULL 
 82.4999    4    2.000   1.0000      triangle
 84.4999    0    1.000   1.0000          NULL 
 85.4999    1    2.000   1.0000          line
 87.4999    0    1.200   1.0000          NULL 
 88.6999    2    2.000   1.0000        square
 90.6999    0    1.200   1.0000          NULL 
 91.8999    2    2.000   1.0000        square
 93.8999    0    1.700   1.0000          NULL 
 95.5999    3    2.000   1.0000        circle
 97.5999    0    1.700   1.0000          NULL 
 99.2999    1    2.000   1.0000          line
101.2999    0    1.100   1.0000          NULL 
102.3999    4    2.000   1.0000      triangle
104.3999    0    1.100   1.0000          NULL 
105.4999    2    2.000   1.0000        square
107.4999    0    1.000   1.0000          NULL 
108.4999    3    2.000   1.0000        circle
110.4999    0    1.200   1.0000          NULL 
111.6999    4    2.000   1.0000      triangle
113.6999    0    1.000   1.0000          NULL 
114.6999    4    2.000   1.0000      triangle
116.6999    0    1.200   1.0000          NULL 
117.8999    4    2.000   1.0000      triangle
119.8999    0    1.000   1.0000          NULL 
120.8999    2    2.000   1.0000        square
122.8999    0    1.100   1.0000          NULL 
123.9999    1    2.000   1.0000          line
125.9999    0    1.000   1.0000          NULL 
126.9999    1    2.000   1.0000          line
128.9999    0    1.000   1.0000          NULL 
