  0.0000    1    2.000   1.0000          line
  2.0000    0    1.100   1.0000          NULL 
  3.1000    4    2.000   1.0000      triangle
  5.1000    0    1.000   1.0000          NULL 
  6.1000    3    2.000   1.0000        circle
  8.1000    0    1.300   1.0000          NULL 
  9.4000    4    2.000   1.0000      triangle
 11.4000    0    1.000   1.0000          NULL 
 12.4000    2    2.000   1.0000        square
 14.4000    0    1.000   1.0000          NULL 
 15.4000    1    2.000   1.0000          line
 17.4000    0    1.700   1.0000          NULL 
 19.1000    4    2.000   1.0000      triangle
 21.1000    0    1.600   1.0000          NULL 
 22.7000    4    2.000   1.0000      triangle
 24.7000    0    1.100   1.0000          NULL 
 25.8000    3    2.000   1.0000        circle
 27.8000    0    1.500   1.0000          NULL 
 29.3000    2    2.000   1.0000        square
 31.3000    0    1.200   1.0000          NULL 
 32.5000    4    2.000   1.0000      triangle
 34.5000    0    1.900   1.0000          NULL 
 36.4000    2    2.000   1.0000        square
 38.4000    0    1.000   1.0000          NULL 
 39.4000    2    2.000   1.0000        square
 41.4000    0    1.000   1.0000          NULL 
 42.4000    4    2.000   1.0000      triangle
 44.4000    0    1.300   1.0000          NULL 
 45.7000    4    2.000   1.0000      triangle
 47.7000    0    1.400   1.0000          NULL 
 49.1000    3    2.000   1.0000        circle
 51.1000    0    1.000   1.0000          NULL 
 52.1000    3    2.000   1.0000        circle
 54.1000    0    1.000   1.0000          NULL 
 55.1000    1    2.000   1.0000          line
 57.1000    0    1.200   1.0000          NULL 
 58.3000    1    2.000   1.0000          line
 60.3000    0    1.100   1.0000          NULL 
 61.4000    3    2.000   1.0000        circle
 63.4000    0    1.200   1.0000          NULL 
 64.6000    2    2.000   1.0000        square
 66.6000    0    1.300   1.0000          NULL 
 67.9000    2    2.000   1.0000        square
 69.9000    0    1.200   1.0000          NULL 
 71.1000    2    2.000   1.0000        square
 73.1000    0    1.000   1.0000          NULL 
 74.1000    2    2.000   1.0000        square
 76.1000    0    1.600   1.0000          NULL 
 77.7000    1    2.000   1.0000          line
 79.7000    0    1.700   1.0000          NULL 
 81.3999    3    2.000   1.0000        circle
 83.3999    0    1.300   1.0000          NULL 
 84.6999    4    2.000   1.0000      triangle
 86.6999    0    1.000   1.0000          NULL 
 87.6999    4    2.000   1.0000      triangle
 89.6999    0    1.200   1.0000          NULL 
 90.8999    1    2.000   1.0000          line
 92.8999    0    1.000   1.0000          NULL 
 93.8999    2    2.000   1.0000        square
 95.8999    0    1.900   1.0000          NULL 
 97.7999    4    2.000   1.0000      triangle
 99.7999    0    1.300   1.0000          NULL 
101.0999    1    2.000   1.0000          line
103.0999    0    1.500   1.0000          NULL 
104.5999    1    2.000   1.0000          line
106.5999    0    1.300   1.0000          NULL 
107.8999    3    2.000   1.0000        circle
109.8999    0    1.100   1.0000          NULL 
110.9999    3    2.000   1.0000        circle
112.9999    0    1.100   1.0000          NULL 
114.0999    3    2.000   1.0000        circle
116.0999    0    1.100   1.0000          NULL 
117.1999    2    2.000   1.0000        square
119.1999    0    1.000   1.0000          NULL 
120.1999    3    2.000   1.0000        circle
122.1999    0    1.200   1.0000          NULL 
123.3999    1    2.000   1.0000          line
125.3999    0    1.400   1.0000          NULL 
126.7999    1    2.000   1.0000          line
128.7999    0    1.200   1.0000          NULL 
