  0.0000    1    2.000   1.0000          line
  2.0000    0    1.500   1.0000          NULL 
  3.5000    1    2.000   1.0000          line
  5.5000    0    1.000   1.0000          NULL 
  6.5000    3    2.000   1.0000      triangle
  8.5000    0    1.000   1.0000          NULL 
  9.5000    1    2.000   1.0000          line
 11.5000    0    3.500   1.0000          NULL 
 15.0000    3    2.000   1.0000      triangle
 17.0000    0    4.000   1.0000          NULL 
 21.0000    1    2.000   1.0000          line
 23.0000    0    0.500   1.0000          NULL 
 23.5000    1    2.000   1.0000          line
 25.5000    0    0.500   1.0000          NULL 
 26.0000    2    2.000   1.0000        square
 28.0000    0    3.500   1.0000          NULL 
 31.5000    4    2.000   1.0000        circle
 33.5000    0    0.500   1.0000          NULL 
 34.0000    3    2.000   1.0000      triangle
 36.0000    0    3.000   1.0000          NULL 
 39.0000    2    2.000   1.0000        square
 41.0000    0    2.000   1.0000          NULL 
 43.0000    2    2.000   1.0000        square
 45.0000    0    0.500   1.0000          NULL 
 45.5000    3    2.000   1.0000      triangle
 47.5000    0    3.500   1.0000          NULL 
 51.0000    1    2.000   1.0000          line
 53.0000    0    2.000   1.0000          NULL 
 55.0000    2    2.000   1.0000        square
 57.0000    0    0.500   1.0000          NULL 
 57.5000    4    2.000   1.0000        circle
 59.5000    0    2.500   1.0000          NULL 
 62.0000    2    2.000   1.0000        square
 64.0000    0    1.500   1.0000          NULL 
 65.5000    3    2.000   1.0000      triangle
 67.5000    0    0.500   1.0000          NULL 
 68.0000    1    2.000   1.0000          line
 70.0000    0    1.000   1.0000          NULL 
 71.0000    2    2.000   1.0000        square
 73.0000    0    0.500   1.0000          NULL 
 73.5000    4    2.000   1.0000        circle
 75.5000    0    0.500   1.0000          NULL 
 76.0000    4    2.000   1.0000        circle
 78.0000    0    2.000   1.0000          NULL 
 80.0000    4    2.000   1.0000        circle
 82.0000    0    1.500   1.0000          NULL 
 83.5000    1    2.000   1.0000          line
 85.5000    0    3.500   1.0000          NULL 
 89.0000    2    2.000   1.0000        square
 91.0000    0    2.500   1.0000          NULL 
 93.5000    2    2.000   1.0000        square
 95.5000    0    0.500   1.0000          NULL 
 96.0000    2    2.000   1.0000        square
 98.0000    0    0.500   1.0000          NULL 
 98.5000    1    2.000   1.0000          line
100.5000    0    1.500   1.0000          NULL 
102.0000    3    2.000   1.0000      triangle
104.0000    0    0.500   1.0000          NULL 
104.5000    2    2.000   1.0000        square
106.5000    0    3.500   1.0000          NULL 
110.0000    4    2.000   1.0000        circle
112.0000    0    2.000   1.0000          NULL 
114.0000    3    2.000   1.0000      triangle
116.0000    0    4.000   1.0000          NULL 
120.0000    3    2.000   1.0000      triangle
122.0000    0    0.500   1.0000          NULL 
122.5000    3    2.000   1.0000      triangle
124.5000    0    2.500   1.0000          NULL 
127.0000    2    2.000   1.0000        square
129.0000    0    0.500   1.0000          NULL 
129.5000    1    2.000   1.0000          line
131.5000    0    1.000   1.0000          NULL 
132.5000    2    2.000   1.0000        square
134.5000    0    1.000   1.0000          NULL 
135.5000    2    2.000   1.0000        square
137.5000    0    1.000   1.0000          NULL 
138.5000    2    2.000   1.0000        square
140.5000    0    1.500   1.0000          NULL 
142.0000    1    2.000   1.0000          line
144.0000    0    0.500   1.0000          NULL 
144.5000    2    2.000   1.0000        square
146.5000    0    0.500   1.0000          NULL 
147.0000    4    2.000   1.0000        circle
149.0000    0    1.500   1.0000          NULL 
150.5000    3    2.000   1.0000      triangle
152.5000    0    1.000   1.0000          NULL 
153.5000    4    2.000   1.0000        circle
155.5000    0    0.500   1.0000          NULL 
156.0000    1    2.000   1.0000          line
158.0000    0    0.500   1.0000          NULL 
158.5000    2    2.000   1.0000        square
160.5000    0    0.500   1.0000          NULL 
161.0000    2    2.000   1.0000        square
163.0000    0    3.500   1.0000          NULL 
166.5000    3    2.000   1.0000      triangle
168.5000    0    0.500   1.0000          NULL 
169.0000    3    2.000   1.0000      triangle
171.0000    0    2.500   1.0000          NULL 
173.5000    4    2.000   1.0000        circle
175.5000    0    1.000   1.0000          NULL 
176.5000    1    2.000   1.0000          line
178.5000    0    1.000   1.0000          NULL 
179.5000    3    2.000   1.0000      triangle
181.5000    0    1.000   1.0000          NULL 
182.5000    1    2.000   1.0000          line
184.5000    0    0.500   1.0000          NULL 
185.0000    1    2.000   1.0000          line
187.0000    0    2.500   1.0000          NULL 
189.5000    3    2.000   1.0000      triangle
191.5000    0    0.500   1.0000          NULL 
192.0000    3    2.000   1.0000      triangle
194.0000    0    0.500   1.0000          NULL 
194.5000    1    2.000   1.0000          line
196.5000    0    2.500   1.0000          NULL 
199.0000    4    2.000   1.0000        circle
201.0000    0    4.000   1.0000          NULL 
205.0000    4    2.000   1.0000        circle
207.0000    0    0.500   1.0000          NULL 
207.5000    4    2.000   1.0000        circle
209.5000    0    2.000   1.0000          NULL 
211.5000    3    2.000   1.0000      triangle
213.5000    0    1.000   1.0000          NULL 
214.5000    1    2.000   1.0000          line
216.5000    0    0.500   1.0000          NULL 
217.0000    2    2.000   1.0000        square
219.0000    0    2.000   1.0000          NULL 
221.0000    3    2.000   1.0000      triangle
223.0000    0    0.500   1.0000          NULL 
223.5000    4    2.000   1.0000        circle
225.5000    0    2.000   1.0000          NULL 
227.5000    1    2.000   1.0000          line
229.5000    0    1.500   1.0000          NULL 
231.0000    3    2.000   1.0000      triangle
233.0000    0    0.500   1.0000          NULL 
233.5000    1    2.000   1.0000          line
235.5000    0    0.500   1.0000          NULL 
236.0000    3    2.000   1.0000      triangle
238.0000    0    0.500   1.0000          NULL 
238.5000    4    2.000   1.0000        circle
240.5000    0    1.000   1.0000          NULL 
241.5000    3    2.000   1.0000      triangle
243.5000    0    0.500   1.0000          NULL 
244.0000    2    2.000   1.0000        square
246.0000    0    1.500   1.0000          NULL 
247.5000    3    2.000   1.0000      triangle
249.5000    0    0.500   1.0000          NULL 
250.0000    4    2.000   1.0000        circle
252.0000    0    2.500   1.0000          NULL 
254.5000    2    2.000   1.0000        square
256.5000    0    0.500   1.0000          NULL 
257.0000    3    2.000   1.0000      triangle
259.0000    0    2.000   1.0000          NULL 
261.0000    4    2.000   1.0000        circle
263.0000    0    2.500   1.0000          NULL 
265.5000    2    2.000   1.0000        square
267.5000    0    3.000   1.0000          NULL 
270.5000    2    2.000   1.0000        square
272.5000    0    1.500   1.0000          NULL 
274.0000    4    2.000   1.0000        circle
276.0000    0    1.500   1.0000          NULL 
277.5000    2    2.000   1.0000        square
279.5000    0    1.500   1.0000          NULL 
281.0000    4    2.000   1.0000        circle
283.0000    0    1.500   1.0000          NULL 
284.5000    4    2.000   1.0000        circle
286.5000    0    2.000   1.0000          NULL 
288.5000    4    2.000   1.0000        circle
290.5000    0    2.000   1.0000          NULL 
292.5000    3    2.000   1.0000      triangle
294.5000    0    0.500   1.0000          NULL 
295.0000    1    2.000   1.0000          line
297.0000    0    3.500   1.0000          NULL 
300.5000    1    2.000   1.0000          line
302.5000    0    2.000   1.0000          NULL 
304.5000    4    2.000   1.0000        circle
306.5000    0    2.500   1.0000          NULL 
309.0000    4    2.000   1.0000        circle
311.0000    0    1.000   1.0000          NULL 
312.0000    3    2.000   1.0000      triangle
314.0000    0    1.500   1.0000          NULL 
315.5000    3    2.000   1.0000      triangle
317.5000    0    0.500   1.0000          NULL 
318.0000    2    2.000   1.0000        square
320.0000    0    3.500   1.0000          NULL 
323.5000    1    2.000   1.0000          line
325.5000    0    0.500   1.0000          NULL 
326.0000    1    2.000   1.0000          line
328.0000    0    0.500   1.0000          NULL 
328.5000    2    2.000   1.0000        square
330.5000    0    0.500   1.0000          NULL 
331.0000    1    2.000   1.0000          line
333.0000    0    4.000   1.0000          NULL 
337.0000    1    2.000   1.0000          line
339.0000    0    1.000   1.0000          NULL 
340.0000    4    2.000   1.0000        circle
342.0000    0    0.500   1.0000          NULL 
342.5000    3    2.000   1.0000      triangle
344.5000    0    1.500   1.0000          NULL 
346.0000    2    2.000   1.0000        square
348.0000    0    1.000   1.0000          NULL 
349.0000    1    2.000   1.0000          line
351.0000    0    2.500   1.0000          NULL 
353.5000    2    2.000   1.0000        square
355.5000    0    1.500   1.0000          NULL 
357.0000    4    2.000   1.0000        circle
359.0000    0    1.500   1.0000          NULL 
360.5000    4    2.000   1.0000        circle
362.5000    0    1.500   1.0000          NULL 
364.0000    1    2.000   1.0000          line
366.0000    0    2.500   1.0000          NULL 
368.5000    3    2.000   1.0000      triangle
370.5000    0    0.500   1.0000          NULL 
371.0000    2    2.000   1.0000        square
373.0000    0    1.500   1.0000          NULL 
374.5000    3    2.000   1.0000      triangle
376.5000    0    2.500   1.0000          NULL 
379.0000    2    2.000   1.0000        square
381.0000    0    1.000   1.0000          NULL 
382.0000    4    2.000   1.0000        circle
384.0000    0    1.000   1.0000          NULL 
385.0000    3    2.000   1.0000      triangle
387.0000    0    0.500   1.0000          NULL 
387.5000    4    2.000   1.0000        circle
389.5000    0    0.500   1.0000          NULL 
390.0000    4    2.000   1.0000        circle
392.0000    0    2.500   1.0000          NULL 
394.5000    1    2.000   1.0000          line
396.5000    0    2.000   1.0000          NULL 
398.5000    4    2.000   1.0000        circle
400.5000    0    0.500   1.0000          NULL 
401.0000    3    2.000   1.0000      triangle
403.0000    0    3.000   1.0000          NULL 
406.0000    2    2.000   1.0000        square
408.0000    0    0.500   1.0000          NULL 
408.5000    1    2.000   1.0000          line
410.5000    0    0.500   1.0000          NULL 
411.0000    4    2.000   1.0000        circle
413.0000    0    3.500   1.0000          NULL 
416.5000    1    2.000   1.0000          line
418.5000    0    1.500   1.0000          NULL 
