  0.0000    2    2.000   1.0000        square
  2.0000    0    0.500   1.0000          NULL 
  2.5000    3    2.000   1.0000      triangle
  4.5000    0    0.500   1.0000          NULL 
  5.0000    4    2.000   1.0000        circle
  7.0000    0    2.500   1.0000          NULL 
  9.5000    4    2.000   1.0000        circle
 11.5000    0    2.000   1.0000          NULL 
 13.5000    3    2.000   1.0000      triangle
 15.5000    0    0.500   1.0000          NULL 
 16.0000    2    2.000   1.0000        square
 18.0000    0    1.000   1.0000          NULL 
 19.0000    3    2.000   1.0000      triangle
 21.0000    0    0.500   1.0000          NULL 
 21.5000    4    2.000   1.0000        circle
 23.5000    0    1.500   1.0000          NULL 
 25.0000    4    2.000   1.0000        circle
 27.0000    0    1.000   1.0000          NULL 
 28.0000    1    2.000   1.0000          line
 30.0000    0    2.500   1.0000          NULL 
 32.5000    1    2.000   1.0000          line
 34.5000    0    3.000   1.0000          NULL 
 37.5000    4    2.000   1.0000        circle
 39.5000    0    4.000   1.0000          NULL 
 43.5000    1    2.000   1.0000          line
 45.5000    0    1.500   1.0000          NULL 
 47.0000    1    2.000   1.0000          line
 49.0000    0    2.500   1.0000          NULL 
 51.5000    2    2.000   1.0000        square
 53.5000    0    1.000   1.0000          NULL 
 54.5000    2    2.000   1.0000        square
 56.5000    0    1.000   1.0000          NULL 
 57.5000    3    2.000   1.0000      triangle
 59.5000    0    1.500   1.0000          NULL 
 61.0000    3    2.000   1.0000      triangle
 63.0000    0    4.000   1.0000          NULL 
 67.0000    1    2.000   1.0000          line
 69.0000    0    1.000   1.0000          NULL 
 70.0000    3    2.000   1.0000      triangle
 72.0000    0    0.500   1.0000          NULL 
 72.5000    2    2.000   1.0000        square
 74.5000    0    3.500   1.0000          NULL 
 78.0000    2    2.000   1.0000        square
 80.0000    0    1.500   1.0000          NULL 
 81.5000    4    2.000   1.0000        circle
 83.5000    0    4.000   1.0000          NULL 
 87.5000    3    2.000   1.0000      triangle
 89.5000    0    1.500   1.0000          NULL 
 91.0000    2    2.000   1.0000        square
 93.0000    0    3.500   1.0000          NULL 
 96.5000    4    2.000   1.0000        circle
 98.5000    0    0.500   1.0000          NULL 
 99.0000    2    2.000   1.0000        square
101.0000    0    0.500   1.0000          NULL 
101.5000    4    2.000   1.0000        circle
103.5000    0    1.500   1.0000          NULL 
105.0000    2    2.000   1.0000        square
107.0000    0    0.500   1.0000          NULL 
107.5000    2    2.000   1.0000        square
109.5000    0    1.500   1.0000          NULL 
111.0000    3    2.000   1.0000      triangle
113.0000    0    1.000   1.0000          NULL 
114.0000    1    2.000   1.0000          line
116.0000    0    2.000   1.0000          NULL 
118.0000    3    2.000   1.0000      triangle
120.0000    0    1.000   1.0000          NULL 
121.0000    3    2.000   1.0000      triangle
123.0000    0    4.000   1.0000          NULL 
127.0000    3    2.000   1.0000      triangle
129.0000    0    0.500   1.0000          NULL 
129.5000    2    2.000   1.0000        square
131.5000    0    0.500   1.0000          NULL 
132.0000    2    2.000   1.0000        square
134.0000    0    1.500   1.0000          NULL 
135.5000    3    2.000   1.0000      triangle
137.5000    0    0.500   1.0000          NULL 
138.0000    1    2.000   1.0000          line
140.0000    0    0.500   1.0000          NULL 
140.5000    1    2.000   1.0000          line
142.5000    0    1.000   1.0000          NULL 
143.5000    2    2.000   1.0000        square
145.5000    0    1.500   1.0000          NULL 
147.0000    4    2.000   1.0000        circle
149.0000    0    0.500   1.0000          NULL 
149.5000    1    2.000   1.0000          line
151.5000    0    1.500   1.0000          NULL 
153.0000    1    2.000   1.0000          line
155.0000    0    0.500   1.0000          NULL 
155.5000    1    2.000   1.0000          line
157.5000    0    0.500   1.0000          NULL 
158.0000    4    2.000   1.0000        circle
160.0000    0    4.000   1.0000          NULL 
164.0000    3    2.000   1.0000      triangle
166.0000    0    3.000   1.0000          NULL 
169.0000    3    2.000   1.0000      triangle
171.0000    0    2.000   1.0000          NULL 
173.0000    2    2.000   1.0000        square
175.0000    0    0.500   1.0000          NULL 
175.5000    3    2.000   1.0000      triangle
177.5000    0    2.500   1.0000          NULL 
180.0000    3    2.000   1.0000      triangle
182.0000    0    3.000   1.0000          NULL 
185.0000    4    2.000   1.0000        circle
187.0000    0    2.500   1.0000          NULL 
189.5000    1    2.000   1.0000          line
191.5000    0    0.500   1.0000          NULL 
192.0000    3    2.000   1.0000      triangle
194.0000    0    2.000   1.0000          NULL 
196.0000    4    2.000   1.0000        circle
198.0000    0    1.500   1.0000          NULL 
199.5000    2    2.000   1.0000        square
201.5000    0    0.500   1.0000          NULL 
202.0000    4    2.000   1.0000        circle
204.0000    0    4.000   1.0000          NULL 
208.0000    2    2.000   1.0000        square
210.0000    0    1.500   1.0000          NULL 
211.5000    1    2.000   1.0000          line
213.5000    0    1.500   1.0000          NULL 
215.0000    2    2.000   1.0000        square
217.0000    0    1.000   1.0000          NULL 
218.0000    4    2.000   1.0000        circle
220.0000    0    0.500   1.0000          NULL 
220.5000    1    2.000   1.0000          line
222.5000    0    0.500   1.0000          NULL 
223.0000    4    2.000   1.0000        circle
225.0000    0    1.500   1.0000          NULL 
226.5000    1    2.000   1.0000          line
228.5000    0    0.500   1.0000          NULL 
229.0000    1    2.000   1.0000          line
231.0000    0    0.500   1.0000          NULL 
231.5000    4    2.000   1.0000        circle
233.5000    0    2.000   1.0000          NULL 
235.5000    2    2.000   1.0000        square
237.5000    0    2.000   1.0000          NULL 
239.5000    2    2.000   1.0000        square
241.5000    0    3.000   1.0000          NULL 
244.5000    1    2.000   1.0000          line
246.5000    0    1.000   1.0000          NULL 
247.5000    2    2.000   1.0000        square
249.5000    0    0.500   1.0000          NULL 
250.0000    1    2.000   1.0000          line
252.0000    0    1.500   1.0000          NULL 
253.5000    3    2.000   1.0000      triangle
255.5000    0    0.500   1.0000          NULL 
256.0000    2    2.000   1.0000        square
258.0000    0    3.000   1.0000          NULL 
261.0000    2    2.000   1.0000        square
263.0000    0    0.500   1.0000          NULL 
263.5000    3    2.000   1.0000      triangle
265.5000    0    3.500   1.0000          NULL 
269.0000    1    2.000   1.0000          line
271.0000    0    1.500   1.0000          NULL 
272.5000    3    2.000   1.0000      triangle
274.5000    0    0.500   1.0000          NULL 
275.0000    1    2.000   1.0000          line
277.0000    0    2.000   1.0000          NULL 
279.0000    4    2.000   1.0000        circle
281.0000    0    1.000   1.0000          NULL 
282.0000    4    2.000   1.0000        circle
284.0000    0    0.500   1.0000          NULL 
284.5000    4    2.000   1.0000        circle
286.5000    0    3.000   1.0000          NULL 
289.5000    3    2.000   1.0000      triangle
291.5000    0    1.500   1.0000          NULL 
293.0000    3    2.000   1.0000      triangle
295.0000    0    1.500   1.0000          NULL 
296.5000    3    2.000   1.0000      triangle
298.5000    0    2.000   1.0000          NULL 
300.5000    2    2.000   1.0000        square
302.5000    0    1.000   1.0000          NULL 
303.5000    4    2.000   1.0000        circle
305.5000    0    2.500   1.0000          NULL 
308.0000    4    2.000   1.0000        circle
310.0000    0    3.000   1.0000          NULL 
313.0000    2    2.000   1.0000        square
315.0000    0    1.500   1.0000          NULL 
316.5000    3    2.000   1.0000      triangle
318.5000    0    1.500   1.0000          NULL 
320.0000    1    2.000   1.0000          line
322.0000    0    0.500   1.0000          NULL 
322.5000    4    2.000   1.0000        circle
324.5000    0    1.000   1.0000          NULL 
325.5000    4    2.000   1.0000        circle
327.5000    0    1.000   1.0000          NULL 
328.5000    2    2.000   1.0000        square
330.5000    0    2.000   1.0000          NULL 
332.5000    4    2.000   1.0000        circle
334.5000    0    1.000   1.0000          NULL 
335.5000    2    2.000   1.0000        square
337.5000    0    1.000   1.0000          NULL 
338.5000    1    2.000   1.0000          line
340.5000    0    0.500   1.0000          NULL 
341.0000    1    2.000   1.0000          line
343.0000    0    2.500   1.0000          NULL 
345.5000    1    2.000   1.0000          line
347.5000    0    1.500   1.0000          NULL 
349.0000    3    2.000   1.0000      triangle
351.0000    0    3.000   1.0000          NULL 
354.0000    3    2.000   1.0000      triangle
356.0000    0    0.500   1.0000          NULL 
356.5000    3    2.000   1.0000      triangle
358.5000    0    3.000   1.0000          NULL 
361.5000    2    2.000   1.0000        square
363.5000    0    1.000   1.0000          NULL 
364.5000    4    2.000   1.0000        circle
366.5000    0    1.500   1.0000          NULL 
368.0000    1    2.000   1.0000          line
370.0000    0    1.000   1.0000          NULL 
371.0000    4    2.000   1.0000        circle
373.0000    0    1.000   1.0000          NULL 
374.0000    1    2.000   1.0000          line
376.0000    0    0.500   1.0000          NULL 
376.5000    4    2.000   1.0000        circle
378.5000    0    0.500   1.0000          NULL 
379.0000    4    2.000   1.0000        circle
381.0000    0    1.500   1.0000          NULL 
382.5000    1    2.000   1.0000          line
384.5000    0    0.500   1.0000          NULL 
385.0000    2    2.000   1.0000        square
387.0000    0    0.500   1.0000          NULL 
387.5000    1    2.000   1.0000          line
389.5000    0    0.500   1.0000          NULL 
390.0000    2    2.000   1.0000        square
392.0000    0    1.500   1.0000          NULL 
393.5000    1    2.000   1.0000          line
395.5000    0    1.500   1.0000          NULL 
397.0000    1    2.000   1.0000          line
399.0000    0    0.500   1.0000          NULL 
399.5000    4    2.000   1.0000        circle
401.5000    0    3.000   1.0000          NULL 
404.5000    4    2.000   1.0000        circle
406.5000    0    0.500   1.0000          NULL 
407.0000    3    2.000   1.0000      triangle
409.0000    0    1.000   1.0000          NULL 
410.0000    2    2.000   1.0000        square
412.0000    0    2.000   1.0000          NULL 
414.0000    3    2.000   1.0000      triangle
416.0000    0    1.000   1.0000          NULL 
417.0000    3    2.000   1.0000      triangle
419.0000    0    1.000   1.0000          NULL 
