  0.0000    3    2.000   1.0000        circle
  2.0000    0    1.000   1.0000          NULL 
  3.0000    4    2.000   1.0000      triangle
  5.0000    0    1.500   1.0000          NULL 
  6.5000    2    2.000   1.0000        square
  8.5000    0    1.100   1.0000          NULL 
  9.6000    4    2.000   1.0000      triangle
 11.6000    0    1.400   1.0000          NULL 
 13.0000    1    2.000   1.0000          line
 15.0000    0    1.200   1.0000          NULL 
 16.2000    1    2.000   1.0000          line
 18.2000    0    1.100   1.0000          NULL 
 19.3000    3    2.000   1.0000        circle
 21.3000    0    1.000   1.0000          NULL 
 22.3000    1    2.000   1.0000          line
 24.3000    0    1.700   1.0000          NULL 
 26.0000    1    2.000   1.0000          line
 28.0000    0    1.100   1.0000          NULL 
 29.1000    4    2.000   1.0000      triangle
 31.1000    0    1.300   1.0000          NULL 
 32.4000    4    2.000   1.0000      triangle
 34.4000    0    1.300   1.0000          NULL 
 35.7000    3    2.000   1.0000        circle
 37.7000    0    1.100   1.0000          NULL 
 38.8000    2    2.000   1.0000        square
 40.8000    0    1.900   1.0000          NULL 
 42.7000    3    2.000   1.0000        circle
 44.7000    0    1.000   1.0000          NULL 
 45.7000    2    2.000   1.0000        square
 47.7000    0    1.100   1.0000          NULL 
 48.8000    3    2.000   1.0000        circle
 50.8000    0    1.600   1.0000          NULL 
 52.4000    4    2.000   1.0000      triangle
 54.4000    0    1.100   1.0000          NULL 
 55.5000    3    2.000   1.0000        circle
 57.5000    0    1.700   1.0000          NULL 
 59.2000    3    2.000   1.0000        circle
 61.2000    0    1.800   1.0000          NULL 
 62.9999    1    2.000   1.0000          line
 64.9999    0    1.000   1.0000          NULL 
 65.9999    4    2.000   1.0000      triangle
 67.9999    0    1.100   1.0000          NULL 
 69.0999    2    2.000   1.0000        square
 71.0999    0    1.200   1.0000          NULL 
 72.2999    1    2.000   1.0000          line
 74.2999    0    1.000   1.0000          NULL 
 75.2999    1    2.000   1.0000          line
 77.2999    0    1.100   1.0000          NULL 
 78.3999    2    2.000   1.0000        square
 80.3999    0    1.100   1.0000          NULL 
 81.4999    2    2.000   1.0000        square
 83.4999    0    1.000   1.0000          NULL 
 84.4999    2    2.000   1.0000        square
 86.4999    0    1.400   1.0000          NULL 
 87.8999    3    2.000   1.0000        circle
 89.8999    0    1.200   1.0000          NULL 
 91.0999    4    2.000   1.0000      triangle
 93.0999    0    1.000   1.0000          NULL 
 94.0999    2    2.000   1.0000        square
 96.0999    0    1.900   1.0000          NULL 
 97.9999    1    2.000   1.0000          line
 99.9999    0    1.800   1.0000          NULL 
101.7999    1    2.000   1.0000          line
103.7999    0    1.300   1.0000          NULL 
105.0999    3    2.000   1.0000        circle
107.0999    0    1.200   1.0000          NULL 
108.2999    2    2.000   1.0000        square
110.2999    0    1.100   1.0000          NULL 
111.3999    1    2.000   1.0000          line
113.3999    0    1.300   1.0000          NULL 
114.6999    4    2.000   1.0000      triangle
116.6999    0    1.000   1.0000          NULL 
117.6999    3    2.000   1.0000        circle
119.6999    0    1.100   1.0000          NULL 
120.7999    4    2.000   1.0000      triangle
122.7999    0    1.000   1.0000          NULL 
123.7999    2    2.000   1.0000        square
125.7999    0    1.000   1.0000          NULL 
126.7999    4    2.000   1.0000      triangle
128.7999    0    1.200   1.0000          NULL 
