  0.0000    2    2.000   1.0000        square
  2.0000    0    1.500   1.0000          NULL 
  3.5000    2    2.000   1.0000        square
  5.5000    0    1.100   1.0000          NULL 
  6.6000    1    2.000   1.0000          line
  8.6000    0    1.200   1.0000          NULL 
  9.8000    1    2.000   1.0000          line
 11.8000    0    1.200   1.0000          NULL 
 13.0000    4    2.000   1.0000      triangle
 15.0000    0    1.900   1.0000          NULL 
 16.9000    1    2.000   1.0000          line
 18.9000    0    1.300   1.0000          NULL 
 20.2000    1    2.000   1.0000          line
 22.2000    0    1.000   1.0000          NULL 
 23.2000    2    2.000   1.0000        square
 25.2000    0    2.000   1.0000          NULL 
 27.2000    2    2.000   1.0000        square
 29.2000    0    1.200   1.0000          NULL 
 30.4000    1    2.000   1.0000          line
 32.4000    0    1.400   1.0000          NULL 
 33.8000    4    2.000   1.0000      triangle
 35.8000    0    1.200   1.0000          NULL 
 37.0000    3    2.000   1.0000        circle
 39.0000    0    1.500   1.0000          NULL 
 40.5000    3    2.000   1.0000        circle
 42.5000    0    1.800   1.0000          NULL 
 44.3000    4    2.000   1.0000      triangle
 46.3000    0    1.000   1.0000          NULL 
 47.3000    2    2.000   1.0000        square
 49.3000    0    1.400   1.0000          NULL 
 50.7000    1    2.000   1.0000          line
 52.7000    0    1.300   1.0000          NULL 
 54.0000    4    2.000   1.0000      triangle
 56.0000    0    1.100   1.0000          NULL 
 57.1000    1    2.000   1.0000          line
 59.1000    0    1.100   1.0000          NULL 
 60.2000    2    2.000   1.0000        square
 62.2000    0    1.100   1.0000          NULL 
 63.3000    3    2.000   1.0000        circle
 65.3000    0    1.000   1.0000          NULL 
 66.3000    3    2.000   1.0000        circle
 68.3000    0    1.200   1.0000          NULL 
 69.5000    2    2.000   1.0000        square
 71.5000    0    1.000   1.0000          NULL 
 72.5000    2    2.000   1.0000        square
 74.5000    0    1.000   1.0000          NULL 
 75.5000    1    2.000   1.0000          line
 77.5000    0    1.000   1.0000          NULL 
 78.5000    3    2.000   1.0000        circle
 80.5000    0    1.000   1.0000          NULL 
 81.5000    1    2.000   1.0000          line
 83.5000    0    1.400   1.0000          NULL 
 84.9000    4    2.000   1.0000      triangle
 86.9000    0    1.000   1.0000          NULL 
 87.9000    3    2.000   1.0000        circle
 89.9000    0    1.600   1.0000          NULL 
 91.4999    3    2.000   1.0000        circle
 93.4999    0    1.200   1.0000          NULL 
 94.6999    4    2.000   1.0000      triangle
 96.6999    0    1.400   1.0000          NULL 
 98.0999    4    2.000   1.0000      triangle
100.0999    0    1.000   1.0000          NULL 
101.0999    4    2.000   1.0000      triangle
103.0999    0    1.000   1.0000          NULL 
104.0999    4    2.000   1.0000      triangle
106.0999    0    1.400   1.0000          NULL 
107.4999    3    2.000   1.0000        circle
109.4999    0    1.400   1.0000          NULL 
110.8999    2    2.000   1.0000        square
112.8999    0    1.000   1.0000          NULL 
113.8999    3    2.000   1.0000        circle
115.8999    0    1.500   1.0000          NULL 
117.3999    4    2.000   1.0000      triangle
119.3999    0    1.100   1.0000          NULL 
120.4999    3    2.000   1.0000        circle
122.4999    0    1.100   1.0000          NULL 
123.5999    1    2.000   1.0000          line
125.5999    0    1.000   1.0000          NULL 
126.5999    2    2.000   1.0000        square
128.5999    0    1.400   1.0000          NULL 
