  0.0000    1    2.000   1.0000          line
  2.0000    0    2.000   1.0000          NULL 
  4.0000    4    2.000   1.0000        circle
  6.0000    0    1.000   1.0000          NULL 
  7.0000    4    2.000   1.0000        circle
  9.0000    0    2.000   1.0000          NULL 
 11.0000    3    2.000   1.0000      triangle
 13.0000    0    1.000   1.0000          NULL 
 14.0000    3    2.000   1.0000      triangle
 16.0000    0    2.000   1.0000          NULL 
 18.0000    3    2.000   1.0000      triangle
 20.0000    0    1.500   1.0000          NULL 
 21.5000    1    2.000   1.0000          line
 23.5000    0    2.500   1.0000          NULL 
 26.0000    1    2.000   1.0000          line
 28.0000    0    0.500   1.0000          NULL 
 28.5000    1    2.000   1.0000          line
 30.5000    0    0.500   1.0000          NULL 
 31.0000    1    2.000   1.0000          line
 33.0000    0    1.000   1.0000          NULL 
 34.0000    2    2.000   1.0000        square
 36.0000    0    2.500   1.0000          NULL 
 38.5000    4    2.000   1.0000        circle
 40.5000    0    0.500   1.0000          NULL 
 41.0000    4    2.000   1.0000        circle
 43.0000    0    0.500   1.0000          NULL 
 43.5000    1    2.000   1.0000          line
 45.5000    0    3.500   1.0000          NULL 
 49.0000    3    2.000   1.0000      triangle
 51.0000    0    1.000   1.0000          NULL 
 52.0000    2    2.000   1.0000        square
 54.0000    0    1.000   1.0000          NULL 
 55.0000    2    2.000   1.0000        square
 57.0000    0    2.500   1.0000          NULL 
 59.5000    2    2.000   1.0000        square
 61.5000    0    1.500   1.0000          NULL 
 63.0000    1    2.000   1.0000          line
 65.0000    0    0.500   1.0000          NULL 
 65.5000    2    2.000   1.0000        square
 67.5000    0    2.000   1.0000          NULL 
 69.5000    1    2.000   1.0000          line
 71.5000    0    2.500   1.0000          NULL 
 74.0000    4    2.000   1.0000        circle
 76.0000    0    2.500   1.0000          NULL 
 78.5000    1    2.000   1.0000          line
 80.5000    0    1.000   1.0000          NULL 
 81.5000    1    2.000   1.0000          line
 83.5000    0    1.500   1.0000          NULL 
 85.0000    4    2.000   1.0000        circle
 87.0000    0    3.000   1.0000          NULL 
 90.0000    2    2.000   1.0000        square
 92.0000    0    1.500   1.0000          NULL 
 93.5000    3    2.000   1.0000      triangle
 95.5000    0    2.000   1.0000          NULL 
 97.5000    4    2.000   1.0000        circle
 99.5000    0    0.500   1.0000          NULL 
100.0000    3    2.000   1.0000      triangle
102.0000    0    0.500   1.0000          NULL 
102.5000    1    2.000   1.0000          line
104.5000    0    3.000   1.0000          NULL 
107.5000    4    2.000   1.0000        circle
109.5000    0    1.000   1.0000          NULL 
110.5000    2    2.000   1.0000        square
112.5000    0    2.500   1.0000          NULL 
115.0000    4    2.000   1.0000        circle
117.0000    0    1.000   1.0000          NULL 
118.0000    1    2.000   1.0000          line
120.0000    0    1.500   1.0000          NULL 
121.5000    1    2.000   1.0000          line
123.5000    0    0.500   1.0000          NULL 
124.0000    1    2.000   1.0000          line
126.0000    0    1.000   1.0000          NULL 
127.0000    4    2.000   1.0000        circle
129.0000    0    1.500   1.0000          NULL 
130.5000    2    2.000   1.0000        square
132.5000    0    2.500   1.0000          NULL 
135.0000    3    2.000   1.0000      triangle
137.0000    0    1.000   1.0000          NULL 
138.0000    4    2.000   1.0000        circle
140.0000    0    1.000   1.0000          NULL 
141.0000    1    2.000   1.0000          line
143.0000    0    1.000   1.0000          NULL 
144.0000    4    2.000   1.0000        circle
146.0000    0    0.500   1.0000          NULL 
146.5000    2    2.000   1.0000        square
148.5000    0    1.500   1.0000          NULL 
150.0000    4    2.000   1.0000        circle
152.0000    0    2.500   1.0000          NULL 
154.5000    4    2.000   1.0000        circle
156.5000    0    1.000   1.0000          NULL 
157.5000    1    2.000   1.0000          line
159.5000    0    1.000   1.0000          NULL 
160.5000    3    2.000   1.0000      triangle
162.5000    0    0.500   1.0000          NULL 
163.0000    1    2.000   1.0000          line
165.0000    0    0.500   1.0000          NULL 
165.5000    3    2.000   1.0000      triangle
167.5000    0    4.000   1.0000          NULL 
171.5000    3    2.000   1.0000      triangle
173.5000    0    3.000   1.0000          NULL 
176.5000    4    2.000   1.0000        circle
178.5000    0    1.000   1.0000          NULL 
179.5000    3    2.000   1.0000      triangle
181.5000    0    3.000   1.0000          NULL 
184.5000    4    2.000   1.0000        circle
186.5000    0    0.500   1.0000          NULL 
187.0000    1    2.000   1.0000          line
189.0000    0    1.500   1.0000          NULL 
190.5000    3    2.000   1.0000      triangle
192.5000    0    1.000   1.0000          NULL 
193.5000    2    2.000   1.0000        square
195.5000    0    2.000   1.0000          NULL 
197.5000    4    2.000   1.0000        circle
199.5000    0    1.500   1.0000          NULL 
201.0000    1    2.000   1.0000          line
203.0000    0    1.500   1.0000          NULL 
204.5000    2    2.000   1.0000        square
206.5000    0    2.500   1.0000          NULL 
209.0000    3    2.000   1.0000      triangle
211.0000    0    0.500   1.0000          NULL 
211.5000    1    2.000   1.0000          line
213.5000    0    1.000   1.0000          NULL 
214.5000    2    2.000   1.0000        square
216.5000    0    2.000   1.0000          NULL 
218.5000    4    2.000   1.0000        circle
220.5000    0    0.500   1.0000          NULL 
221.0000    2    2.000   1.0000        square
223.0000    0    4.000   1.0000          NULL 
227.0000    2    2.000   1.0000        square
229.0000    0    2.500   1.0000          NULL 
231.5000    2    2.000   1.0000        square
233.5000    0    1.000   1.0000          NULL 
234.5000    3    2.000   1.0000      triangle
236.5000    0    2.500   1.0000          NULL 
239.0000    3    2.000   1.0000      triangle
241.0000    0    2.500   1.0000          NULL 
243.5000    2    2.000   1.0000        square
245.5000    0    2.000   1.0000          NULL 
247.5000    3    2.000   1.0000      triangle
249.5000    0    2.500   1.0000          NULL 
252.0000    3    2.000   1.0000      triangle
254.0000    0    1.500   1.0000          NULL 
255.5000    2    2.000   1.0000        square
257.5000    0    1.000   1.0000          NULL 
258.5000    2    2.000   1.0000        square
260.5000    0    2.000   1.0000          NULL 
262.5000    2    2.000   1.0000        square
264.5000    0    1.000   1.0000          NULL 
265.5000    3    2.000   1.0000      triangle
267.5000    0    2.500   1.0000          NULL 
270.0000    1    2.000   1.0000          line
272.0000    0    1.000   1.0000          NULL 
273.0000    2    2.000   1.0000        square
275.0000    0    1.000   1.0000          NULL 
276.0000    4    2.000   1.0000        circle
278.0000    0    3.000   1.0000          NULL 
281.0000    1    2.000   1.0000          line
283.0000    0    2.500   1.0000          NULL 
285.5000    3    2.000   1.0000      triangle
287.5000    0    1.000   1.0000          NULL 
288.5000    4    2.000   1.0000        circle
290.5000    0    0.500   1.0000          NULL 
291.0000    1    2.000   1.0000          line
293.0000    0    1.500   1.0000          NULL 
294.5000    1    2.000   1.0000          line
296.5000    0    1.500   1.0000          NULL 
298.0000    3    2.000   1.0000      triangle
300.0000    0    2.500   1.0000          NULL 
302.5000    2    2.000   1.0000        square
304.5000    0    1.000   1.0000          NULL 
305.5000    3    2.000   1.0000      triangle
307.5000    0    0.500   1.0000          NULL 
308.0000    2    2.000   1.0000        square
310.0000    0    0.500   1.0000          NULL 
310.5000    1    2.000   1.0000          line
312.5000    0    1.000   1.0000          NULL 
313.5000    3    2.000   1.0000      triangle
315.5000    0    2.500   1.0000          NULL 
318.0000    2    2.000   1.0000        square
320.0000    0    1.500   1.0000          NULL 
321.5000    1    2.000   1.0000          line
323.5000    0    0.500   1.0000          NULL 
324.0000    2    2.000   1.0000        square
326.0000    0    0.500   1.0000          NULL 
326.5000    4    2.000   1.0000        circle
328.5000    0    0.500   1.0000          NULL 
329.0000    4    2.000   1.0000        circle
331.0000    0    1.000   1.0000          NULL 
332.0000    4    2.000   1.0000        circle
334.0000    0    1.000   1.0000          NULL 
335.0000    3    2.000   1.0000      triangle
337.0000    0    2.000   1.0000          NULL 
339.0000    2    2.000   1.0000        square
341.0000    0    2.500   1.0000          NULL 
343.5000    1    2.000   1.0000          line
345.5000    0    3.000   1.0000          NULL 
348.5000    2    2.000   1.0000        square
350.5000    0    1.500   1.0000          NULL 
352.0000    1    2.000   1.0000          line
354.0000    0    0.500   1.0000          NULL 
354.5000    3    2.000   1.0000      triangle
356.5000    0    0.500   1.0000          NULL 
357.0000    2    2.000   1.0000        square
359.0000    0    0.500   1.0000          NULL 
359.5000    2    2.000   1.0000        square
361.5000    0    0.500   1.0000          NULL 
362.0000    1    2.000   1.0000          line
364.0000    0    0.500   1.0000          NULL 
364.5000    4    2.000   1.0000        circle
366.5000    0    1.000   1.0000          NULL 
367.5000    4    2.000   1.0000        circle
369.5000    0    0.500   1.0000          NULL 
370.0000    2    2.000   1.0000        square
372.0000    0    1.500   1.0000          NULL 
373.5000    2    2.000   1.0000        square
375.5000    0    1.000   1.0000          NULL 
376.5000    3    2.000   1.0000      triangle
378.5000    0    1.000   1.0000          NULL 
379.5000    4    2.000   1.0000        circle
381.5000    0    1.000   1.0000          NULL 
382.5000    3    2.000   1.0000      triangle
384.5000    0    0.500   1.0000          NULL 
385.0000    3    2.000   1.0000      triangle
387.0000    0    1.500   1.0000          NULL 
388.5000    3    2.000   1.0000      triangle
390.5000    0    0.500   1.0000          NULL 
391.0000    4    2.000   1.0000        circle
393.0000    0    4.000   1.0000          NULL 
397.0000    4    2.000   1.0000        circle
399.0000    0    1.500   1.0000          NULL 
400.5000    3    2.000   1.0000      triangle
402.5000    0    2.500   1.0000          NULL 
405.0000    4    2.000   1.0000        circle
407.0000    0    2.500   1.0000          NULL 
409.5000    4    2.000   1.0000        circle
411.5000    0    1.000   1.0000          NULL 
412.5000    1    2.000   1.0000          line
414.5000    0    0.500   1.0000          NULL 
415.0000    3    2.000   1.0000      triangle
417.0000    0    3.000   1.0000          NULL 
