  0.0000    2    2.000   1.0000        square
  2.0000    0    0.500   1.0000          NULL 
  2.5000    1    2.000   1.0000          line
  4.5000    0    1.500   1.0000          NULL 
  6.0000    1    2.000   1.0000          line
  8.0000    0    1.000   1.0000          NULL 
  9.0000    1    2.000   1.0000          line
 11.0000    0    3.500   1.0000          NULL 
 14.5000    1    2.000   1.0000          line
 16.5000    0    1.000   1.0000          NULL 
 17.5000    4    2.000   1.0000        circle
 19.5000    0    2.000   1.0000          NULL 
 21.5000    2    2.000   1.0000        square
 23.5000    0    0.500   1.0000          NULL 
 24.0000    3    2.000   1.0000      triangle
 26.0000    0    1.500   1.0000          NULL 
 27.5000    1    2.000   1.0000          line
 29.5000    0    0.500   1.0000          NULL 
 30.0000    1    2.000   1.0000          line
 32.0000    0    4.000   1.0000          NULL 
 36.0000    1    2.000   1.0000          line
 38.0000    0    1.500   1.0000          NULL 
 39.5000    3    2.000   1.0000      triangle
 41.5000    0    0.500   1.0000          NULL 
 42.0000    4    2.000   1.0000        circle
 44.0000    0    0.500   1.0000          NULL 
 44.5000    3    2.000   1.0000      triangle
 46.5000    0    2.000   1.0000          NULL 
 48.5000    2    2.000   1.0000        square
 50.5000    0    0.500   1.0000          NULL 
 51.0000    2    2.000   1.0000        square
 53.0000    0    3.500   1.0000          NULL 
 56.5000    1    2.000   1.0000          line
 58.5000    0    0.500   1.0000          NULL 
 59.0000    4    2.000   1.0000        circle
 61.0000    0    0.500   1.0000          NULL 
 61.5000    3    2.000   1.0000      triangle
 63.5000    0    2.500   1.0000          NULL 
 66.0000    4    2.000   1.0000        circle
 68.0000    0    4.000   1.0000          NULL 
 72.0000    4    2.000   1.0000        circle
 74.0000    0    1.500   1.0000          NULL 
 75.5000    2    2.000   1.0000        square
 77.5000    0    0.500   1.0000          NULL 
 78.0000    1    2.000   1.0000          line
 80.0000    0    1.500   1.0000          NULL 
 81.5000    2    2.000   1.0000        square
 83.5000    0    2.500   1.0000          NULL 
 86.0000    3    2.000   1.0000      triangle
 88.0000    0    1.500   1.0000          NULL 
 89.5000    1    2.000   1.0000          line
 91.5000    0    1.500   1.0000          NULL 
 93.0000    4    2.000   1.0000        circle
 95.0000    0    1.000   1.0000          NULL 
 96.0000    3    2.000   1.0000      triangle
 98.0000    0    2.500   1.0000          NULL 
100.5000    2    2.000   1.0000        square
102.5000    0    3.500   1.0000          NULL 
106.0000    4    2.000   1.0000        circle
108.0000    0    3.000   1.0000          NULL 
111.0000    4    2.000   1.0000        circle
113.0000    0    1.000   1.0000          NULL 
114.0000    3    2.000   1.0000      triangle
116.0000    0    0.500   1.0000          NULL 
116.5000    4    2.000   1.0000        circle
118.5000    0    1.500   1.0000          NULL 
120.0000    2    2.000   1.0000        square
122.0000    0    0.500   1.0000          NULL 
122.5000    2    2.000   1.0000        square
124.5000    0    1.500   1.0000          NULL 
126.0000    3    2.000   1.0000      triangle
128.0000    0    1.000   1.0000          NULL 
129.0000    4    2.000   1.0000        circle
131.0000    0    1.000   1.0000          NULL 
132.0000    2    2.000   1.0000        square
134.0000    0    1.500   1.0000          NULL 
135.5000    2    2.000   1.0000        square
137.5000    0    3.000   1.0000          NULL 
140.5000    3    2.000   1.0000      triangle
142.5000    0    1.000   1.0000          NULL 
143.5000    3    2.000   1.0000      triangle
145.5000    0    2.500   1.0000          NULL 
148.0000    2    2.000   1.0000        square
150.0000    0    2.000   1.0000          NULL 
152.0000    4    2.000   1.0000        circle
154.0000    0    1.000   1.0000          NULL 
155.0000    2    2.000   1.0000        square
157.0000    0    2.000   1.0000          NULL 
159.0000    2    2.000   1.0000        square
161.0000    0    2.500   1.0000          NULL 
163.5000    4    2.000   1.0000        circle
165.5000    0    1.500   1.0000          NULL 
167.0000    2    2.000   1.0000        square
169.0000    0    2.000   1.0000          NULL 
171.0000    3    2.000   1.0000      triangle
173.0000    0    1.000   1.0000          NULL 
174.0000    1    2.000   1.0000          line
176.0000    0    0.500   1.0000          NULL 
176.5000    3    2.000   1.0000      triangle
178.5000    0    1.000   1.0000          NULL 
179.5000    1    2.000   1.0000          line
181.5000    0    1.500   1.0000          NULL 
183.0000    1    2.000   1.0000          line
185.0000    0    0.500   1.0000          NULL 
185.5000    3    2.000   1.0000      triangle
187.5000    0    1.500   1.0000          NULL 
189.0000    3    2.000   1.0000      triangle
191.0000    0    1.500   1.0000          NULL 
192.5000    2    2.000   1.0000        square
194.5000    0    0.500   1.0000          NULL 
195.0000    1    2.000   1.0000          line
197.0000    0    3.000   1.0000          NULL 
200.0000    3    2.000   1.0000      triangle
202.0000    0    0.500   1.0000          NULL 
202.5000    3    2.000   1.0000      triangle
204.5000    0    2.500   1.0000          NULL 
207.0000    4    2.000   1.0000        circle
209.0000    0    0.500   1.0000          NULL 
209.5000    1    2.000   1.0000          line
211.5000    0    0.500   1.0000          NULL 
212.0000    2    2.000   1.0000        square
214.0000    0    2.500   1.0000          NULL 
216.5000    2    2.000   1.0000        square
218.5000    0    3.000   1.0000          NULL 
221.5000    4    2.000   1.0000        circle
223.5000    0    0.500   1.0000          NULL 
224.0000    3    2.000   1.0000      triangle
226.0000    0    2.500   1.0000          NULL 
228.5000    3    2.000   1.0000      triangle
230.5000    0    1.500   1.0000          NULL 
232.0000    2    2.000   1.0000        square
234.0000    0    3.500   1.0000          NULL 
237.5000    4    2.000   1.0000        circle
239.5000    0    1.000   1.0000          NULL 
240.5000    4    2.000   1.0000        circle
242.5000    0    1.500   1.0000          NULL 
244.0000    2    2.000   1.0000        square
246.0000    0    1.000   1.0000          NULL 
247.0000    1    2.000   1.0000          line
249.0000    0    1.500   1.0000          NULL 
250.5000    1    2.000   1.0000          line
252.5000    0    4.000   1.0000          NULL 
256.5000    3    2.000   1.0000      triangle
258.5000    0    2.000   1.0000          NULL 
260.5000    2    2.000   1.0000        square
262.5000    0    0.500   1.0000          NULL 
263.0000    1    2.000   1.0000          line
265.0000    0    0.500   1.0000          NULL 
265.5000    1    2.000   1.0000          line
267.5000    0    1.500   1.0000          NULL 
269.0000    2    2.000   1.0000        square
271.0000    0    1.500   1.0000          NULL 
272.5000    1    2.000   1.0000          line
274.5000    0    0.500   1.0000          NULL 
275.0000    2    2.000   1.0000        square
277.0000    0    0.500   1.0000          NULL 
277.5000    4    2.000   1.0000        circle
279.5000    0    1.500   1.0000          NULL 
281.0000    3    2.000   1.0000      triangle
283.0000    0    4.000   1.0000          NULL 
287.0000    1    2.000   1.0000          line
289.0000    0    0.500   1.0000          NULL 
289.5000    3    2.000   1.0000      triangle
291.5000    0    1.500   1.0000          NULL 
293.0000    2    2.000   1.0000        square
295.0000    0    1.000   1.0000          NULL 
296.0000    2    2.000   1.0000        square
298.0000    0    2.000   1.0000          NULL 
300.0000    3    2.000   1.0000      triangle
302.0000    0    1.000   1.0000          NULL 
303.0000    1    2.000   1.0000          line
305.0000    0    1.000   1.0000          NULL 
306.0000    1    2.000   1.0000          line
308.0000    0    2.000   1.0000          NULL 
310.0000    4    2.000   1.0000        circle
312.0000    0    0.500   1.0000          NULL 
312.5000    4    2.000   1.0000        circle
314.5000    0    2.000   1.0000          NULL 
316.5000    2    2.000   1.0000        square
318.5000    0    2.000   1.0000          NULL 
320.5000    4    2.000   1.0000        circle
322.5000    0    0.500   1.0000          NULL 
323.0000    4    2.000   1.0000        circle
325.0000    0    1.500   1.0000          NULL 
326.5000    3    2.000   1.0000      triangle
328.5000    0    0.500   1.0000          NULL 
329.0000    4    2.000   1.0000        circle
331.0000    0    1.000   1.0000          NULL 
332.0000    4    2.000   1.0000        circle
334.0000    0    1.500   1.0000          NULL 
335.5000    1    2.000   1.0000          line
337.5000    0    0.500   1.0000          NULL 
338.0000    3    2.000   1.0000      triangle
340.0000    0    3.000   1.0000          NULL 
343.0000    1    2.000   1.0000          line
345.0000    0    1.000   1.0000          NULL 
346.0000    1    2.000   1.0000          line
348.0000    0    3.000   1.0000          NULL 
351.0000    3    2.000   1.0000      triangle
353.0000    0    2.000   1.0000          NULL 
355.0000    3    2.000   1.0000      triangle
357.0000    0    1.500   1.0000          NULL 
358.5000    1    2.000   1.0000          line
360.5000    0    1.500   1.0000          NULL 
362.0000    4    2.000   1.0000        circle
364.0000    0    0.500   1.0000          NULL 
364.5000    1    2.000   1.0000          line
366.5000    0    1.000   1.0000          NULL 
367.5000    4    2.000   1.0000        circle
369.5000    0    1.500   1.0000          NULL 
371.0000    4    2.000   1.0000        circle
373.0000    0    0.500   1.0000          NULL 
373.5000    4    2.000   1.0000        circle
375.5000    0    2.500   1.0000          NULL 
378.0000    3    2.000   1.0000      triangle
380.0000    0    0.500   1.0000          NULL 
380.5000    2    2.000   1.0000        square
382.5000    0    1.000   1.0000          NULL 
383.5000    1    2.000   1.0000          line
385.5000    0    4.000   1.0000          NULL 
389.5000    3    2.000   1.0000      triangle
391.5000    0    0.500   1.0000          NULL 
392.0000    2    2.000   1.0000        square
394.0000    0    2.000   1.0000          NULL 
396.0000    3    2.000   1.0000      triangle
398.0000    0    0.500   1.0000          NULL 
398.5000    2    2.000   1.0000        square
400.5000    0    1.000   1.0000          NULL 
401.5000    3    2.000   1.0000      triangle
403.5000    0    0.500   1.0000          NULL 
404.0000    1    2.000   1.0000          line
406.0000    0    1.500   1.0000          NULL 
407.5000    4    2.000   1.0000        circle
409.5000    0    0.500   1.0000          NULL 
410.0000    2    2.000   1.0000        square
412.0000    0    1.500   1.0000          NULL 
413.5000    4    2.000   1.0000        circle
415.5000    0    1.000   1.0000          NULL 
416.5000    4    2.000   1.0000        circle
418.5000    0    1.500   1.0000          NULL 
