  0.0000    2    2.000   1.0000        square
  2.0000    0    1.000   1.0000          NULL 
  3.0000    4    2.000   1.0000      triangle
  5.0000    0    1.300   1.0000          NULL 
  6.3000    2    2.000   1.0000        square
  8.3000    0    1.000   1.0000          NULL 
  9.3000    1    2.000   1.0000          line
 11.3000    0    2.000   1.0000          NULL 
 13.3000    1    2.000   1.0000          line
 15.3000    0    1.300   1.0000          NULL 
 16.6000    1    2.000   1.0000          line
 18.6000    0    1.200   1.0000          NULL 
 19.8000    3    2.000   1.0000        circle
 21.8000    0    1.800   1.0000          NULL 
 23.6000    3    2.000   1.0000        circle
 25.6000    0    1.000   1.0000          NULL 
 26.6000    2    2.000   1.0000        square
 28.6000    0    1.100   1.0000          NULL 
 29.7000    3    2.000   1.0000        circle
 31.7000    0    1.300   1.0000          NULL 
 33.0000    3    2.000   1.0000        circle
 35.0000    0    1.000   1.0000          NULL 
 36.0000    4    2.000   1.0000      triangle
 38.0000    0    1.300   1.0000          NULL 
 39.3000    1    2.000   1.0000          line
 41.3000    0    1.000   1.0000          NULL 
 42.3000    4    2.000   1.0000      triangle
 44.3000    0    2.000   1.0000          NULL 
 46.3000    2    2.000   1.0000        square
 48.3000    0    1.000   1.0000          NULL 
 49.3000    4    2.000   1.0000      triangle
 51.3000    0    1.000   1.0000          NULL 
 52.3000    2    2.000   1.0000        square
 54.3000    0    1.000   1.0000          NULL 
 55.3000    3    2.000   1.0000        circle
 57.3000    0    1.300   1.0000          NULL 
 58.6000    1    2.000   1.0000          line
 60.6000    0    1.700   1.0000          NULL 
 62.3000    3    2.000   1.0000        circle
 64.3000    0    1.800   1.0000          NULL 
 66.1000    4    2.000   1.0000      triangle
 68.1000    0    1.700   1.0000          NULL 
 69.7999    4    2.000   1.0000      triangle
 71.7999    0    1.200   1.0000          NULL 
 72.9999    1    2.000   1.0000          line
 74.9999    0    1.000   1.0000          NULL 
 75.9999    1    2.000   1.0000          line
 77.9999    0    1.600   1.0000          NULL 
 79.5999    4    2.000   1.0000      triangle
 81.5999    0    1.000   1.0000          NULL 
 82.5999    2    2.000   1.0000        square
 84.5999    0    1.000   1.0000          NULL 
 85.5999    4    2.000   1.0000      triangle
 87.5999    0    1.100   1.0000          NULL 
 88.6999    3    2.000   1.0000        circle
 90.6999    0    1.200   1.0000          NULL 
 91.8999    3    2.000   1.0000        circle
 93.8999    0    1.400   1.0000          NULL 
 95.2999    2    2.000   1.0000        square
 97.2999    0    1.100   1.0000          NULL 
 98.3999    3    2.000   1.0000        circle
100.3999    0    1.000   1.0000          NULL 
101.3999    1    2.000   1.0000          line
103.3999    0    1.400   1.0000          NULL 
104.7999    4    2.000   1.0000      triangle
106.7999    0    1.000   1.0000          NULL 
107.7999    2    2.000   1.0000        square
109.7999    0    1.000   1.0000          NULL 
110.7999    2    2.000   1.0000        square
112.7999    0    1.300   1.0000          NULL 
114.0999    2    2.000   1.0000        square
116.0999    0    1.100   1.0000          NULL 
117.1999    1    2.000   1.0000          line
119.1999    0    1.000   1.0000          NULL 
120.1999    3    2.000   1.0000        circle
122.1999    0    1.100   1.0000          NULL 
123.2999    4    2.000   1.0000      triangle
125.2999    0    1.300   1.0000          NULL 
126.5999    1    2.000   1.0000          line
128.5999    0    1.400   1.0000          NULL 
