  0.0000    2    2.000   1.0000        square
  2.0000    0    1.000   1.0000          NULL 
  3.0000    2    2.000   1.0000        square
  5.0000    0    1.500   1.0000          NULL 
  6.5000    2    2.000   1.0000        square
  8.5000    0    0.500   1.0000          NULL 
  9.0000    1    2.000   1.0000          line
 11.0000    0    1.000   1.0000          NULL 
 12.0000    2    2.000   1.0000        square
 14.0000    0    1.000   1.0000          NULL 
 15.0000    2    2.000   1.0000        square
 17.0000    0    0.500   1.0000          NULL 
 17.5000    4    2.000   1.0000        circle
 19.5000    0    3.000   1.0000          NULL 
 22.5000    1    2.000   1.0000          line
 24.5000    0    0.500   1.0000          NULL 
 25.0000    3    2.000   1.0000      triangle
 27.0000    0    0.500   1.0000          NULL 
 27.5000    1    2.000   1.0000          line
 29.5000    0    0.500   1.0000          NULL 
 30.0000    1    2.000   1.0000          line
 32.0000    0    1.000   1.0000          NULL 
 33.0000    2    2.000   1.0000        square
 35.0000    0    1.000   1.0000          NULL 
 36.0000    2    2.000   1.0000        square
 38.0000    0    2.000   1.0000          NULL 
 40.0000    4    2.000   1.0000        circle
 42.0000    0    0.500   1.0000          NULL 
 42.5000    1    2.000   1.0000          line
 44.5000    0    3.000   1.0000          NULL 
 47.5000    3    2.000   1.0000      triangle
 49.5000    0    1.000   1.0000          NULL 
 50.5000    4    2.000   1.0000        circle
 52.5000    0    0.500   1.0000          NULL 
 53.0000    1    2.000   1.0000          line
 55.0000    0    0.500   1.0000          NULL 
 55.5000    1    2.000   1.0000          line
 57.5000    0    2.000   1.0000          NULL 
 59.5000    4    2.000   1.0000        circle
 61.5000    0    1.000   1.0000          NULL 
 62.5000    3    2.000   1.0000      triangle
 64.5000    0    1.500   1.0000          NULL 
 66.0000    4    2.000   1.0000        circle
 68.0000    0    1.000   1.0000          NULL 
 69.0000    3    2.000   1.0000      triangle
 71.0000    0    1.000   1.0000          NULL 
 72.0000    3    2.000   1.0000      triangle
 74.0000    0    4.000   1.0000          NULL 
 78.0000    3    2.000   1.0000      triangle
 80.0000    0    1.500   1.0000          NULL 
 81.5000    4    2.000   1.0000        circle
 83.5000    0    0.500   1.0000          NULL 
 84.0000    2    2.000   1.0000        square
 86.0000    0    2.000   1.0000          NULL 
 88.0000    1    2.000   1.0000          line
 90.0000    0    0.500   1.0000          NULL 
 90.5000    4    2.000   1.0000        circle
 92.5000    0    2.000   1.0000          NULL 
 94.5000    1    2.000   1.0000          line
 96.5000    0    1.000   1.0000          NULL 
 97.5000    2    2.000   1.0000        square
 99.5000    0    3.000   1.0000          NULL 
102.5000    1    2.000   1.0000          line
104.5000    0    1.000   1.0000          NULL 
105.5000    3    2.000   1.0000      triangle
107.5000    0    2.000   1.0000          NULL 
109.5000    1    2.000   1.0000          line
111.5000    0    1.000   1.0000          NULL 
112.5000    4    2.000   1.0000        circle
114.5000    0    1.500   1.0000          NULL 
116.0000    3    2.000   1.0000      triangle
118.0000    0    0.500   1.0000          NULL 
118.5000    1    2.000   1.0000          line
120.5000    0    2.000   1.0000          NULL 
122.5000    2    2.000   1.0000        square
124.5000    0    2.000   1.0000          NULL 
126.5000    1    2.000   1.0000          line
128.5000    0    3.000   1.0000          NULL 
131.5000    3    2.000   1.0000      triangle
133.5000    0    2.000   1.0000          NULL 
135.5000    3    2.000   1.0000      triangle
137.5000    0    4.000   1.0000          NULL 
141.5000    3    2.000   1.0000      triangle
143.5000    0    2.500   1.0000          NULL 
146.0000    2    2.000   1.0000        square
148.0000    0    1.000   1.0000          NULL 
149.0000    3    2.000   1.0000      triangle
151.0000    0    1.000   1.0000          NULL 
152.0000    3    2.000   1.0000      triangle
154.0000    0    0.500   1.0000          NULL 
154.5000    1    2.000   1.0000          line
156.5000    0    1.500   1.0000          NULL 
158.0000    2    2.000   1.0000        square
160.0000    0    1.000   1.0000          NULL 
161.0000    2    2.000   1.0000        square
163.0000    0    0.500   1.0000          NULL 
163.5000    1    2.000   1.0000          line
165.5000    0    0.500   1.0000          NULL 
166.0000    3    2.000   1.0000      triangle
168.0000    0    1.500   1.0000          NULL 
169.5000    2    2.000   1.0000        square
171.5000    0    1.500   1.0000          NULL 
173.0000    1    2.000   1.0000          line
175.0000    0    3.500   1.0000          NULL 
178.5000    1    2.000   1.0000          line
180.5000    0    1.000   1.0000          NULL 
181.5000    3    2.000   1.0000      triangle
183.5000    0    0.500   1.0000          NULL 
184.0000    3    2.000   1.0000      triangle
186.0000    0    0.500   1.0000          NULL 
186.5000    3    2.000   1.0000      triangle
188.5000    0    3.000   1.0000          NULL 
191.5000    2    2.000   1.0000        square
193.5000    0    1.000   1.0000          NULL 
194.5000    2    2.000   1.0000        square
196.5000    0    3.500   1.0000          NULL 
200.0000    4    2.000   1.0000        circle
202.0000    0    0.500   1.0000          NULL 
202.5000    1    2.000   1.0000          line
204.5000    0    2.500   1.0000          NULL 
207.0000    1    2.000   1.0000          line
209.0000    0    0.500   1.0000          NULL 
209.5000    4    2.000   1.0000        circle
211.5000    0    2.500   1.0000          NULL 
214.0000    4    2.000   1.0000        circle
216.0000    0    3.500   1.0000          NULL 
219.5000    3    2.000   1.0000      triangle
221.5000    0    0.500   1.0000          NULL 
222.0000    4    2.000   1.0000        circle
224.0000    0    4.000   1.0000          NULL 
228.0000    4    2.000   1.0000        circle
230.0000    0    1.500   1.0000          NULL 
231.5000    3    2.000   1.0000      triangle
233.5000    0    1.500   1.0000          NULL 
235.0000    4    2.000   1.0000        circle
237.0000    0    3.000   1.0000          NULL 
240.0000    2    2.000   1.0000        square
242.0000    0    3.000   1.0000          NULL 
245.0000    4    2.000   1.0000        circle
247.0000    0    2.000   1.0000          NULL 
249.0000    1    2.000   1.0000          line
251.0000    0    0.500   1.0000          NULL 
251.5000    1    2.000   1.0000          line
253.5000    0    0.500   1.0000          NULL 
254.0000    2    2.000   1.0000        square
256.0000    0    0.500   1.0000          NULL 
256.5000    3    2.000   1.0000      triangle
258.5000    0    3.500   1.0000          NULL 
262.0000    1    2.000   1.0000          line
264.0000    0    1.000   1.0000          NULL 
265.0000    3    2.000   1.0000      triangle
267.0000    0    3.500   1.0000          NULL 
270.5000    2    2.000   1.0000        square
272.5000    0    1.000   1.0000          NULL 
273.5000    2    2.000   1.0000        square
275.5000    0    1.000   1.0000          NULL 
276.5000    4    2.000   1.0000        circle
278.5000    0    1.000   1.0000          NULL 
279.5000    2    2.000   1.0000        square
281.5000    0    3.500   1.0000          NULL 
285.0000    1    2.000   1.0000          line
287.0000    0    1.000   1.0000          NULL 
288.0000    3    2.000   1.0000      triangle
290.0000    0    0.500   1.0000          NULL 
290.5000    3    2.000   1.0000      triangle
292.5000    0    1.000   1.0000          NULL 
293.5000    1    2.000   1.0000          line
295.5000    0    0.500   1.0000          NULL 
296.0000    2    2.000   1.0000        square
298.0000    0    0.500   1.0000          NULL 
298.5000    4    2.000   1.0000        circle
300.5000    0    1.000   1.0000          NULL 
301.5000    3    2.000   1.0000      triangle
303.5000    0    2.500   1.0000          NULL 
306.0000    1    2.000   1.0000          line
308.0000    0    1.500   1.0000          NULL 
309.5000    2    2.000   1.0000        square
311.5000    0    3.000   1.0000          NULL 
314.5000    1    2.000   1.0000          line
316.5000    0    1.000   1.0000          NULL 
317.5000    4    2.000   1.0000        circle
319.5000    0    3.000   1.0000          NULL 
322.5000    2    2.000   1.0000        square
324.5000    0    0.500   1.0000          NULL 
325.0000    4    2.000   1.0000        circle
327.0000    0    0.500   1.0000          NULL 
327.5000    1    2.000   1.0000          line
329.5000    0    3.500   1.0000          NULL 
333.0000    2    2.000   1.0000        square
335.0000    0    4.000   1.0000          NULL 
339.0000    4    2.000   1.0000        circle
341.0000    0    2.500   1.0000          NULL 
343.5000    2    2.000   1.0000        square
345.5000    0    0.500   1.0000          NULL 
346.0000    2    2.000   1.0000        square
348.0000    0    0.500   1.0000          NULL 
348.5000    4    2.000   1.0000        circle
350.5000    0    0.500   1.0000          NULL 
351.0000    4    2.000   1.0000        circle
353.0000    0    1.000   1.0000          NULL 
354.0000    4    2.000   1.0000        circle
356.0000    0    2.500   1.0000          NULL 
358.5000    4    2.000   1.0000        circle
360.5000    0    1.000   1.0000          NULL 
361.5000    4    2.000   1.0000        circle
363.5000    0    1.000   1.0000          NULL 
364.5000    4    2.000   1.0000        circle
366.5000    0    0.500   1.0000          NULL 
367.0000    1    2.000   1.0000          line
369.0000    0    0.500   1.0000          NULL 
369.5000    1    2.000   1.0000          line
371.5000    0    0.500   1.0000          NULL 
372.0000    3    2.000   1.0000      triangle
374.0000    0    2.000   1.0000          NULL 
376.0000    2    2.000   1.0000        square
378.0000    0    1.500   1.0000          NULL 
379.5000    4    2.000   1.0000        circle
381.5000    0    1.500   1.0000          NULL 
383.0000    4    2.000   1.0000        circle
385.0000    0    2.000   1.0000          NULL 
387.0000    2    2.000   1.0000        square
389.0000    0    1.500   1.0000          NULL 
390.5000    3    2.000   1.0000      triangle
392.5000    0    1.000   1.0000          NULL 
393.5000    2    2.000   1.0000        square
395.5000    0    1.000   1.0000          NULL 
396.5000    4    2.000   1.0000        circle
398.5000    0    2.500   1.0000          NULL 
401.0000    3    2.000   1.0000      triangle
403.0000    0    0.500   1.0000          NULL 
403.5000    3    2.000   1.0000      triangle
405.5000    0    1.500   1.0000          NULL 
407.0000    3    2.000   1.0000      triangle
409.0000    0    1.500   1.0000          NULL 
410.5000    3    2.000   1.0000      triangle
412.5000    0    0.500   1.0000          NULL 
413.0000    1    2.000   1.0000          line
415.0000    0    2.000   1.0000          NULL 
417.0000    4    2.000   1.0000        circle
419.0000    0    1.000   1.0000          NULL 
