  0.0000    2    2.000   1.0000        square
  2.0000    0    1.000   1.0000          NULL 
  3.0000    2    2.000   1.0000        square
  5.0000    0    0.500   1.0000          NULL 
  5.5000    1    2.000   1.0000          line
  7.5000    0    1.000   1.0000          NULL 
  8.5000    1    2.000   1.0000          line
 10.5000    0    0.500   1.0000          NULL 
 11.0000    4    2.000   1.0000        circle
 13.0000    0    0.500   1.0000          NULL 
 13.5000    4    2.000   1.0000        circle
 15.5000    0    3.500   1.0000          NULL 
 19.0000    4    2.000   1.0000        circle
 21.0000    0    1.000   1.0000          NULL 
 22.0000    1    2.000   1.0000          line
 24.0000    0    4.000   1.0000          NULL 
 28.0000    4    2.000   1.0000        circle
 30.0000    0    1.000   1.0000          NULL 
 31.0000    2    2.000   1.0000        square
 33.0000    0    1.000   1.0000          NULL 
 34.0000    1    2.000   1.0000          line
 36.0000    0    0.500   1.0000          NULL 
 36.5000    2    2.000   1.0000        square
 38.5000    0    0.500   1.0000          NULL 
 39.0000    3    2.000   1.0000      triangle
 41.0000    0    2.000   1.0000          NULL 
 43.0000    4    2.000   1.0000        circle
 45.0000    0    4.000   1.0000          NULL 
 49.0000    1    2.000   1.0000          line
 51.0000    0    0.500   1.0000          NULL 
 51.5000    1    2.000   1.0000          line
 53.5000    0    3.000   1.0000          NULL 
 56.5000    1    2.000   1.0000          line
 58.5000    0    2.000   1.0000          NULL 
 60.5000    4    2.000   1.0000        circle
 62.5000    0    3.000   1.0000          NULL 
 65.5000    3    2.000   1.0000      triangle
 67.5000    0    1.500   1.0000          NULL 
 69.0000    1    2.000   1.0000          line
 71.0000    0    2.000   1.0000          NULL 
 73.0000    3    2.000   1.0000      triangle
 75.0000    0    0.500   1.0000          NULL 
 75.5000    1    2.000   1.0000          line
 77.5000    0    1.000   1.0000          NULL 
 78.5000    1    2.000   1.0000          line
 80.5000    0    0.500   1.0000          NULL 
 81.0000    1    2.000   1.0000          line
 83.0000    0    1.500   1.0000          NULL 
 84.5000    3    2.000   1.0000      triangle
 86.5000    0    2.500   1.0000          NULL 
 89.0000    2    2.000   1.0000        square
 91.0000    0    1.000   1.0000          NULL 
 92.0000    4    2.000   1.0000        circle
 94.0000    0    1.500   1.0000          NULL 
 95.5000    4    2.000   1.0000        circle
 97.5000    0    3.500   1.0000          NULL 
101.0000    3    2.000   1.0000      triangle
103.0000    0    1.500   1.0000          NULL 
104.5000    1    2.000   1.0000          line
106.5000    0    2.000   1.0000          NULL 
108.5000    2    2.000   1.0000        square
110.5000    0    0.500   1.0000          NULL 
111.0000    2    2.000   1.0000        square
113.0000    0    0.500   1.0000          NULL 
113.5000    2    2.000   1.0000        square
115.5000    0    1.000   1.0000          NULL 
116.5000    3    2.000   1.0000      triangle
118.5000    0    1.000   1.0000          NULL 
119.5000    1    2.000   1.0000          line
121.5000    0    1.000   1.0000          NULL 
122.5000    2    2.000   1.0000        square
124.5000    0    3.500   1.0000          NULL 
128.0000    3    2.000   1.0000      triangle
130.0000    0    0.500   1.0000          NULL 
130.5000    3    2.000   1.0000      triangle
132.5000    0    2.000   1.0000          NULL 
134.5000    3    2.000   1.0000      triangle
136.5000    0    1.500   1.0000          NULL 
138.0000    4    2.000   1.0000        circle
140.0000    0    0.500   1.0000          NULL 
140.5000    1    2.000   1.0000          line
142.5000    0    2.500   1.0000          NULL 
145.0000    3    2.000   1.0000      triangle
147.0000    0    2.500   1.0000          NULL 
149.5000    2    2.000   1.0000        square
151.5000    0    0.500   1.0000          NULL 
152.0000    1    2.000   1.0000          line
154.0000    0    1.000   1.0000          NULL 
155.0000    4    2.000   1.0000        circle
157.0000    0    2.500   1.0000          NULL 
159.5000    2    2.000   1.0000        square
161.5000    0    0.500   1.0000          NULL 
162.0000    4    2.000   1.0000        circle
164.0000    0    2.000   1.0000          NULL 
166.0000    3    2.000   1.0000      triangle
168.0000    0    0.500   1.0000          NULL 
168.5000    2    2.000   1.0000        square
170.5000    0    2.000   1.0000          NULL 
172.5000    4    2.000   1.0000        circle
174.5000    0    1.000   1.0000          NULL 
175.5000    1    2.000   1.0000          line
177.5000    0    2.500   1.0000          NULL 
180.0000    2    2.000   1.0000        square
182.0000    0    1.000   1.0000          NULL 
183.0000    4    2.000   1.0000        circle
185.0000    0    2.500   1.0000          NULL 
187.5000    2    2.000   1.0000        square
189.5000    0    0.500   1.0000          NULL 
190.0000    3    2.000   1.0000      triangle
192.0000    0    4.000   1.0000          NULL 
196.0000    4    2.000   1.0000        circle
198.0000    0    3.500   1.0000          NULL 
201.5000    4    2.000   1.0000        circle
203.5000    0    1.000   1.0000          NULL 
204.5000    4    2.000   1.0000        circle
206.5000    0    2.000   1.0000          NULL 
208.5000    4    2.000   1.0000        circle
210.5000    0    1.000   1.0000          NULL 
211.5000    2    2.000   1.0000        square
213.5000    0    1.000   1.0000          NULL 
214.5000    1    2.000   1.0000          line
216.5000    0    4.000   1.0000          NULL 
220.5000    2    2.000   1.0000        square
222.5000    0    1.000   1.0000          NULL 
223.5000    4    2.000   1.0000        circle
225.5000    0    2.000   1.0000          NULL 
227.5000    2    2.000   1.0000        square
229.5000    0    2.000   1.0000          NULL 
231.5000    3    2.000   1.0000      triangle
233.5000    0    1.500   1.0000          NULL 
235.0000    1    2.000   1.0000          line
237.0000    0    3.500   1.0000          NULL 
240.5000    3    2.000   1.0000      triangle
242.5000    0    0.500   1.0000          NULL 
243.0000    3    2.000   1.0000      triangle
245.0000    0    0.500   1.0000          NULL 
245.5000    2    2.000   1.0000        square
247.5000    0    3.500   1.0000          NULL 
251.0000    3    2.000   1.0000      triangle
253.0000    0    0.500   1.0000          NULL 
253.5000    2    2.000   1.0000        square
255.5000    0    1.500   1.0000          NULL 
257.0000    2    2.000   1.0000        square
259.0000    0    1.500   1.0000          NULL 
260.5000    2    2.000   1.0000        square
262.5000    0    1.500   1.0000          NULL 
264.0000    3    2.000   1.0000      triangle
266.0000    0    0.500   1.0000          NULL 
266.5000    1    2.000   1.0000          line
268.5000    0    1.500   1.0000          NULL 
270.0000    3    2.000   1.0000      triangle
272.0000    0    2.500   1.0000          NULL 
274.5000    1    2.000   1.0000          line
276.5000    0    1.000   1.0000          NULL 
277.5000    4    2.000   1.0000        circle
279.5000    0    1.000   1.0000          NULL 
280.5000    1    2.000   1.0000          line
282.5000    0    1.000   1.0000          NULL 
283.5000    1    2.000   1.0000          line
285.5000    0    0.500   1.0000          NULL 
286.0000    4    2.000   1.0000        circle
288.0000    0    3.000   1.0000          NULL 
291.0000    1    2.000   1.0000          line
293.0000    0    1.000   1.0000          NULL 
294.0000    2    2.000   1.0000        square
296.0000    0    1.000   1.0000          NULL 
297.0000    3    2.000   1.0000      triangle
299.0000    0    0.500   1.0000          NULL 
299.5000    3    2.000   1.0000      triangle
301.5000    0    1.000   1.0000          NULL 
302.5000    1    2.000   1.0000          line
304.5000    0    0.500   1.0000          NULL 
305.0000    4    2.000   1.0000        circle
307.0000    0    3.000   1.0000          NULL 
310.0000    3    2.000   1.0000      triangle
312.0000    0    0.500   1.0000          NULL 
312.5000    2    2.000   1.0000        square
314.5000    0    1.000   1.0000          NULL 
315.5000    1    2.000   1.0000          line
317.5000    0    2.500   1.0000          NULL 
320.0000    2    2.000   1.0000        square
322.0000    0    2.000   1.0000          NULL 
324.0000    1    2.000   1.0000          line
326.0000    0    1.000   1.0000          NULL 
327.0000    3    2.000   1.0000      triangle
329.0000    0    2.500   1.0000          NULL 
331.5000    3    2.000   1.0000      triangle
333.5000    0    0.500   1.0000          NULL 
334.0000    2    2.000   1.0000        square
336.0000    0    3.000   1.0000          NULL 
339.0000    1    2.000   1.0000          line
341.0000    0    0.500   1.0000          NULL 
341.5000    4    2.000   1.0000        circle
343.5000    0    0.500   1.0000          NULL 
344.0000    2    2.000   1.0000        square
346.0000    0    1.000   1.0000          NULL 
347.0000    1    2.000   1.0000          line
349.0000    0    1.500   1.0000          NULL 
350.5000    4    2.000   1.0000        circle
352.5000    0    3.500   1.0000          NULL 
356.0000    3    2.000   1.0000      triangle
358.0000    0    2.500   1.0000          NULL 
360.5000    4    2.000   1.0000        circle
362.5000    0    0.500   1.0000          NULL 
363.0000    4    2.000   1.0000        circle
365.0000    0    0.500   1.0000          NULL 
365.5000    4    2.000   1.0000        circle
367.5000    0    2.500   1.0000          NULL 
370.0000    2    2.000   1.0000        square
372.0000    0    1.000   1.0000          NULL 
373.0000    2    2.000   1.0000        square
375.0000    0    2.000   1.0000          NULL 
377.0000    2    2.000   1.0000        square
379.0000    0    2.500   1.0000          NULL 
381.5000    4    2.000   1.0000        circle
383.5000    0    1.500   1.0000          NULL 
385.0000    3    2.000   1.0000      triangle
387.0000    0    0.500   1.0000          NULL 
387.5000    2    2.000   1.0000        square
389.5000    0    0.500   1.0000          NULL 
390.0000    4    2.000   1.0000        circle
392.0000    0    1.500   1.0000          NULL 
393.5000    4    2.000   1.0000        circle
395.5000    0    2.000   1.0000          NULL 
397.5000    3    2.000   1.0000      triangle
399.5000    0    0.500   1.0000          NULL 
400.0000    1    2.000   1.0000          line
402.0000    0    0.500   1.0000          NULL 
402.5000    3    2.000   1.0000      triangle
404.5000    0    1.000   1.0000          NULL 
405.5000    3    2.000   1.0000      triangle
407.5000    0    0.500   1.0000          NULL 
408.0000    1    2.000   1.0000          line
410.0000    0    1.500   1.0000          NULL 
411.5000    4    2.000   1.0000        circle
413.5000    0    0.500   1.0000          NULL 
414.0000    3    2.000   1.0000      triangle
416.0000    0    1.000   1.0000          NULL 
417.0000    3    2.000   1.0000      triangle
419.0000    0    1.000   1.0000          NULL 
