  0.0000    3    2.000   1.0000      triangle
  2.0000    0    0.500   1.0000          NULL 
  2.5000    2    2.000   1.0000        square
  4.5000    0    0.500   1.0000          NULL 
  5.0000    3    2.000   1.0000      triangle
  7.0000    0    2.500   1.0000          NULL 
  9.5000    3    2.000   1.0000      triangle
 11.5000    0    0.500   1.0000          NULL 
 12.0000    4    2.000   1.0000        circle
 14.0000    0    0.500   1.0000          NULL 
 14.5000    4    2.000   1.0000        circle
 16.5000    0    2.500   1.0000          NULL 
 19.0000    3    2.000   1.0000      triangle
 21.0000    0    1.000   1.0000          NULL 
 22.0000    1    2.000   1.0000          line
 24.0000    0    0.500   1.0000          NULL 
 24.5000    3    2.000   1.0000      triangle
 26.5000    0    1.000   1.0000          NULL 
 27.5000    1    2.000   1.0000          line
 29.5000    0    1.000   1.0000          NULL 
 30.5000    3    2.000   1.0000      triangle
 32.5000    0    0.500   1.0000          NULL 
 33.0000    3    2.000   1.0000      triangle
 35.0000    0    1.000   1.0000          NULL 
 36.0000    4    2.000   1.0000        circle
 38.0000    0    1.000   1.0000          NULL 
 39.0000    1    2.000   1.0000          line
 41.0000    0    1.000   1.0000          NULL 
 42.0000    2    2.000   1.0000        square
 44.0000    0    0.500   1.0000          NULL 
 44.5000    4    2.000   1.0000        circle
 46.5000    0    1.500   1.0000          NULL 
 48.0000    2    2.000   1.0000        square
 50.0000    0    1.000   1.0000          NULL 
 51.0000    2    2.000   1.0000        square
 53.0000    0    1.000   1.0000          NULL 
 54.0000    1    2.000   1.0000          line
 56.0000    0    1.000   1.0000          NULL 
 57.0000    1    2.000   1.0000          line
 59.0000    0    1.500   1.0000          NULL 
 60.5000    2    2.000   1.0000        square
 62.5000    0    2.000   1.0000          NULL 
 64.5000    3    2.000   1.0000      triangle
 66.5000    0    1.500   1.0000          NULL 
 68.0000    1    2.000   1.0000          line
 70.0000    0    1.000   1.0000          NULL 
 71.0000    4    2.000   1.0000        circle
 73.0000    0    1.500   1.0000          NULL 
 74.5000    1    2.000   1.0000          line
 76.5000    0    3.500   1.0000          NULL 
 80.0000    4    2.000   1.0000        circle
 82.0000    0    1.000   1.0000          NULL 
 83.0000    2    2.000   1.0000        square
 85.0000    0    0.500   1.0000          NULL 
 85.5000    2    2.000   1.0000        square
 87.5000    0    2.000   1.0000          NULL 
 89.5000    3    2.000   1.0000      triangle
 91.5000    0    3.000   1.0000          NULL 
 94.5000    2    2.000   1.0000        square
 96.5000    0    1.500   1.0000          NULL 
 98.0000    3    2.000   1.0000      triangle
100.0000    0    0.500   1.0000          NULL 
100.5000    2    2.000   1.0000        square
102.5000    0    3.000   1.0000          NULL 
105.5000    2    2.000   1.0000        square
107.5000    0    1.000   1.0000          NULL 
108.5000    3    2.000   1.0000      triangle
110.5000    0    2.000   1.0000          NULL 
112.5000    1    2.000   1.0000          line
114.5000    0    1.000   1.0000          NULL 
115.5000    2    2.000   1.0000        square
117.5000    0    0.500   1.0000          NULL 
118.0000    1    2.000   1.0000          line
120.0000    0    4.000   1.0000          NULL 
124.0000    1    2.000   1.0000          line
126.0000    0    2.000   1.0000          NULL 
128.0000    2    2.000   1.0000        square
130.0000    0    1.000   1.0000          NULL 
131.0000    3    2.000   1.0000      triangle
133.0000    0    0.500   1.0000          NULL 
133.5000    2    2.000   1.0000        square
135.5000    0    1.500   1.0000          NULL 
137.0000    2    2.000   1.0000        square
139.0000    0    1.500   1.0000          NULL 
140.5000    3    2.000   1.0000      triangle
142.5000    0    1.500   1.0000          NULL 
144.0000    2    2.000   1.0000        square
146.0000    0    2.000   1.0000          NULL 
148.0000    1    2.000   1.0000          line
150.0000    0    3.000   1.0000          NULL 
153.0000    2    2.000   1.0000        square
155.0000    0    3.000   1.0000          NULL 
158.0000    3    2.000   1.0000      triangle
160.0000    0    0.500   1.0000          NULL 
160.5000    4    2.000   1.0000        circle
162.5000    0    0.500   1.0000          NULL 
163.0000    1    2.000   1.0000          line
165.0000    0    4.000   1.0000          NULL 
169.0000    3    2.000   1.0000      triangle
171.0000    0    1.500   1.0000          NULL 
172.5000    4    2.000   1.0000        circle
174.5000    0    2.500   1.0000          NULL 
177.0000    2    2.000   1.0000        square
179.0000    0    0.500   1.0000          NULL 
179.5000    1    2.000   1.0000          line
181.5000    0    0.500   1.0000          NULL 
182.0000    2    2.000   1.0000        square
184.0000    0    1.000   1.0000          NULL 
185.0000    4    2.000   1.0000        circle
187.0000    0    0.500   1.0000          NULL 
187.5000    3    2.000   1.0000      triangle
189.5000    0    0.500   1.0000          NULL 
190.0000    3    2.000   1.0000      triangle
192.0000    0    0.500   1.0000          NULL 
192.5000    1    2.000   1.0000          line
194.5000    0    2.500   1.0000          NULL 
197.0000    4    2.000   1.0000        circle
199.0000    0    0.500   1.0000          NULL 
199.5000    1    2.000   1.0000          line
201.5000    0    0.500   1.0000          NULL 
202.0000    4    2.000   1.0000        circle
204.0000    0    0.500   1.0000          NULL 
204.5000    1    2.000   1.0000          line
206.5000    0    4.000   1.0000          NULL 
210.5000    2    2.000   1.0000        square
212.5000    0    0.500   1.0000          NULL 
213.0000    1    2.000   1.0000          line
215.0000    0    1.000   1.0000          NULL 
216.0000    2    2.000   1.0000        square
218.0000    0    1.000   1.0000          NULL 
219.0000    1    2.000   1.0000          line
221.0000    0    2.000   1.0000          NULL 
223.0000    4    2.000   1.0000        circle
225.0000    0    0.500   1.0000          NULL 
225.5000    1    2.000   1.0000          line
227.5000    0    1.500   1.0000          NULL 
229.0000    4    2.000   1.0000        circle
231.0000    0    2.000   1.0000          NULL 
233.0000    2    2.000   1.0000        square
235.0000    0    0.500   1.0000          NULL 
235.5000    1    2.000   1.0000          line
237.5000    0    2.000   1.0000          NULL 
239.5000    4    2.000   1.0000        circle
241.5000    0    2.000   1.0000          NULL 
243.5000    4    2.000   1.0000        circle
245.5000    0    1.000   1.0000          NULL 
246.5000    3    2.000   1.0000      triangle
248.5000    0    1.000   1.0000          NULL 
249.5000    3    2.000   1.0000      triangle
251.5000    0    0.500   1.0000          NULL 
252.0000    3    2.000   1.0000      triangle
254.0000    0    1.500   1.0000          NULL 
255.5000    4    2.000   1.0000        circle
257.5000    0    1.000   1.0000          NULL 
258.5000    3    2.000   1.0000      triangle
260.5000    0    1.000   1.0000          NULL 
261.5000    2    2.000   1.0000        square
263.5000    0    3.000   1.0000          NULL 
266.5000    2    2.000   1.0000        square
268.5000    0    0.500   1.0000          NULL 
269.0000    4    2.000   1.0000        circle
271.0000    0    0.500   1.0000          NULL 
271.5000    1    2.000   1.0000          line
273.5000    0    3.500   1.0000          NULL 
277.0000    3    2.000   1.0000      triangle
279.0000    0    2.000   1.0000          NULL 
281.0000    3    2.000   1.0000      triangle
283.0000    0    3.500   1.0000          NULL 
286.5000    4    2.000   1.0000        circle
288.5000    0    2.500   1.0000          NULL 
291.0000    2    2.000   1.0000        square
293.0000    0    0.500   1.0000          NULL 
293.5000    4    2.000   1.0000        circle
295.5000    0    0.500   1.0000          NULL 
296.0000    4    2.000   1.0000        circle
298.0000    0    2.500   1.0000          NULL 
300.5000    1    2.000   1.0000          line
302.5000    0    1.000   1.0000          NULL 
303.5000    4    2.000   1.0000        circle
305.5000    0    0.500   1.0000          NULL 
306.0000    2    2.000   1.0000        square
308.0000    0    1.000   1.0000          NULL 
309.0000    3    2.000   1.0000      triangle
311.0000    0    3.000   1.0000          NULL 
314.0000    3    2.000   1.0000      triangle
316.0000    0    1.000   1.0000          NULL 
317.0000    1    2.000   1.0000          line
319.0000    0    1.000   1.0000          NULL 
320.0000    2    2.000   1.0000        square
322.0000    0    0.500   1.0000          NULL 
322.5000    1    2.000   1.0000          line
324.5000    0    0.500   1.0000          NULL 
325.0000    1    2.000   1.0000          line
327.0000    0    0.500   1.0000          NULL 
327.5000    3    2.000   1.0000      triangle
329.5000    0    3.000   1.0000          NULL 
332.5000    2    2.000   1.0000        square
334.5000    0    2.500   1.0000          NULL 
337.0000    4    2.000   1.0000        circle
339.0000    0    1.500   1.0000          NULL 
340.5000    4    2.000   1.0000        circle
342.5000    0    3.000   1.0000          NULL 
345.5000    3    2.000   1.0000      triangle
347.5000    0    2.000   1.0000          NULL 
349.5000    4    2.000   1.0000        circle
351.5000    0    4.000   1.0000          NULL 
355.5000    1    2.000   1.0000          line
357.5000    0    2.500   1.0000          NULL 
360.0000    4    2.000   1.0000        circle
362.0000    0    1.000   1.0000          NULL 
363.0000    3    2.000   1.0000      triangle
365.0000    0    2.000   1.0000          NULL 
367.0000    4    2.000   1.0000        circle
369.0000    0    1.500   1.0000          NULL 
370.5000    3    2.000   1.0000      triangle
372.5000    0    1.500   1.0000          NULL 
374.0000    1    2.000   1.0000          line
376.0000    0    0.500   1.0000          NULL 
376.5000    4    2.000   1.0000        circle
378.5000    0    0.500   1.0000          NULL 
379.0000    2    2.000   1.0000        square
381.0000    0    2.500   1.0000          NULL 
383.5000    1    2.000   1.0000          line
385.5000    0    0.500   1.0000          NULL 
386.0000    4    2.000   1.0000        circle
388.0000    0    2.500   1.0000          NULL 
390.5000    4    2.000   1.0000        circle
392.5000    0    1.000   1.0000          NULL 
393.5000    3    2.000   1.0000      triangle
395.5000    0    4.000   1.0000          NULL 
399.5000    4    2.000   1.0000        circle
401.5000    0    1.500   1.0000          NULL 
403.0000    2    2.000   1.0000        square
405.0000    0    0.500   1.0000          NULL 
405.5000    1    2.000   1.0000          line
407.5000    0    0.500   1.0000          NULL 
408.0000    1    2.000   1.0000          line
410.0000    0    4.000   1.0000          NULL 
414.0000    2    2.000   1.0000        square
416.0000    0    4.000   1.0000          NULL 
