  0.0000    2    2.000   1.0000        square
  2.0000    0    1.000   1.0000          NULL 
  3.0000    1    2.000   1.0000          line
  5.0000    0    1.300   1.0000          NULL 
  6.3000    1    2.000   1.0000          line
  8.3000    0    1.000   1.0000          NULL 
  9.3000    2    2.000   1.0000        square
 11.3000    0    1.100   1.0000          NULL 
 12.4000    1    2.000   1.0000          line
 14.4000    0    1.000   1.0000          NULL 
 15.4000    1    2.000   1.0000          line
 17.4000    0    1.000   1.0000          NULL 
 18.4000    2    2.000   1.0000        square
 20.4000    0    1.900   1.0000          NULL 
 22.3000    4    2.000   1.0000      triangle
 24.3000    0    1.300   1.0000          NULL 
 25.6000    3    2.000   1.0000        circle
 27.6000    0    1.700   1.0000          NULL 
 29.3000    2    2.000   1.0000        square
 31.3000    0    1.200   1.0000          NULL 
 32.5000    2    2.000   1.0000        square
 34.5000    0    1.500   1.0000          NULL 
 36.0000    2    2.000   1.0000        square
 38.0000    0    1.000   1.0000          NULL 
 39.0000    2    2.000   1.0000        square
 41.0000    0    1.200   1.0000          NULL 
 42.2000    4    2.000   1.0000      triangle
 44.2000    0    1.700   1.0000          NULL 
 45.9000    2    2.000   1.0000        square
 47.9000    0    1.300   1.0000          NULL 
 49.2000    3    2.000   1.0000        circle
 51.2000    0    1.000   1.0000          NULL 
 52.2000    4    2.000   1.0000      triangle
 54.2000    0    1.300   1.0000          NULL 
 55.5000    1    2.000   1.0000          line
 57.5000    0    1.100   1.0000          NULL 
 58.6000    4    2.000   1.0000      triangle
 60.6000    0    1.100   1.0000          NULL 
 61.7000    4    2.000   1.0000      triangle
 63.7000    0    1.200   1.0000          NULL 
 64.9000    1    2.000   1.0000          line
 66.9000    0    1.300   1.0000          NULL 
 68.2000    3    2.000   1.0000        circle
 70.2000    0    1.300   1.0000          NULL 
 71.5000    3    2.000   1.0000        circle
 73.5000    0    1.100   1.0000          NULL 
 74.6000    2    2.000   1.0000        square
 76.6000    0    1.000   1.0000          NULL 
 77.6000    4    2.000   1.0000      triangle
 79.6000    0    1.600   1.0000          NULL 
 81.1999    4    2.000   1.0000      triangle
 83.1999    0    1.000   1.0000          NULL 
 84.1999    1    2.000   1.0000          line
 86.1999    0    1.100   1.0000          NULL 
 87.2999    3    2.000   1.0000        circle
 89.2999    0    2.000   1.0000          NULL 
 91.2999    1    2.000   1.0000          line
 93.2999    0    1.300   1.0000          NULL 
 94.5999    4    2.000   1.0000      triangle
 96.5999    0    1.300   1.0000          NULL 
 97.8999    3    2.000   1.0000        circle
 99.8999    0    1.300   1.0000          NULL 
101.1999    3    2.000   1.0000        circle
103.1999    0    1.500   1.0000          NULL 
104.6999    3    2.000   1.0000        circle
106.6999    0    1.100   1.0000          NULL 
107.7999    3    2.000   1.0000        circle
109.7999    0    1.400   1.0000          NULL 
111.1999    2    2.000   1.0000        square
113.1999    0    1.000   1.0000          NULL 
114.1999    1    2.000   1.0000          line
116.1999    0    1.200   1.0000          NULL 
117.3999    1    2.000   1.0000          line
119.3999    0    1.200   1.0000          NULL 
120.5999    4    2.000   1.0000      triangle
122.5999    0    1.200   1.0000          NULL 
123.7999    4    2.000   1.0000      triangle
125.7999    0    1.000   1.0000          NULL 
126.7999    3    2.000   1.0000        circle
128.7999    0    1.200   1.0000          NULL 
