  0.0000    4    2.000   1.0000      triangle
  2.0000    0    1.000   1.0000          NULL 
  3.0000    3    2.000   1.0000        circle
  5.0000    0    1.000   1.0000          NULL 
  6.0000    3    2.000   1.0000        circle
  8.0000    0    1.600   1.0000          NULL 
  9.6000    2    2.000   1.0000        square
 11.6000    0    1.200   1.0000          NULL 
 12.8000    1    2.000   1.0000          line
 14.8000    0    1.300   1.0000          NULL 
 16.1000    1    2.000   1.0000          line
 18.1000    0    1.300   1.0000          NULL 
 19.4000    4    2.000   1.0000      triangle
 21.4000    0    1.100   1.0000          NULL 
 22.5000    3    2.000   1.0000        circle
 24.5000    0    1.100   1.0000          NULL 
 25.6000    2    2.000   1.0000        square
 27.6000    0    1.000   1.0000          NULL 
 28.6000    2    2.000   1.0000        square
 30.6000    0    1.200   1.0000          NULL 
 31.8000    4    2.000   1.0000      triangle
 33.8000    0    1.700   1.0000          NULL 
 35.5000    2    2.000   1.0000        square
 37.5000    0    1.000   1.0000          NULL 
 38.5000    3    2.000   1.0000        circle
 40.5000    0    1.400   1.0000          NULL 
 41.9000    3    2.000   1.0000        circle
 43.9000    0    1.000   1.0000          NULL 
 44.9000    1    2.000   1.0000          line
 46.9000    0    1.000   1.0000          NULL 
 47.9000    1    2.000   1.0000          line
 49.9000    0    1.400   1.0000          NULL 
 51.3000    3    2.000   1.0000        circle
 53.3000    0    1.000   1.0000          NULL 
 54.3000    2    2.000   1.0000        square
 56.3000    0    1.000   1.0000          NULL 
 57.3000    2    2.000   1.0000        square
 59.3000    0    1.100   1.0000          NULL 
 60.4000    2    2.000   1.0000        square
 62.4000    0    1.100   1.0000          NULL 
 63.5000    1    2.000   1.0000          line
 65.5000    0    1.900   1.0000          NULL 
 67.4000    4    2.000   1.0000      triangle
 69.4000    0    1.000   1.0000          NULL 
 70.4000    1    2.000   1.0000          line
 72.4000    0    1.400   1.0000          NULL 
 73.8000    3    2.000   1.0000        circle
 75.8000    0    1.100   1.0000          NULL 
 76.9000    1    2.000   1.0000          line
 78.9000    0    1.200   1.0000          NULL 
 80.1000    4    2.000   1.0000      triangle
 82.1000    0    1.700   1.0000          NULL 
 83.7999    3    2.000   1.0000        circle
 85.7999    0    1.100   1.0000          NULL 
 86.8999    3    2.000   1.0000        circle
 88.8999    0    1.000   1.0000          NULL 
 89.8999    2    2.000   1.0000        square
 91.8999    0    1.600   1.0000          NULL 
 93.4999    4    2.000   1.0000      triangle
 95.4999    0    1.000   1.0000          NULL 
 96.4999    4    2.000   1.0000      triangle
 98.4999    0    1.800   1.0000          NULL 
100.2999    4    2.000   1.0000      triangle
102.2999    0    1.200   1.0000          NULL 
103.4999    1    2.000   1.0000          line
105.4999    0    1.800   1.0000          NULL 
107.2999    4    2.000   1.0000      triangle
109.2999    0    1.100   1.0000          NULL 
110.3999    4    2.000   1.0000      triangle
112.3999    0    1.300   1.0000          NULL 
113.6999    1    2.000   1.0000          line
115.6999    0    1.000   1.0000          NULL 
116.6999    2    2.000   1.0000        square
118.6999    0    1.300   1.0000          NULL 
119.9999    1    2.000   1.0000          line
121.9999    0    1.600   1.0000          NULL 
123.5999    3    2.000   1.0000        circle
125.5999    0    1.000   1.0000          NULL 
126.5999    2    2.000   1.0000        square
128.5999    0    1.400   1.0000          NULL 
