  0.0000    1    2.000   1.0000          line
  2.0000    0    1.500   1.0000          NULL 
  3.5000    2    2.000   1.0000        square
  5.5000    0    0.500   1.0000          NULL 
  6.0000    2    2.000   1.0000        square
  8.0000    0    1.500   1.0000          NULL 
  9.5000    2    2.000   1.0000        square
 11.5000    0    0.500   1.0000          NULL 
 12.0000    4    2.000   1.0000        circle
 14.0000    0    0.500   1.0000          NULL 
 14.5000    1    2.000   1.0000          line
 16.5000    0    1.500   1.0000          NULL 
 18.0000    1    2.000   1.0000          line
 20.0000    0    3.000   1.0000          NULL 
 23.0000    3    2.000   1.0000      triangle
 25.0000    0    0.500   1.0000          NULL 
 25.5000    1    2.000   1.0000          line
 27.5000    0    3.000   1.0000          NULL 
 30.5000    4    2.000   1.0000        circle
 32.5000    0    2.500   1.0000          NULL 
 35.0000    4    2.000   1.0000        circle
 37.0000    0    0.500   1.0000          NULL 
 37.5000    2    2.000   1.0000        square
 39.5000    0    2.000   1.0000          NULL 
 41.5000    2    2.000   1.0000        square
 43.5000    0    1.000   1.0000          NULL 
 44.5000    3    2.000   1.0000      triangle
 46.5000    0    1.500   1.0000          NULL 
 48.0000    4    2.000   1.0000        circle
 50.0000    0    2.500   1.0000          NULL 
 52.5000    3    2.000   1.0000      triangle
 54.5000    0    2.000   1.0000          NULL 
 56.5000    1    2.000   1.0000          line
 58.5000    0    2.000   1.0000          NULL 
 60.5000    1    2.000   1.0000          line
 62.5000    0    0.500   1.0000          NULL 
 63.0000    3    2.000   1.0000      triangle
 65.0000    0    0.500   1.0000          NULL 
 65.5000    4    2.000   1.0000        circle
 67.5000    0    1.000   1.0000          NULL 
 68.5000    1    2.000   1.0000          line
 70.5000    0    0.500   1.0000          NULL 
 71.0000    4    2.000   1.0000        circle
 73.0000    0    3.500   1.0000          NULL 
 76.5000    1    2.000   1.0000          line
 78.5000    0    2.000   1.0000          NULL 
 80.5000    2    2.000   1.0000        square
 82.5000    0    2.000   1.0000          NULL 
 84.5000    2    2.000   1.0000        square
 86.5000    0    0.500   1.0000          NULL 
 87.0000    1    2.000   1.0000          line
 89.0000    0    1.000   1.0000          NULL 
 90.0000    1    2.000   1.0000          line
 92.0000    0    3.500   1.0000          NULL 
 95.5000    4    2.000   1.0000        circle
 97.5000    0    1.000   1.0000          NULL 
 98.5000    4    2.000   1.0000        circle
100.5000    0    1.000   1.0000          NULL 
101.5000    4    2.000   1.0000        circle
103.5000    0    2.000   1.0000          NULL 
105.5000    4    2.000   1.0000        circle
107.5000    0    2.500   1.0000          NULL 
110.0000    4    2.000   1.0000        circle
112.0000    0    1.500   1.0000          NULL 
113.5000    3    2.000   1.0000      triangle
115.5000    0    1.000   1.0000          NULL 
116.5000    1    2.000   1.0000          line
118.5000    0    2.500   1.0000          NULL 
121.0000    2    2.000   1.0000        square
123.0000    0    0.500   1.0000          NULL 
123.5000    3    2.000   1.0000      triangle
125.5000    0    0.500   1.0000          NULL 
126.0000    2    2.000   1.0000        square
128.0000    0    1.000   1.0000          NULL 
129.0000    4    2.000   1.0000        circle
131.0000    0    1.000   1.0000          NULL 
132.0000    2    2.000   1.0000        square
134.0000    0    2.500   1.0000          NULL 
136.5000    4    2.000   1.0000        circle
138.5000    0    0.500   1.0000          NULL 
139.0000    3    2.000   1.0000      triangle
141.0000    0    1.500   1.0000          NULL 
142.5000    4    2.000   1.0000        circle
144.5000    0    1.000   1.0000          NULL 
145.5000    2    2.000   1.0000        square
147.5000    0    1.500   1.0000          NULL 
149.0000    3    2.000   1.0000      triangle
151.0000    0    2.500   1.0000          NULL 
153.5000    2    2.000   1.0000        square
155.5000    0    1.500   1.0000          NULL 
157.0000    3    2.000   1.0000      triangle
159.0000    0    0.500   1.0000          NULL 
159.5000    4    2.000   1.0000        circle
161.5000    0    0.500   1.0000          NULL 
162.0000    4    2.000   1.0000        circle
164.0000    0    2.000   1.0000          NULL 
166.0000    3    2.000   1.0000      triangle
168.0000    0    1.500   1.0000          NULL 
169.5000    1    2.000   1.0000          line
171.5000    0    1.500   1.0000          NULL 
173.0000    1    2.000   1.0000          line
175.0000    0    0.500   1.0000          NULL 
175.5000    1    2.000   1.0000          line
177.5000    0    1.500   1.0000          NULL 
179.0000    3    2.000   1.0000      triangle
181.0000    0    1.500   1.0000          NULL 
182.5000    4    2.000   1.0000        circle
184.5000    0    2.500   1.0000          NULL 
187.0000    2    2.000   1.0000        square
189.0000    0    1.000   1.0000          NULL 
190.0000    1    2.000   1.0000          line
192.0000    0    1.000   1.0000          NULL 
193.0000    3    2.000   1.0000      triangle
195.0000    0    1.000   1.0000          NULL 
196.0000    4    2.000   1.0000        circle
198.0000    0    2.500   1.0000          NULL 
200.5000    3    2.000   1.0000      triangle
202.5000    0    2.000   1.0000          NULL 
204.5000    1    2.000   1.0000          line
206.5000    0    2.000   1.0000          NULL 
208.5000    2    2.000   1.0000        square
210.5000    0    1.000   1.0000          NULL 
211.5000    3    2.000   1.0000      triangle
213.5000    0    1.000   1.0000          NULL 
214.5000    3    2.000   1.0000      triangle
216.5000    0    0.500   1.0000          NULL 
217.0000    2    2.000   1.0000        square
219.0000    0    1.000   1.0000          NULL 
220.0000    3    2.000   1.0000      triangle
222.0000    0    0.500   1.0000          NULL 
222.5000    3    2.000   1.0000      triangle
224.5000    0    0.500   1.0000          NULL 
225.0000    2    2.000   1.0000        square
227.0000    0    2.000   1.0000          NULL 
229.0000    4    2.000   1.0000        circle
231.0000    0    4.000   1.0000          NULL 
235.0000    1    2.000   1.0000          line
237.0000    0    2.500   1.0000          NULL 
239.5000    3    2.000   1.0000      triangle
241.5000    0    2.500   1.0000          NULL 
244.0000    4    2.000   1.0000        circle
246.0000    0    1.000   1.0000          NULL 
247.0000    2    2.000   1.0000        square
249.0000    0    0.500   1.0000          NULL 
249.5000    3    2.000   1.0000      triangle
251.5000    0    0.500   1.0000          NULL 
252.0000    3    2.000   1.0000      triangle
254.0000    0    1.500   1.0000          NULL 
255.5000    2    2.000   1.0000        square
257.5000    0    0.500   1.0000          NULL 
258.0000    4    2.000   1.0000        circle
260.0000    0    2.500   1.0000          NULL 
262.5000    2    2.000   1.0000        square
264.5000    0    1.500   1.0000          NULL 
266.0000    2    2.000   1.0000        square
268.0000    0    0.500   1.0000          NULL 
268.5000    1    2.000   1.0000          line
270.5000    0    0.500   1.0000          NULL 
271.0000    4    2.000   1.0000        circle
273.0000    0    1.000   1.0000          NULL 
274.0000    3    2.000   1.0000      triangle
276.0000    0    3.500   1.0000          NULL 
279.5000    3    2.000   1.0000      triangle
281.5000    0    1.000   1.0000          NULL 
282.5000    4    2.000   1.0000        circle
284.5000    0    3.500   1.0000          NULL 
288.0000    2    2.000   1.0000        square
290.0000    0    1.000   1.0000          NULL 
291.0000    1    2.000   1.0000          line
293.0000    0    2.500   1.0000          NULL 
295.5000    1    2.000   1.0000          line
297.5000    0    1.500   1.0000          NULL 
299.0000    4    2.000   1.0000        circle
301.0000    0    0.500   1.0000          NULL 
301.5000    4    2.000   1.0000        circle
303.5000    0    2.500   1.0000          NULL 
306.0000    2    2.000   1.0000        square
308.0000    0    3.500   1.0000          NULL 
311.5000    1    2.000   1.0000          line
313.5000    0    0.500   1.0000          NULL 
314.0000    2    2.000   1.0000        square
316.0000    0    1.000   1.0000          NULL 
317.0000    4    2.000   1.0000        circle
319.0000    0    1.000   1.0000          NULL 
320.0000    1    2.000   1.0000          line
322.0000    0    0.500   1.0000          NULL 
322.5000    2    2.000   1.0000        square
324.5000    0    0.500   1.0000          NULL 
325.0000    3    2.000   1.0000      triangle
327.0000    0    0.500   1.0000          NULL 
327.5000    4    2.000   1.0000        circle
329.5000    0    2.000   1.0000          NULL 
331.5000    4    2.000   1.0000        circle
333.5000    0    0.500   1.0000          NULL 
334.0000    3    2.000   1.0000      triangle
336.0000    0    1.000   1.0000          NULL 
337.0000    2    2.000   1.0000        square
339.0000    0    2.000   1.0000          NULL 
341.0000    2    2.000   1.0000        square
343.0000    0    0.500   1.0000          NULL 
343.5000    1    2.000   1.0000          line
345.5000    0    3.500   1.0000          NULL 
349.0000    2    2.000   1.0000        square
351.0000    0    1.500   1.0000          NULL 
352.5000    3    2.000   1.0000      triangle
354.5000    0    0.500   1.0000          NULL 
355.0000    1    2.000   1.0000          line
357.0000    0    0.500   1.0000          NULL 
357.5000    1    2.000   1.0000          line
359.5000    0    3.000   1.0000          NULL 
362.5000    3    2.000   1.0000      triangle
364.5000    0    2.500   1.0000          NULL 
367.0000    1    2.000   1.0000          line
369.0000    0    3.000   1.0000          NULL 
372.0000    1    2.000   1.0000          line
374.0000    0    1.500   1.0000          NULL 
375.5000    4    2.000   1.0000        circle
377.5000    0    0.500   1.0000          NULL 
378.0000    1    2.000   1.0000          line
380.0000    0    3.500   1.0000          NULL 
383.5000    3    2.000   1.0000      triangle
385.5000    0    0.500   1.0000          NULL 
386.0000    1    2.000   1.0000          line
388.0000    0    0.500   1.0000          NULL 
388.5000    2    2.000   1.0000        square
390.5000    0    1.500   1.0000          NULL 
392.0000    3    2.000   1.0000      triangle
394.0000    0    3.500   1.0000          NULL 
397.5000    4    2.000   1.0000        circle
399.5000    0    2.000   1.0000          NULL 
401.5000    1    2.000   1.0000          line
403.5000    0    1.000   1.0000          NULL 
404.5000    2    2.000   1.0000        square
406.5000    0    0.500   1.0000          NULL 
407.0000    3    2.000   1.0000      triangle
409.0000    0    2.500   1.0000          NULL 
411.5000    3    2.000   1.0000      triangle
413.5000    0    1.500   1.0000          NULL 
415.0000    2    2.000   1.0000        square
417.0000    0    3.000   1.0000          NULL 
