  0.0000    3    2.000   1.0000      triangle
  2.0000    0    1.000   1.0000          NULL 
  3.0000    1    2.000   1.0000          line
  5.0000    0    1.500   1.0000          NULL 
  6.5000    2    2.000   1.0000        square
  8.5000    0    0.500   1.0000          NULL 
  9.0000    4    2.000   1.0000        circle
 11.0000    0    3.000   1.0000          NULL 
 14.0000    3    2.000   1.0000      triangle
 16.0000    0    3.500   1.0000          NULL 
 19.5000    4    2.000   1.0000        circle
 21.5000    0    1.500   1.0000          NULL 
 23.0000    3    2.000   1.0000      triangle
 25.0000    0    1.000   1.0000          NULL 
 26.0000    2    2.000   1.0000        square
 28.0000    0    1.000   1.0000          NULL 
 29.0000    1    2.000   1.0000          line
 31.0000    0    0.500   1.0000          NULL 
 31.5000    3    2.000   1.0000      triangle
 33.5000    0    1.500   1.0000          NULL 
 35.0000    2    2.000   1.0000        square
 37.0000    0    2.000   1.0000          NULL 
 39.0000    1    2.000   1.0000          line
 41.0000    0    0.500   1.0000          NULL 
 41.5000    2    2.000   1.0000        square
 43.5000    0    0.500   1.0000          NULL 
 44.0000    1    2.000   1.0000          line
 46.0000    0    1.500   1.0000          NULL 
 47.5000    2    2.000   1.0000        square
 49.5000    0    1.500   1.0000          NULL 
 51.0000    1    2.000   1.0000          line
 53.0000    0    3.500   1.0000          NULL 
 56.5000    3    2.000   1.0000      triangle
 58.5000    0    1.500   1.0000          NULL 
 60.0000    2    2.000   1.0000        square
 62.0000    0    0.500   1.0000          NULL 
 62.5000    3    2.000   1.0000      triangle
 64.5000    0    1.500   1.0000          NULL 
 66.0000    1    2.000   1.0000          line
 68.0000    0    0.500   1.0000          NULL 
 68.5000    4    2.000   1.0000        circle
 70.5000    0    2.000   1.0000          NULL 
 72.5000    3    2.000   1.0000      triangle
 74.5000    0    1.000   1.0000          NULL 
 75.5000    1    2.000   1.0000          line
 77.5000    0    0.500   1.0000          NULL 
 78.0000    2    2.000   1.0000        square
 80.0000    0    2.000   1.0000          NULL 
 82.0000    4    2.000   1.0000        circle
 84.0000    0    1.500   1.0000          NULL 
 85.5000    3    2.000   1.0000      triangle
 87.5000    0    3.000   1.0000          NULL 
 90.5000    1    2.000   1.0000          line
 92.5000    0    1.000   1.0000          NULL 
 93.5000    4    2.000   1.0000        circle
 95.5000    0    1.500   1.0000          NULL 
 97.0000    1    2.000   1.0000          line
 99.0000    0    1.000   1.0000          NULL 
100.0000    4    2.000   1.0000        circle
102.0000    0    3.000   1.0000          NULL 
105.0000    3    2.000   1.0000      triangle
107.0000    0    1.000   1.0000          NULL 
108.0000    4    2.000   1.0000        circle
110.0000    0    0.500   1.0000          NULL 
110.5000    1    2.000   1.0000          line
112.5000    0    0.500   1.0000          NULL 
113.0000    1    2.000   1.0000          line
115.0000    0    2.000   1.0000          NULL 
117.0000    3    2.000   1.0000      triangle
119.0000    0    0.500   1.0000          NULL 
119.5000    4    2.000   1.0000        circle
121.5000    0    1.000   1.0000          NULL 
122.5000    1    2.000   1.0000          line
124.5000    0    0.500   1.0000          NULL 
125.0000    4    2.000   1.0000        circle
127.0000    0    4.000   1.0000          NULL 
131.0000    2    2.000   1.0000        square
133.0000    0    1.000   1.0000          NULL 
134.0000    2    2.000   1.0000        square
136.0000    0    0.500   1.0000          NULL 
136.5000    4    2.000   1.0000        circle
138.5000    0    3.000   1.0000          NULL 
141.5000    2    2.000   1.0000        square
143.5000    0    1.000   1.0000          NULL 
144.5000    1    2.000   1.0000          line
146.5000    0    0.500   1.0000          NULL 
147.0000    4    2.000   1.0000        circle
149.0000    0    1.500   1.0000          NULL 
150.5000    4    2.000   1.0000        circle
152.5000    0    3.000   1.0000          NULL 
155.5000    2    2.000   1.0000        square
157.5000    0    0.500   1.0000          NULL 
158.0000    4    2.000   1.0000        circle
160.0000    0    4.000   1.0000          NULL 
164.0000    3    2.000   1.0000      triangle
166.0000    0    1.000   1.0000          NULL 
167.0000    3    2.000   1.0000      triangle
169.0000    0    0.500   1.0000          NULL 
169.5000    1    2.000   1.0000          line
171.5000    0    2.000   1.0000          NULL 
173.5000    3    2.000   1.0000      triangle
175.5000    0    1.500   1.0000          NULL 
177.0000    3    2.000   1.0000      triangle
179.0000    0    2.500   1.0000          NULL 
181.5000    2    2.000   1.0000        square
183.5000    0    0.500   1.0000          NULL 
184.0000    3    2.000   1.0000      triangle
186.0000    0    0.500   1.0000          NULL 
186.5000    2    2.000   1.0000        square
188.5000    0    0.500   1.0000          NULL 
189.0000    3    2.000   1.0000      triangle
191.0000    0    1.000   1.0000          NULL 
192.0000    1    2.000   1.0000          line
194.0000    0    0.500   1.0000          NULL 
194.5000    4    2.000   1.0000        circle
196.5000    0    0.500   1.0000          NULL 
197.0000    2    2.000   1.0000        square
199.0000    0    1.000   1.0000          NULL 
200.0000    3    2.000   1.0000      triangle
202.0000    0    2.500   1.0000          NULL 
204.5000    4    2.000   1.0000        circle
206.5000    0    1.500   1.0000          NULL 
208.0000    1    2.000   1.0000          line
210.0000    0    1.000   1.0000          NULL 
211.0000    2    2.000   1.0000        square
213.0000    0    0.500   1.0000          NULL 
213.5000    3    2.000   1.0000      triangle
215.5000    0    1.000   1.0000          NULL 
216.5000    1    2.000   1.0000          line
218.5000    0    2.000   1.0000          NULL 
220.5000    2    2.000   1.0000        square
222.5000    0    1.000   1.0000          NULL 
223.5000    1    2.000   1.0000          line
225.5000    0    0.500   1.0000          NULL 
226.0000    4    2.000   1.0000        circle
228.0000    0    0.500   1.0000          NULL 
228.5000    4    2.000   1.0000        circle
230.5000    0    1.000   1.0000          NULL 
231.5000    2    2.000   1.0000        square
233.5000    0    1.000   1.0000          NULL 
234.5000    3    2.000   1.0000      triangle
236.5000    0    2.000   1.0000          NULL 
238.5000    2    2.000   1.0000        square
240.5000    0    1.500   1.0000          NULL 
242.0000    2    2.000   1.0000        square
244.0000    0    1.000   1.0000          NULL 
245.0000    2    2.000   1.0000        square
247.0000    0    0.500   1.0000          NULL 
247.5000    4    2.000   1.0000        circle
249.5000    0    0.500   1.0000          NULL 
250.0000    2    2.000   1.0000        square
252.0000    0    0.500   1.0000          NULL 
252.5000    1    2.000   1.0000          line
254.5000    0    1.000   1.0000          NULL 
255.5000    2    2.000   1.0000        square
257.5000    0    4.000   1.0000          NULL 
261.5000    4    2.000   1.0000        circle
263.5000    0    2.000   1.0000          NULL 
265.5000    1    2.000   1.0000          line
267.5000    0    1.000   1.0000          NULL 
268.5000    1    2.000   1.0000          line
270.5000    0    2.500   1.0000          NULL 
273.0000    3    2.000   1.0000      triangle
275.0000    0    1.000   1.0000          NULL 
276.0000    4    2.000   1.0000        circle
278.0000    0    1.000   1.0000          NULL 
279.0000    2    2.000   1.0000        square
281.0000    0    1.500   1.0000          NULL 
282.5000    4    2.000   1.0000        circle
284.5000    0    2.500   1.0000          NULL 
287.0000    4    2.000   1.0000        circle
289.0000    0    0.500   1.0000          NULL 
289.5000    4    2.000   1.0000        circle
291.5000    0    2.000   1.0000          NULL 
293.5000    1    2.000   1.0000          line
295.5000    0    0.500   1.0000          NULL 
296.0000    2    2.000   1.0000        square
298.0000    0    1.500   1.0000          NULL 
299.5000    2    2.000   1.0000        square
301.5000    0    3.500   1.0000          NULL 
305.0000    3    2.000   1.0000      triangle
307.0000    0    4.000   1.0000          NULL 
311.0000    4    2.000   1.0000        circle
313.0000    0    2.500   1.0000          NULL 
315.5000    1    2.000   1.0000          line
317.5000    0    2.500   1.0000          NULL 
320.0000    4    2.000   1.0000        circle
322.0000    0    4.000   1.0000          NULL 
326.0000    1    2.000   1.0000          line
328.0000    0    2.000   1.0000          NULL 
330.0000    1    2.000   1.0000          line
332.0000    0    3.500   1.0000          NULL 
335.5000    4    2.000   1.0000        circle
337.5000    0    0.500   1.0000          NULL 
338.0000    1    2.000   1.0000          line
340.0000    0    2.500   1.0000          NULL 
342.5000    1    2.000   1.0000          line
344.5000    0    1.000   1.0000          NULL 
345.5000    1    2.000   1.0000          line
347.5000    0    0.500   1.0000          NULL 
348.0000    1    2.000   1.0000          line
350.0000    0    1.000   1.0000          NULL 
351.0000    3    2.000   1.0000      triangle
353.0000    0    0.500   1.0000          NULL 
353.5000    4    2.000   1.0000        circle
355.5000    0    4.000   1.0000          NULL 
359.5000    2    2.000   1.0000        square
361.5000    0    0.500   1.0000          NULL 
362.0000    3    2.000   1.0000      triangle
364.0000    0    0.500   1.0000          NULL 
364.5000    1    2.000   1.0000          line
366.5000    0    1.000   1.0000          NULL 
367.5000    3    2.000   1.0000      triangle
369.5000    0    2.500   1.0000          NULL 
372.0000    2    2.000   1.0000        square
374.0000    0    1.000   1.0000          NULL 
375.0000    4    2.000   1.0000        circle
377.0000    0    2.500   1.0000          NULL 
379.5000    4    2.000   1.0000        circle
381.5000    0    1.000   1.0000          NULL 
382.5000    3    2.000   1.0000      triangle
384.5000    0    4.000   1.0000          NULL 
388.5000    2    2.000   1.0000        square
390.5000    0    1.500   1.0000          NULL 
392.0000    3    2.000   1.0000      triangle
394.0000    0    0.500   1.0000          NULL 
394.5000    3    2.000   1.0000      triangle
396.5000    0    2.500   1.0000          NULL 
399.0000    3    2.000   1.0000      triangle
401.0000    0    2.000   1.0000          NULL 
403.0000    2    2.000   1.0000        square
405.0000    0    0.500   1.0000          NULL 
405.5000    2    2.000   1.0000        square
407.5000    0    1.000   1.0000          NULL 
408.5000    3    2.000   1.0000      triangle
410.5000    0    1.000   1.0000          NULL 
411.5000    4    2.000   1.0000        circle
413.5000    0    3.500   1.0000          NULL 
417.0000    3    2.000   1.0000      triangle
419.0000    0    1.000   1.0000          NULL 
