  0.0000    3    2.000   1.0000      triangle
  2.0000    0    1.500   1.0000          NULL 
  3.5000    2    2.000   1.0000        square
  5.5000    0    3.500   1.0000          NULL 
  9.0000    3    2.000   1.0000      triangle
 11.0000    0    0.500   1.0000          NULL 
 11.5000    1    2.000   1.0000          line
 13.5000    0    0.500   1.0000          NULL 
 14.0000    4    2.000   1.0000        circle
 16.0000    0    0.500   1.0000          NULL 
 16.5000    1    2.000   1.0000          line
 18.5000    0    1.000   1.0000          NULL 
 19.5000    4    2.000   1.0000        circle
 21.5000    0    4.000   1.0000          NULL 
 25.5000    2    2.000   1.0000        square
 27.5000    0    0.500   1.0000          NULL 
 28.0000    2    2.000   1.0000        square
 30.0000    0    3.000   1.0000          NULL 
 33.0000    2    2.000   1.0000        square
 35.0000    0    3.500   1.0000          NULL 
 38.5000    1    2.000   1.0000          line
 40.5000    0    0.500   1.0000          NULL 
 41.0000    3    2.000   1.0000      triangle
 43.0000    0    0.500   1.0000          NULL 
 43.5000    1    2.000   1.0000          line
 45.5000    0    0.500   1.0000          NULL 
 46.0000    4    2.000   1.0000        circle
 48.0000    0    0.500   1.0000          NULL 
 48.5000    2    2.000   1.0000        square
 50.5000    0    1.000   1.0000          NULL 
 51.5000    1    2.000   1.0000          line
 53.5000    0    0.500   1.0000          NULL 
 54.0000    1    2.000   1.0000          line
 56.0000    0    1.000   1.0000          NULL 
 57.0000    3    2.000   1.0000      triangle
 59.0000    0    1.500   1.0000          NULL 
 60.5000    1    2.000   1.0000          line
 62.5000    0    2.000   1.0000          NULL 
 64.5000    2    2.000   1.0000        square
 66.5000    0    1.500   1.0000          NULL 
 68.0000    3    2.000   1.0000      triangle
 70.0000    0    1.500   1.0000          NULL 
 71.5000    2    2.000   1.0000        square
 73.5000    0    1.000   1.0000          NULL 
 74.5000    1    2.000   1.0000          line
 76.5000    0    2.500   1.0000          NULL 
 79.0000    4    2.000   1.0000        circle
 81.0000    0    0.500   1.0000          NULL 
 81.5000    2    2.000   1.0000        square
 83.5000    0    0.500   1.0000          NULL 
 84.0000    3    2.000   1.0000      triangle
 86.0000    0    4.000   1.0000          NULL 
 90.0000    2    2.000   1.0000        square
 92.0000    0    0.500   1.0000          NULL 
 92.5000    2    2.000   1.0000        square
 94.5000    0    1.000   1.0000          NULL 
 95.5000    3    2.000   1.0000      triangle
 97.5000    0    1.000   1.0000          NULL 
 98.5000    2    2.000   1.0000        square
100.5000    0    0.500   1.0000          NULL 
101.0000    1    2.000   1.0000          line
103.0000    0    2.500   1.0000          NULL 
105.5000    1    2.000   1.0000          line
107.5000    0    2.500   1.0000          NULL 
110.0000    2    2.000   1.0000        square
112.0000    0    1.000   1.0000          NULL 
113.0000    2    2.000   1.0000        square
115.0000    0    2.500   1.0000          NULL 
117.5000    1    2.000   1.0000          line
119.5000    0    2.500   1.0000          NULL 
122.0000    2    2.000   1.0000        square
124.0000    0    2.500   1.0000          NULL 
126.5000    3    2.000   1.0000      triangle
128.5000    0    0.500   1.0000          NULL 
129.0000    2    2.000   1.0000        square
131.0000    0    4.000   1.0000          NULL 
135.0000    1    2.000   1.0000          line
137.0000    0    2.000   1.0000          NULL 
139.0000    4    2.000   1.0000        circle
141.0000    0    0.500   1.0000          NULL 
141.5000    3    2.000   1.0000      triangle
143.5000    0    2.000   1.0000          NULL 
145.5000    3    2.000   1.0000      triangle
147.5000    0    1.000   1.0000          NULL 
148.5000    4    2.000   1.0000        circle
150.5000    0    3.000   1.0000          NULL 
153.5000    2    2.000   1.0000        square
155.5000    0    0.500   1.0000          NULL 
156.0000    4    2.000   1.0000        circle
158.0000    0    1.500   1.0000          NULL 
159.5000    4    2.000   1.0000        circle
161.5000    0    1.000   1.0000          NULL 
162.5000    2    2.000   1.0000        square
164.5000    0    1.500   1.0000          NULL 
166.0000    1    2.000   1.0000          line
168.0000    0    0.500   1.0000          NULL 
168.5000    4    2.000   1.0000        circle
170.5000    0    1.000   1.0000          NULL 
171.5000    1    2.000   1.0000          line
173.5000    0    3.000   1.0000          NULL 
176.5000    1    2.000   1.0000          line
178.5000    0    0.500   1.0000          NULL 
179.0000    2    2.000   1.0000        square
181.0000    0    2.500   1.0000          NULL 
183.5000    3    2.000   1.0000      triangle
185.5000    0    3.000   1.0000          NULL 
188.5000    2    2.000   1.0000        square
190.5000    0    1.000   1.0000          NULL 
191.5000    4    2.000   1.0000        circle
193.5000    0    1.500   1.0000          NULL 
195.0000    3    2.000   1.0000      triangle
197.0000    0    1.000   1.0000          NULL 
198.0000    2    2.000   1.0000        square
200.0000    0    3.500   1.0000          NULL 
203.5000    2    2.000   1.0000        square
205.5000    0    1.500   1.0000          NULL 
207.0000    1    2.000   1.0000          line
209.0000    0    1.500   1.0000          NULL 
210.5000    2    2.000   1.0000        square
212.5000    0    0.500   1.0000          NULL 
213.0000    4    2.000   1.0000        circle
215.0000    0    0.500   1.0000          NULL 
215.5000    3    2.000   1.0000      triangle
217.5000    0    0.500   1.0000          NULL 
218.0000    1    2.000   1.0000          line
220.0000    0    0.500   1.0000          NULL 
220.5000    1    2.000   1.0000          line
222.5000    0    2.000   1.0000          NULL 
224.5000    4    2.000   1.0000        circle
226.5000    0    2.000   1.0000          NULL 
228.5000    3    2.000   1.0000      triangle
230.5000    0    1.500   1.0000          NULL 
232.0000    2    2.000   1.0000        square
234.0000    0    0.500   1.0000          NULL 
234.5000    4    2.000   1.0000        circle
236.5000    0    1.500   1.0000          NULL 
238.0000    3    2.000   1.0000      triangle
240.0000    0    3.000   1.0000          NULL 
243.0000    1    2.000   1.0000          line
245.0000    0    1.000   1.0000          NULL 
246.0000    4    2.000   1.0000        circle
248.0000    0    2.000   1.0000          NULL 
250.0000    3    2.000   1.0000      triangle
252.0000    0    0.500   1.0000          NULL 
252.5000    3    2.000   1.0000      triangle
254.5000    0    1.000   1.0000          NULL 
255.5000    2    2.000   1.0000        square
257.5000    0    1.500   1.0000          NULL 
259.0000    2    2.000   1.0000        square
261.0000    0    0.500   1.0000          NULL 
261.5000    2    2.000   1.0000        square
263.5000    0    0.500   1.0000          NULL 
264.0000    4    2.000   1.0000        circle
266.0000    0    0.500   1.0000          NULL 
266.5000    3    2.000   1.0000      triangle
268.5000    0    3.000   1.0000          NULL 
271.5000    3    2.000   1.0000      triangle
273.5000    0    1.500   1.0000          NULL 
275.0000    4    2.000   1.0000        circle
277.0000    0    1.000   1.0000          NULL 
278.0000    2    2.000   1.0000        square
280.0000    0    3.500   1.0000          NULL 
283.5000    4    2.000   1.0000        circle
285.5000    0    3.000   1.0000          NULL 
288.5000    2    2.000   1.0000        square
290.5000    0    1.000   1.0000          NULL 
291.5000    3    2.000   1.0000      triangle
293.5000    0    1.000   1.0000          NULL 
294.5000    3    2.000   1.0000      triangle
296.5000    0    1.500   1.0000          NULL 
298.0000    1    2.000   1.0000          line
300.0000    0    1.000   1.0000          NULL 
301.0000    3    2.000   1.0000      triangle
303.0000    0    2.000   1.0000          NULL 
305.0000    2    2.000   1.0000        square
307.0000    0    0.500   1.0000          NULL 
307.5000    4    2.000   1.0000        circle
309.5000    0    0.500   1.0000          NULL 
310.0000    1    2.000   1.0000          line
312.0000    0    3.000   1.0000          NULL 
315.0000    3    2.000   1.0000      triangle
317.0000    0    1.000   1.0000          NULL 
318.0000    4    2.000   1.0000        circle
320.0000    0    0.500   1.0000          NULL 
320.5000    4    2.000   1.0000        circle
322.5000    0    3.500   1.0000          NULL 
326.0000    1    2.000   1.0000          line
328.0000    0    3.000   1.0000          NULL 
331.0000    4    2.000   1.0000        circle
333.0000    0    2.500   1.0000          NULL 
335.5000    2    2.000   1.0000        square
337.5000    0    1.500   1.0000          NULL 
339.0000    4    2.000   1.0000        circle
341.0000    0    1.000   1.0000          NULL 
342.0000    1    2.000   1.0000          line
344.0000    0    1.500   1.0000          NULL 
345.5000    4    2.000   1.0000        circle
347.5000    0    0.500   1.0000          NULL 
348.0000    4    2.000   1.0000        circle
350.0000    0    2.000   1.0000          NULL 
352.0000    4    2.000   1.0000        circle
354.0000    0    1.000   1.0000          NULL 
355.0000    3    2.000   1.0000      triangle
357.0000    0    1.500   1.0000          NULL 
358.5000    4    2.000   1.0000        circle
360.5000    0    1.500   1.0000          NULL 
362.0000    3    2.000   1.0000      triangle
364.0000    0    1.000   1.0000          NULL 
365.0000    3    2.000   1.0000      triangle
367.0000    0    1.000   1.0000          NULL 
368.0000    3    2.000   1.0000      triangle
370.0000    0    4.000   1.0000          NULL 
374.0000    3    2.000   1.0000      triangle
376.0000    0    0.500   1.0000          NULL 
376.5000    3    2.000   1.0000      triangle
378.5000    0    0.500   1.0000          NULL 
379.0000    1    2.000   1.0000          line
381.0000    0    2.500   1.0000          NULL 
383.5000    3    2.000   1.0000      triangle
385.5000    0    1.500   1.0000          NULL 
387.0000    1    2.000   1.0000          line
389.0000    0    0.500   1.0000          NULL 
389.5000    4    2.000   1.0000        circle
391.5000    0    2.000   1.0000          NULL 
393.5000    1    2.000   1.0000          line
395.5000    0    1.000   1.0000          NULL 
396.5000    1    2.000   1.0000          line
398.5000    0    2.500   1.0000          NULL 
401.0000    4    2.000   1.0000        circle
403.0000    0    1.500   1.0000          NULL 
404.5000    1    2.000   1.0000          line
406.5000    0    0.500   1.0000          NULL 
407.0000    4    2.000   1.0000        circle
409.0000    0    0.500   1.0000          NULL 
409.5000    4    2.000   1.0000        circle
411.5000    0    1.500   1.0000          NULL 
413.0000    1    2.000   1.0000          line
415.0000    0    1.000   1.0000          NULL 
416.0000    1    2.000   1.0000          line
418.0000    0    2.000   1.0000          NULL 
