  0.0000    2    2.000   1.0000        square
  2.0000    0    1.300   1.0000          NULL 
  3.3000    1    2.000   1.0000          line
  5.3000    0    1.000   1.0000          NULL 
  6.3000    2    2.000   1.0000        square
  8.3000    0    1.200   1.0000          NULL 
  9.5000    4    2.000   1.0000      triangle
 11.5000    0    1.000   1.0000          NULL 
 12.5000    3    2.000   1.0000        circle
 14.5000    0    1.000   1.0000          NULL 
 15.5000    1    2.000   1.0000          line
 17.5000    0    1.900   1.0000          NULL 
 19.4000    1    2.000   1.0000          line
 21.4000    0    1.000   1.0000          NULL 
 22.4000    1    2.000   1.0000          line
 24.4000    0    1.100   1.0000          NULL 
 25.5000    2    2.000   1.0000        square
 27.5000    0    1.900   1.0000          NULL 
 29.4000    2    2.000   1.0000        square
 31.4000    0    1.200   1.0000          NULL 
 32.6000    3    2.000   1.0000        circle
 34.6000    0    1.600   1.0000          NULL 
 36.2000    4    2.000   1.0000      triangle
 38.2000    0    1.300   1.0000          NULL 
 39.5000    4    2.000   1.0000      triangle
 41.5000    0    1.200   1.0000          NULL 
 42.7000    4    2.000   1.0000      triangle
 44.7000    0    1.100   1.0000          NULL 
 45.8000    3    2.000   1.0000        circle
 47.8000    0    1.000   1.0000          NULL 
 48.8000    3    2.000   1.0000        circle
 50.8000    0    1.000   1.0000          NULL 
 51.8000    2    2.000   1.0000        square
 53.8000    0    1.000   1.0000          NULL 
 54.8000    1    2.000   1.0000          line
 56.8000    0    1.400   1.0000          NULL 
 58.2000    1    2.000   1.0000          line
 60.2000    0    1.200   1.0000          NULL 
 61.4000    2    2.000   1.0000        square
 63.4000    0    1.100   1.0000          NULL 
 64.5000    3    2.000   1.0000        circle
 66.5000    0    1.400   1.0000          NULL 
 67.9000    4    2.000   1.0000      triangle
 69.9000    0    1.000   1.0000          NULL 
 70.9000    4    2.000   1.0000      triangle
 72.9000    0    1.400   1.0000          NULL 
 74.3000    4    2.000   1.0000      triangle
 76.3000    0    1.200   1.0000          NULL 
 77.5000    2    2.000   1.0000        square
 79.5000    0    1.600   1.0000          NULL 
 81.1000    3    2.000   1.0000        circle
 83.1000    0    1.100   1.0000          NULL 
 84.2000    2    2.000   1.0000        square
 86.2000    0    1.000   1.0000          NULL 
 87.2000    1    2.000   1.0000          line
 89.2000    0    1.000   1.0000          NULL 
 90.2000    4    2.000   1.0000      triangle
 92.2000    0    1.500   1.0000          NULL 
 93.6999    1    2.000   1.0000          line
 95.6999    0    1.000   1.0000          NULL 
 96.6999    3    2.000   1.0000        circle
 98.6999    0    1.300   1.0000          NULL 
 99.9999    2    2.000   1.0000        square
101.9999    0    1.300   1.0000          NULL 
103.2999    4    2.000   1.0000      triangle
105.2999    0    1.500   1.0000          NULL 
106.7999    2    2.000   1.0000        square
108.7999    0    1.200   1.0000          NULL 
109.9999    3    2.000   1.0000        circle
111.9999    0    1.000   1.0000          NULL 
112.9999    1    2.000   1.0000          line
114.9999    0    1.200   1.0000          NULL 
116.1999    3    2.000   1.0000        circle
118.1999    0    1.200   1.0000          NULL 
119.3999    3    2.000   1.0000        circle
121.3999    0    1.900   1.0000          NULL 
123.2999    4    2.000   1.0000      triangle
125.2999    0    1.200   1.0000          NULL 
126.4999    1    2.000   1.0000          line
128.4999    0    1.500   1.0000          NULL 
