  0.0000    4    2.000   1.0000      triangle
  2.0000    0    1.200   1.0000          NULL 
  3.2000    1    2.000   1.0000          line
  5.2000    0    1.000   1.0000          NULL 
  6.2000    4    2.000   1.0000      triangle
  8.2000    0    1.200   1.0000          NULL 
  9.4000    2    2.000   1.0000        square
 11.4000    0    1.000   1.0000          NULL 
 12.4000    2    2.000   1.0000        square
 14.4000    0    1.200   1.0000          NULL 
 15.6000    1    2.000   1.0000          line
 17.6000    0    1.300   1.0000          NULL 
 18.9000    3    2.000   1.0000        circle
 20.9000    0    1.000   1.0000          NULL 
 21.9000    1    2.000   1.0000          line
 23.9000    0    1.000   1.0000          NULL 
 24.9000    3    2.000   1.0000        circle
 26.9000    0    1.400   1.0000          NULL 
 28.3000    3    2.000   1.0000        circle
 30.3000    0    1.100   1.0000          NULL 
 31.4000    1    2.000   1.0000          line
 33.4000    0    1.200   1.0000          NULL 
 34.6000    4    2.000   1.0000      triangle
 36.6000    0    1.500   1.0000          NULL 
 38.1000    2    2.000   1.0000        square
 40.1000    0    1.500   1.0000          NULL 
 41.6000    1    2.000   1.0000          line
 43.6000    0    1.100   1.0000          NULL 
 44.7000    2    2.000   1.0000        square
 46.7000    0    1.000   1.0000          NULL 
 47.7000    1    2.000   1.0000          line
 49.7000    0    1.300   1.0000          NULL 
 51.0000    3    2.000   1.0000        circle
 53.0000    0    1.200   1.0000          NULL 
 54.2000    4    2.000   1.0000      triangle
 56.2000    0    1.500   1.0000          NULL 
 57.7000    2    2.000   1.0000        square
 59.7000    0    1.000   1.0000          NULL 
 60.7000    3    2.000   1.0000        circle
 62.7000    0    1.000   1.0000          NULL 
 63.7000    3    2.000   1.0000        circle
 65.7000    0    1.200   1.0000          NULL 
 66.9000    3    2.000   1.0000        circle
 68.9000    0    1.200   1.0000          NULL 
 70.1000    4    2.000   1.0000      triangle
 72.1000    0    1.300   1.0000          NULL 
 73.4000    4    2.000   1.0000      triangle
 75.4000    0    1.100   1.0000          NULL 
 76.5000    2    2.000   1.0000        square
 78.5000    0    1.800   1.0000          NULL 
 80.2999    1    2.000   1.0000          line
 82.2999    0    1.000   1.0000          NULL 
 83.2999    1    2.000   1.0000          line
 85.2999    0    1.000   1.0000          NULL 
 86.2999    2    2.000   1.0000        square
 88.2999    0    1.000   1.0000          NULL 
 89.2999    4    2.000   1.0000      triangle
 91.2999    0    1.900   1.0000          NULL 
 93.1999    1    2.000   1.0000          line
 95.1999    0    1.400   1.0000          NULL 
 96.5999    2    2.000   1.0000        square
 98.5999    0    1.600   1.0000          NULL 
100.1999    4    2.000   1.0000      triangle
102.1999    0    1.400   1.0000          NULL 
103.5999    4    2.000   1.0000      triangle
105.5999    0    1.000   1.0000          NULL 
106.5999    3    2.000   1.0000        circle
108.5999    0    1.900   1.0000          NULL 
110.4999    3    2.000   1.0000        circle
112.4999    0    1.100   1.0000          NULL 
113.5999    4    2.000   1.0000      triangle
115.5999    0    1.100   1.0000          NULL 
116.6999    2    2.000   1.0000        square
118.6999    0    1.000   1.0000          NULL 
119.6999    2    2.000   1.0000        square
121.6999    0    1.100   1.0000          NULL 
122.7999    3    2.000   1.0000        circle
124.7999    0    1.200   1.0000          NULL 
125.9999    1    2.000   1.0000          line
127.9999    0    2.000   1.0000          NULL 
