  0.0000    1    2.000   1.0000          line
  2.0000    0    1.000   1.0000          NULL 
  3.0000    2    2.000   1.0000        square
  5.0000    0    1.900   1.0000          NULL 
  6.9000    4    2.000   1.0000      triangle
  8.9000    0    1.200   1.0000          NULL 
 10.1000    2    2.000   1.0000        square
 12.1000    0    1.200   1.0000          NULL 
 13.3000    3    2.000   1.0000        circle
 15.3000    0    1.100   1.0000          NULL 
 16.4000    4    2.000   1.0000      triangle
 18.4000    0    1.000   1.0000          NULL 
 19.4000    2    2.000   1.0000        square
 21.4000    0    1.000   1.0000          NULL 
 22.4000    1    2.000   1.0000          line
 24.4000    0    1.300   1.0000          NULL 
 25.7000    4    2.000   1.0000      triangle
 27.7000    0    1.100   1.0000          NULL 
 28.8000    3    2.000   1.0000        circle
 30.8000    0    1.100   1.0000          NULL 
 31.9000    4    2.000   1.0000      triangle
 33.9000    0    2.000   1.0000          NULL 
 35.9000    2    2.000   1.0000        square
 37.9000    0    1.100   1.0000          NULL 
 39.0000    2    2.000   1.0000        square
 41.0000    0    1.300   1.0000          NULL 
 42.3000    4    2.000   1.0000      triangle
 44.3000    0    1.000   1.0000          NULL 
 45.3000    1    2.000   1.0000          line
 47.3000    0    1.200   1.0000          NULL 
 48.5000    2    2.000   1.0000        square
 50.5000    0    1.500   1.0000          NULL 
 52.0000    1    2.000   1.0000          line
 54.0000    0    1.000   1.0000          NULL 
 55.0000    1    2.000   1.0000          line
 57.0000    0    1.200   1.0000          NULL 
 58.2000    3    2.000   1.0000        circle
 60.2000    0    1.100   1.0000          NULL 
 61.3000    4    2.000   1.0000      triangle
 63.3000    0    1.100   1.0000          NULL 
 64.4000    4    2.000   1.0000      triangle
 66.4000    0    1.700   1.0000          NULL 
 68.1000    3    2.000   1.0000        circle
 70.1000    0    1.100   1.0000          NULL 
 71.2000    1    2.000   1.0000          line
 73.2000    0    1.700   1.0000          NULL 
 74.8999    2    2.000   1.0000        square
 76.8999    0    1.000   1.0000          NULL 
 77.8999    3    2.000   1.0000        circle
 79.8999    0    1.000   1.0000          NULL 
 80.8999    2    2.000   1.0000        square
 82.8999    0    1.300   1.0000          NULL 
 84.1999    3    2.000   1.0000        circle
 86.1999    0    1.900   1.0000          NULL 
 88.0999    3    2.000   1.0000        circle
 90.0999    0    1.300   1.0000          NULL 
 91.3999    3    2.000   1.0000        circle
 93.3999    0    1.600   1.0000          NULL 
 94.9999    1    2.000   1.0000          line
 96.9999    0    1.400   1.0000          NULL 
 98.3999    3    2.000   1.0000        circle
100.3999    0    1.000   1.0000          NULL 
101.3999    4    2.000   1.0000      triangle
103.3999    0    1.400   1.0000          NULL 
104.7999    1    2.000   1.0000          line
106.7999    0    1.500   1.0000          NULL 
108.2999    1    2.000   1.0000          line
110.2999    0    1.000   1.0000          NULL 
111.2999    3    2.000   1.0000        circle
113.2999    0    1.200   1.0000          NULL 
114.4999    2    2.000   1.0000        square
116.4999    0    1.200   1.0000          NULL 
117.6999    4    2.000   1.0000      triangle
119.6999    0    1.100   1.0000          NULL 
120.7999    1    2.000   1.0000          line
122.7999    0    1.100   1.0000          NULL 
123.8999    2    2.000   1.0000        square
125.8999    0    1.100   1.0000          NULL 
126.9999    4    2.000   1.0000      triangle
128.9999    0    1.000   1.0000          NULL 
