  0.0000    4    2.000   1.0000      triangle
  2.0000    0    1.000   1.0000          NULL 
  3.0000    2    2.000   1.0000        square
  5.0000    0    1.000   1.0000          NULL 
  6.0000    2    2.000   1.0000        square
  8.0000    0    1.300   1.0000          NULL 
  9.3000    1    2.000   1.0000          line
 11.3000    0    2.000   1.0000          NULL 
 13.3000    1    2.000   1.0000          line
 15.3000    0    1.900   1.0000          NULL 
 17.2000    2    2.000   1.0000        square
 19.2000    0    1.000   1.0000          NULL 
 20.2000    2    2.000   1.0000        square
 22.2000    0    1.500   1.0000          NULL 
 23.7000    4    2.000   1.0000      triangle
 25.7000    0    1.000   1.0000          NULL 
 26.7000    4    2.000   1.0000      triangle
 28.7000    0    1.600   1.0000          NULL 
 30.3000    1    2.000   1.0000          line
 32.3000    0    1.300   1.0000          NULL 
 33.6000    1    2.000   1.0000          line
 35.6000    0    1.000   1.0000          NULL 
 36.6000    3    2.000   1.0000        circle
 38.6000    0    1.200   1.0000          NULL 
 39.8000    2    2.000   1.0000        square
 41.8000    0    1.500   1.0000          NULL 
 43.3000    2    2.000   1.0000        square
 45.3000    0    1.200   1.0000          NULL 
 46.5000    3    2.000   1.0000        circle
 48.5000    0    1.300   1.0000          NULL 
 49.8000    3    2.000   1.0000        circle
 51.8000    0    1.100   1.0000          NULL 
 52.9000    4    2.000   1.0000      triangle
 54.9000    0    1.200   1.0000          NULL 
 56.1000    3    2.000   1.0000        circle
 58.1000    0    1.100   1.0000          NULL 
 59.2000    1    2.000   1.0000          line
 61.2000    0    1.100   1.0000          NULL 
 62.3000    2    2.000   1.0000        square
 64.3000    0    1.000   1.0000          NULL 
 65.3000    1    2.000   1.0000          line
 67.3000    0    1.100   1.0000          NULL 
 68.4000    3    2.000   1.0000        circle
 70.4000    0    1.300   1.0000          NULL 
 71.7000    3    2.000   1.0000        circle
 73.7000    0    1.000   1.0000          NULL 
 74.7000    1    2.000   1.0000          line
 76.7000    0    1.200   1.0000          NULL 
 77.9000    2    2.000   1.0000        square
 79.9000    0    1.000   1.0000          NULL 
 80.9000    3    2.000   1.0000        circle
 82.9000    0    1.000   1.0000          NULL 
 83.9000    4    2.000   1.0000      triangle
 85.9000    0    1.200   1.0000          NULL 
 87.1000    4    2.000   1.0000      triangle
 89.1000    0    1.500   1.0000          NULL 
 90.6000    1    2.000   1.0000          line
 92.6000    0    1.000   1.0000          NULL 
 93.6000    4    2.000   1.0000      triangle
 95.6000    0    1.000   1.0000          NULL 
 96.6000    1    2.000   1.0000          line
 98.6000    0    1.000   1.0000          NULL 
 99.6000    1    2.000   1.0000          line
101.6000    0    1.400   1.0000          NULL 
103.0000    3    2.000   1.0000        circle
105.0000    0    2.000   1.0000          NULL 
106.9999    4    2.000   1.0000      triangle
108.9999    0    1.100   1.0000          NULL 
110.0999    2    2.000   1.0000        square
112.0999    0    1.000   1.0000          NULL 
113.0999    4    2.000   1.0000      triangle
115.0999    0    1.400   1.0000          NULL 
116.4999    3    2.000   1.0000        circle
118.4999    0    1.000   1.0000          NULL 
119.4999    2    2.000   1.0000        square
121.4999    0    2.000   1.0000          NULL 
123.4999    4    2.000   1.0000      triangle
125.4999    0    1.300   1.0000          NULL 
126.7999    3    2.000   1.0000        circle
128.7999    0    1.200   1.0000          NULL 
