  0.0000    4    2.000   1.0000      triangle
  2.0000    0    1.000   1.0000          NULL 
  3.0000    1    2.000   1.0000          line
  5.0000    0    1.200   1.0000          NULL 
  6.2000    2    2.000   1.0000        square
  8.2000    0    1.500   1.0000          NULL 
  9.7000    1    2.000   1.0000          line
 11.7000    0    1.200   1.0000          NULL 
 12.9000    3    2.000   1.0000        circle
 14.9000    0    1.600   1.0000          NULL 
 16.5000    3    2.000   1.0000        circle
 18.5000    0    1.200   1.0000          NULL 
 19.7000    2    2.000   1.0000        square
 21.7000    0    1.100   1.0000          NULL 
 22.8000    3    2.000   1.0000        circle
 24.8000    0    1.200   1.0000          NULL 
 26.0000    1    2.000   1.0000          line
 28.0000    0    1.000   1.0000          NULL 
 29.0000    3    2.000   1.0000        circle
 31.0000    0    1.200   1.0000          NULL 
 32.2000    2    2.000   1.0000        square
 34.2000    0    1.800   1.0000          NULL 
 36.0000    3    2.000   1.0000        circle
 38.0000    0    1.000   1.0000          NULL 
 39.0000    2    2.000   1.0000        square
 41.0000    0    1.100   1.0000          NULL 
 42.1000    4    2.000   1.0000      triangle
 44.1000    0    1.300   1.0000          NULL 
 45.4000    2    2.000   1.0000        square
 47.4000    0    1.000   1.0000          NULL 
 48.4000    4    2.000   1.0000      triangle
 50.4000    0    1.100   1.0000          NULL 
 51.5000    2    2.000   1.0000        square
 53.5000    0    1.200   1.0000          NULL 
 54.7000    4    2.000   1.0000      triangle
 56.7000    0    1.000   1.0000          NULL 
 57.7000    2    2.000   1.0000        square
 59.7000    0    1.200   1.0000          NULL 
 60.9000    1    2.000   1.0000          line
 62.9000    0    1.600   1.0000          NULL 
 64.5000    3    2.000   1.0000        circle
 66.5000    0    1.100   1.0000          NULL 
 67.6000    2    2.000   1.0000        square
 69.6000    0    1.100   1.0000          NULL 
 70.7000    2    2.000   1.0000        square
 72.7000    0    1.000   1.0000          NULL 
 73.7000    1    2.000   1.0000          line
 75.7000    0    1.400   1.0000          NULL 
 77.1000    4    2.000   1.0000      triangle
 79.1000    0    1.700   1.0000          NULL 
 80.7999    1    2.000   1.0000          line
 82.7999    0    1.000   1.0000          NULL 
 83.7999    2    2.000   1.0000        square
 85.7999    0    1.900   1.0000          NULL 
 87.6999    1    2.000   1.0000          line
 89.6999    0    1.000   1.0000          NULL 
 90.6999    1    2.000   1.0000          line
 92.6999    0    1.000   1.0000          NULL 
 93.6999    3    2.000   1.0000        circle
 95.6999    0    1.000   1.0000          NULL 
 96.6999    3    2.000   1.0000        circle
 98.6999    0    1.800   1.0000          NULL 
100.4999    4    2.000   1.0000      triangle
102.4999    0    1.100   1.0000          NULL 
103.5999    3    2.000   1.0000        circle
105.5999    0    1.900   1.0000          NULL 
107.4999    1    2.000   1.0000          line
109.4999    0    1.100   1.0000          NULL 
110.5999    3    2.000   1.0000        circle
112.5999    0    1.500   1.0000          NULL 
114.0999    4    2.000   1.0000      triangle
116.0999    0    1.400   1.0000          NULL 
117.4999    4    2.000   1.0000      triangle
119.4999    0    1.300   1.0000          NULL 
120.7999    4    2.000   1.0000      triangle
122.7999    0    1.100   1.0000          NULL 
123.8999    1    2.000   1.0000          line
125.8999    0    1.100   1.0000          NULL 
126.9999    4    2.000   1.0000      triangle
128.9999    0    1.000   1.0000          NULL 
