  0.0000    3    2.000   1.0000        circle
  2.0000    0    1.000   1.0000          NULL 
  3.0000    3    2.000   1.0000        circle
  5.0000    0    1.200   1.0000          NULL 
  6.2000    4    2.000   1.0000      triangle
  8.2000    0    1.100   1.0000          NULL 
  9.3000    2    2.000   1.0000        square
 11.3000    0    1.000   1.0000          NULL 
 12.3000    2    2.000   1.0000        square
 14.3000    0    1.200   1.0000          NULL 
 15.5000    1    2.000   1.0000          line
 17.5000    0    1.300   1.0000          NULL 
 18.8000    1    2.000   1.0000          line
 20.8000    0    1.000   1.0000          NULL 
 21.8000    2    2.000   1.0000        square
 23.8000    0    1.200   1.0000          NULL 
 25.0000    3    2.000   1.0000        circle
 27.0000    0    1.200   1.0000          NULL 
 28.2000    3    2.000   1.0000        circle
 30.2000    0    1.300   1.0000          NULL 
 31.5000    2    2.000   1.0000        square
 33.5000    0    1.100   1.0000          NULL 
 34.6000    1    2.000   1.0000          line
 36.6000    0    1.000   1.0000          NULL 
 37.6000    3    2.000   1.0000        circle
 39.6000    0    1.800   1.0000          NULL 
 41.4000    3    2.000   1.0000        circle
 43.4000    0    1.000   1.0000          NULL 
 44.4000    4    2.000   1.0000      triangle
 46.4000    0    1.200   1.0000          NULL 
 47.6000    2    2.000   1.0000        square
 49.6000    0    1.300   1.0000          NULL 
 50.9000    2    2.000   1.0000        square
 52.9000    0    1.900   1.0000          NULL 
 54.8000    2    2.000   1.0000        square
 56.8000    0    1.000   1.0000          NULL 
 57.8000    3    2.000   1.0000        circle
 59.8000    0    1.200   1.0000          NULL 
 61.0000    1    2.000   1.0000          line
 63.0000    0    1.100   1.0000          NULL 
 64.1000    4    2.000   1.0000      triangle
 66.1000    0    1.500   1.0000          NULL 
 67.6000    1    2.000   1.0000          line
 69.6000    0    1.400   1.0000          NULL 
 71.0000    3    2.000   1.0000        circle
 73.0000    0    1.000   1.0000          NULL 
 74.0000    1    2.000   1.0000          line
 76.0000    0    1.400   1.0000          NULL 
 77.3999    1    2.000   1.0000          line
 79.3999    0    1.600   1.0000          NULL 
 80.9999    4    2.000   1.0000      triangle
 82.9999    0    1.200   1.0000          NULL 
 84.1999    4    2.000   1.0000      triangle
 86.1999    0    1.200   1.0000          NULL 
 87.3999    1    2.000   1.0000          line
 89.3999    0    1.300   1.0000          NULL 
 90.6999    3    2.000   1.0000        circle
 92.6999    0    1.200   1.0000          NULL 
 93.8999    2    2.000   1.0000        square
 95.8999    0    1.100   1.0000          NULL 
 96.9999    4    2.000   1.0000      triangle
 98.9999    0    1.900   1.0000          NULL 
100.8999    1    2.000   1.0000          line
102.8999    0    1.200   1.0000          NULL 
104.0999    4    2.000   1.0000      triangle
106.0999    0    1.100   1.0000          NULL 
107.1999    4    2.000   1.0000      triangle
109.1999    0    1.300   1.0000          NULL 
110.4999    4    2.000   1.0000      triangle
112.4999    0    1.000   1.0000          NULL 
113.4999    1    2.000   1.0000          line
115.4999    0    1.100   1.0000          NULL 
116.5999    4    2.000   1.0000      triangle
118.5999    0    1.400   1.0000          NULL 
119.9999    3    2.000   1.0000        circle
121.9999    0    1.100   1.0000          NULL 
123.0999    2    2.000   1.0000        square
125.0999    0    1.400   1.0000          NULL 
126.4999    2    2.000   1.0000        square
128.4999    0    1.500   1.0000          NULL 
