  0.0000    3    2.000   1.0000        circle
  2.0000    0    1.000   1.0000          NULL 
  3.0000    1    2.000   1.0000          line
  5.0000    0    1.200   1.0000          NULL 
  6.2000    3    2.000   1.0000        circle
  8.2000    0    1.400   1.0000          NULL 
  9.6000    2    2.000   1.0000        square
 11.6000    0    1.100   1.0000          NULL 
 12.7000    4    2.000   1.0000      triangle
 14.7000    0    1.200   1.0000          NULL 
 15.9000    1    2.000   1.0000          line
 17.9000    0    1.000   1.0000          NULL 
 18.9000    2    2.000   1.0000        square
 20.9000    0    1.000   1.0000          NULL 
 21.9000    4    2.000   1.0000      triangle
 23.9000    0    1.200   1.0000          NULL 
 25.1000    4    2.000   1.0000      triangle
 27.1000    0    1.900   1.0000          NULL 
 29.0000    2    2.000   1.0000        square
 31.0000    0    1.200   1.0000          NULL 
 32.2000    3    2.000   1.0000        circle
 34.2000    0    1.500   1.0000          NULL 
 35.7000    2    2.000   1.0000        square
 37.7000    0    1.400   1.0000          NULL 
 39.1000    2    2.000   1.0000        square
 41.1000    0    1.000   1.0000          NULL 
 42.1000    2    2.000   1.0000        square
 44.1000    0    1.100   1.0000          NULL 
 45.2000    4    2.000   1.0000      triangle
 47.2000    0    1.600   1.0000          NULL 
 48.8000    1    2.000   1.0000          line
 50.8000    0    1.300   1.0000          NULL 
 52.1000    4    2.000   1.0000      triangle
 54.1000    0    1.400   1.0000          NULL 
 55.5000    2    2.000   1.0000        square
 57.5000    0    1.200   1.0000          NULL 
 58.7000    3    2.000   1.0000        circle
 60.7000    0    1.000   1.0000          NULL 
 61.7000    3    2.000   1.0000        circle
 63.7000    0    2.000   1.0000          NULL 
 65.7000    1    2.000   1.0000          line
 67.7000    0    1.100   1.0000          NULL 
 68.7999    2    2.000   1.0000        square
 70.7999    0    1.300   1.0000          NULL 
 72.0999    4    2.000   1.0000      triangle
 74.0999    0    1.000   1.0000          NULL 
 75.0999    4    2.000   1.0000      triangle
 77.0999    0    1.200   1.0000          NULL 
 78.2999    2    2.000   1.0000        square
 80.2999    0    1.100   1.0000          NULL 
 81.3999    2    2.000   1.0000        square
 83.3999    0    1.700   1.0000          NULL 
 85.0999    4    2.000   1.0000      triangle
 87.0999    0    1.100   1.0000          NULL 
 88.1999    1    2.000   1.0000          line
 90.1999    0    1.300   1.0000          NULL 
 91.4999    1    2.000   1.0000          line
 93.4999    0    1.000   1.0000          NULL 
 94.4999    3    2.000   1.0000        circle
 96.4999    0    1.300   1.0000          NULL 
 97.7999    3    2.000   1.0000        circle
 99.7999    0    1.200   1.0000          NULL 
100.9999    1    2.000   1.0000          line
102.9999    0    1.000   1.0000          NULL 
103.9999    1    2.000   1.0000          line
105.9999    0    1.100   1.0000          NULL 
107.0999    1    2.000   1.0000          line
109.0999    0    1.100   1.0000          NULL 
110.1999    3    2.000   1.0000        circle
112.1999    0    1.300   1.0000          NULL 
113.4999    1    2.000   1.0000          line
115.4999    0    1.100   1.0000          NULL 
116.5999    4    2.000   1.0000      triangle
118.5999    0    1.400   1.0000          NULL 
119.9999    3    2.000   1.0000        circle
121.9999    0    1.200   1.0000          NULL 
123.1999    3    2.000   1.0000        circle
125.1999    0    1.000   1.0000          NULL 
126.1999    4    2.000   1.0000      triangle
128.1999    0    1.800   1.0000          NULL 
