  0.0000    3    2.000   1.0000      triangle
  2.0000    0    1.000   1.0000          NULL 
  3.0000    2    2.000   1.0000        square
  5.0000    0    1.500   1.0000          NULL 
  6.5000    3    2.000   1.0000      triangle
  8.5000    0    1.000   1.0000          NULL 
  9.5000    4    2.000   1.0000        circle
 11.5000    0    0.500   1.0000          NULL 
 12.0000    1    2.000   1.0000          line
 14.0000    0    2.500   1.0000          NULL 
 16.5000    1    2.000   1.0000          line
 18.5000    0    3.500   1.0000          NULL 
 22.0000    3    2.000   1.0000      triangle
 24.0000    0    2.000   1.0000          NULL 
 26.0000    1    2.000   1.0000          line
 28.0000    0    0.500   1.0000          NULL 
 28.5000    1    2.000   1.0000          line
 30.5000    0    1.500   1.0000          NULL 
 32.0000    2    2.000   1.0000        square
 34.0000    0    2.500   1.0000          NULL 
 36.5000    3    2.000   1.0000      triangle
 38.5000    0    0.500   1.0000          NULL 
 39.0000    3    2.000   1.0000      triangle
 41.0000    0    1.000   1.0000          NULL 
 42.0000    2    2.000   1.0000        square
 44.0000    0    0.500   1.0000          NULL 
 44.5000    1    2.000   1.0000          line
 46.5000    0    0.500   1.0000          NULL 
 47.0000    1    2.000   1.0000          line
 49.0000    0    0.500   1.0000          NULL 
 49.5000    4    2.000   1.0000        circle
 51.5000    0    1.000   1.0000          NULL 
 52.5000    2    2.000   1.0000        square
 54.5000    0    0.500   1.0000          NULL 
 55.0000    1    2.000   1.0000          line
 57.0000    0    2.000   1.0000          NULL 
 59.0000    2    2.000   1.0000        square
 61.0000    0    3.000   1.0000          NULL 
 64.0000    1    2.000   1.0000          line
 66.0000    0    0.500   1.0000          NULL 
 66.5000    2    2.000   1.0000        square
 68.5000    0    1.000   1.0000          NULL 
 69.5000    2    2.000   1.0000        square
 71.5000    0    4.000   1.0000          NULL 
 75.5000    4    2.000   1.0000        circle
 77.5000    0    0.500   1.0000          NULL 
 78.0000    1    2.000   1.0000          line
 80.0000    0    2.500   1.0000          NULL 
 82.5000    2    2.000   1.0000        square
 84.5000    0    1.500   1.0000          NULL 
 86.0000    1    2.000   1.0000          line
 88.0000    0    2.500   1.0000          NULL 
 90.5000    4    2.000   1.0000        circle
 92.5000    0    1.000   1.0000          NULL 
 93.5000    3    2.000   1.0000      triangle
 95.5000    0    0.500   1.0000          NULL 
 96.0000    3    2.000   1.0000      triangle
 98.0000    0    2.000   1.0000          NULL 
100.0000    3    2.000   1.0000      triangle
102.0000    0    1.000   1.0000          NULL 
103.0000    3    2.000   1.0000      triangle
105.0000    0    2.000   1.0000          NULL 
107.0000    1    2.000   1.0000          line
109.0000    0    1.000   1.0000          NULL 
110.0000    2    2.000   1.0000        square
112.0000    0    1.500   1.0000          NULL 
113.5000    3    2.000   1.0000      triangle
115.5000    0    2.500   1.0000          NULL 
118.0000    1    2.000   1.0000          line
120.0000    0    1.000   1.0000          NULL 
121.0000    4    2.000   1.0000        circle
123.0000    0    2.000   1.0000          NULL 
125.0000    1    2.000   1.0000          line
127.0000    0    2.000   1.0000          NULL 
129.0000    3    2.000   1.0000      triangle
131.0000    0    2.000   1.0000          NULL 
133.0000    3    2.000   1.0000      triangle
135.0000    0    3.500   1.0000          NULL 
138.5000    4    2.000   1.0000        circle
140.5000    0    1.500   1.0000          NULL 
142.0000    3    2.000   1.0000      triangle
144.0000    0    3.000   1.0000          NULL 
147.0000    1    2.000   1.0000          line
149.0000    0    3.000   1.0000          NULL 
152.0000    4    2.000   1.0000        circle
154.0000    0    1.000   1.0000          NULL 
155.0000    2    2.000   1.0000        square
157.0000    0    3.500   1.0000          NULL 
160.5000    2    2.000   1.0000        square
162.5000    0    3.000   1.0000          NULL 
165.5000    2    2.000   1.0000        square
167.5000    0    1.000   1.0000          NULL 
168.5000    3    2.000   1.0000      triangle
170.5000    0    1.000   1.0000          NULL 
171.5000    1    2.000   1.0000          line
173.5000    0    0.500   1.0000          NULL 
174.0000    1    2.000   1.0000          line
176.0000    0    0.500   1.0000          NULL 
176.5000    3    2.000   1.0000      triangle
178.5000    0    2.000   1.0000          NULL 
180.5000    3    2.000   1.0000      triangle
182.5000    0    2.000   1.0000          NULL 
184.5000    3    2.000   1.0000      triangle
186.5000    0    0.500   1.0000          NULL 
187.0000    4    2.000   1.0000        circle
189.0000    0    1.500   1.0000          NULL 
190.5000    4    2.000   1.0000        circle
192.5000    0    2.000   1.0000          NULL 
194.5000    1    2.000   1.0000          line
196.5000    0    4.000   1.0000          NULL 
200.5000    3    2.000   1.0000      triangle
202.5000    0    0.500   1.0000          NULL 
203.0000    4    2.000   1.0000        circle
205.0000    0    2.000   1.0000          NULL 
207.0000    3    2.000   1.0000      triangle
209.0000    0    0.500   1.0000          NULL 
209.5000    4    2.000   1.0000        circle
211.5000    0    1.000   1.0000          NULL 
212.5000    3    2.000   1.0000      triangle
214.5000    0    0.500   1.0000          NULL 
215.0000    4    2.000   1.0000        circle
217.0000    0    0.500   1.0000          NULL 
217.5000    2    2.000   1.0000        square
219.5000    0    2.500   1.0000          NULL 
222.0000    4    2.000   1.0000        circle
224.0000    0    2.500   1.0000          NULL 
226.5000    1    2.000   1.0000          line
228.5000    0    0.500   1.0000          NULL 
229.0000    3    2.000   1.0000      triangle
231.0000    0    1.500   1.0000          NULL 
232.5000    4    2.000   1.0000        circle
234.5000    0    0.500   1.0000          NULL 
235.0000    4    2.000   1.0000        circle
237.0000    0    1.000   1.0000          NULL 
238.0000    1    2.000   1.0000          line
240.0000    0    0.500   1.0000          NULL 
240.5000    4    2.000   1.0000        circle
242.5000    0    1.000   1.0000          NULL 
243.5000    1    2.000   1.0000          line
245.5000    0    2.500   1.0000          NULL 
248.0000    1    2.000   1.0000          line
250.0000    0    1.500   1.0000          NULL 
251.5000    1    2.000   1.0000          line
253.5000    0    1.000   1.0000          NULL 
254.5000    2    2.000   1.0000        square
256.5000    0    0.500   1.0000          NULL 
257.0000    3    2.000   1.0000      triangle
259.0000    0    1.500   1.0000          NULL 
260.5000    2    2.000   1.0000        square
262.5000    0    1.000   1.0000          NULL 
263.5000    3    2.000   1.0000      triangle
265.5000    0    2.000   1.0000          NULL 
267.5000    4    2.000   1.0000        circle
269.5000    0    1.000   1.0000          NULL 
270.5000    1    2.000   1.0000          line
272.5000    0    0.500   1.0000          NULL 
273.0000    4    2.000   1.0000        circle
275.0000    0    2.000   1.0000          NULL 
277.0000    2    2.000   1.0000        square
279.0000    0    2.500   1.0000          NULL 
281.5000    4    2.000   1.0000        circle
283.5000    0    0.500   1.0000          NULL 
284.0000    1    2.000   1.0000          line
286.0000    0    1.000   1.0000          NULL 
287.0000    4    2.000   1.0000        circle
289.0000    0    2.500   1.0000          NULL 
291.5000    2    2.000   1.0000        square
293.5000    0    4.000   1.0000          NULL 
297.5000    4    2.000   1.0000        circle
299.5000    0    1.500   1.0000          NULL 
301.0000    2    2.000   1.0000        square
303.0000    0    0.500   1.0000          NULL 
303.5000    2    2.000   1.0000        square
305.5000    0    1.000   1.0000          NULL 
306.5000    2    2.000   1.0000        square
308.5000    0    1.500   1.0000          NULL 
310.0000    2    2.000   1.0000        square
312.0000    0    0.500   1.0000          NULL 
312.5000    3    2.000   1.0000      triangle
314.5000    0    1.000   1.0000          NULL 
315.5000    2    2.000   1.0000        square
317.5000    0    1.500   1.0000          NULL 
319.0000    1    2.000   1.0000          line
321.0000    0    0.500   1.0000          NULL 
321.5000    3    2.000   1.0000      triangle
323.5000    0    2.000   1.0000          NULL 
325.5000    4    2.000   1.0000        circle
327.5000    0    2.500   1.0000          NULL 
330.0000    1    2.000   1.0000          line
332.0000    0    2.000   1.0000          NULL 
334.0000    2    2.000   1.0000        square
336.0000    0    0.500   1.0000          NULL 
336.5000    3    2.000   1.0000      triangle
338.5000    0    0.500   1.0000          NULL 
339.0000    1    2.000   1.0000          line
341.0000    0    1.500   1.0000          NULL 
342.5000    4    2.000   1.0000        circle
344.5000    0    1.500   1.0000          NULL 
346.0000    2    2.000   1.0000        square
348.0000    0    1.500   1.0000          NULL 
349.5000    1    2.000   1.0000          line
351.5000    0    3.500   1.0000          NULL 
355.0000    1    2.000   1.0000          line
357.0000    0    0.500   1.0000          NULL 
357.5000    4    2.000   1.0000        circle
359.5000    0    1.500   1.0000          NULL 
361.0000    2    2.000   1.0000        square
363.0000    0    1.000   1.0000          NULL 
364.0000    3    2.000   1.0000      triangle
366.0000    0    1.500   1.0000          NULL 
367.5000    1    2.000   1.0000          line
369.5000    0    1.000   1.0000          NULL 
370.5000    4    2.000   1.0000        circle
372.5000    0    3.000   1.0000          NULL 
375.5000    2    2.000   1.0000        square
377.5000    0    2.500   1.0000          NULL 
380.0000    2    2.000   1.0000        square
382.0000    0    3.000   1.0000          NULL 
385.0000    2    2.000   1.0000        square
387.0000    0    0.500   1.0000          NULL 
387.5000    3    2.000   1.0000      triangle
389.5000    0    0.500   1.0000          NULL 
390.0000    4    2.000   1.0000        circle
392.0000    0    1.000   1.0000          NULL 
393.0000    4    2.000   1.0000        circle
395.0000    0    2.000   1.0000          NULL 
397.0000    4    2.000   1.0000        circle
399.0000    0    0.500   1.0000          NULL 
399.5000    3    2.000   1.0000      triangle
401.5000    0    1.500   1.0000          NULL 
403.0000    3    2.000   1.0000      triangle
405.0000    0    1.000   1.0000          NULL 
406.0000    2    2.000   1.0000        square
408.0000    0    0.500   1.0000          NULL 
408.5000    4    2.000   1.0000        circle
410.5000    0    3.000   1.0000          NULL 
413.5000    2    2.000   1.0000        square
415.5000    0    2.000   1.0000          NULL 
417.5000    4    2.000   1.0000        circle
419.5000    0    0.500   1.0000          NULL 
