  0.0000    2    2.000   1.0000        square
  2.0000    0    1.100   1.0000          NULL 
  3.1000    1    2.000   1.0000          line
  5.1000    0    2.000   1.0000          NULL 
  7.1000    1    2.000   1.0000          line
  9.1000    0    1.000   1.0000          NULL 
 10.1000    4    2.000   1.0000      triangle
 12.1000    0    2.000   1.0000          NULL 
 14.1000    3    2.000   1.0000        circle
 16.1000    0    1.100   1.0000          NULL 
 17.2000    4    2.000   1.0000      triangle
 19.2000    0    1.100   1.0000          NULL 
 20.3000    3    2.000   1.0000        circle
 22.3000    0    1.500   1.0000          NULL 
 23.8000    4    2.000   1.0000      triangle
 25.8000    0    1.000   1.0000          NULL 
 26.8000    3    2.000   1.0000        circle
 28.8000    0    1.500   1.0000          NULL 
 30.3000    2    2.000   1.0000        square
 32.3000    0    1.200   1.0000          NULL 
 33.5000    1    2.000   1.0000          line
 35.5000    0    1.200   1.0000          NULL 
 36.7000    4    2.000   1.0000      triangle
 38.7000    0    1.900   1.0000          NULL 
 40.6000    1    2.000   1.0000          line
 42.6000    0    1.300   1.0000          NULL 
 43.9000    2    2.000   1.0000        square
 45.9000    0    1.100   1.0000          NULL 
 47.0000    2    2.000   1.0000        square
 49.0000    0    1.700   1.0000          NULL 
 50.7000    2    2.000   1.0000        square
 52.7000    0    1.200   1.0000          NULL 
 53.9000    3    2.000   1.0000        circle
 55.9000    0    1.000   1.0000          NULL 
 56.9000    3    2.000   1.0000        circle
 58.9000    0    1.000   1.0000          NULL 
 59.9000    4    2.000   1.0000      triangle
 61.9000    0    1.600   1.0000          NULL 
 63.5000    4    2.000   1.0000      triangle
 65.5000    0    1.400   1.0000          NULL 
 66.8999    2    2.000   1.0000        square
 68.8999    0    1.900   1.0000          NULL 
 70.7999    4    2.000   1.0000      triangle
 72.7999    0    1.000   1.0000          NULL 
 73.7999    3    2.000   1.0000        circle
 75.7999    0    1.000   1.0000          NULL 
 76.7999    1    2.000   1.0000          line
 78.7999    0    1.200   1.0000          NULL 
 79.9999    4    2.000   1.0000      triangle
 81.9999    0    1.300   1.0000          NULL 
 83.2999    1    2.000   1.0000          line
 85.2999    0    1.100   1.0000          NULL 
 86.3999    1    2.000   1.0000          line
 88.3999    0    1.000   1.0000          NULL 
 89.3999    4    2.000   1.0000      triangle
 91.3999    0    1.000   1.0000          NULL 
 92.3999    2    2.000   1.0000        square
 94.3999    0    1.300   1.0000          NULL 
 95.6999    2    2.000   1.0000        square
 97.6999    0    1.000   1.0000          NULL 
 98.6999    2    2.000   1.0000        square
100.6999    0    1.000   1.0000          NULL 
101.6999    1    2.000   1.0000          line
103.6999    0    1.100   1.0000          NULL 
104.7999    3    2.000   1.0000        circle
106.7999    0    1.100   1.0000          NULL 
107.8999    1    2.000   1.0000          line
109.8999    0    1.000   1.0000          NULL 
110.8999    3    2.000   1.0000        circle
112.8999    0    1.100   1.0000          NULL 
113.9999    2    2.000   1.0000        square
115.9999    0    1.300   1.0000          NULL 
117.2999    3    2.000   1.0000        circle
119.2999    0    1.000   1.0000          NULL 
120.2999    4    2.000   1.0000      triangle
122.2999    0    1.600   1.0000          NULL 
123.8999    3    2.000   1.0000        circle
125.8999    0    1.000   1.0000          NULL 
126.8999    1    2.000   1.0000          line
128.8999    0    1.100   1.0000          NULL 
