  0.0000    1    2.000   1.0000          line
  2.0000    0    1.000   1.0000          NULL 
  3.0000    2    2.000   1.0000        square
  5.0000    0    1.700   1.0000          NULL 
  6.7000    3    2.000   1.0000        circle
  8.7000    0    1.000   1.0000          NULL 
  9.7000    2    2.000   1.0000        square
 11.7000    0    1.100   1.0000          NULL 
 12.8000    1    2.000   1.0000          line
 14.8000    0    1.400   1.0000          NULL 
 16.2000    1    2.000   1.0000          line
 18.2000    0    1.000   1.0000          NULL 
 19.2000    3    2.000   1.0000        circle
 21.2000    0    1.000   1.0000          NULL 
 22.2000    4    2.000   1.0000      triangle
 24.2000    0    1.000   1.0000          NULL 
 25.2000    1    2.000   1.0000          line
 27.2000    0    2.000   1.0000          NULL 
 29.2000    2    2.000   1.0000        square
 31.2000    0    1.100   1.0000          NULL 
 32.3000    3    2.000   1.0000        circle
 34.3000    0    1.600   1.0000          NULL 
 35.9000    1    2.000   1.0000          line
 37.9000    0    1.000   1.0000          NULL 
 38.9000    4    2.000   1.0000      triangle
 40.9000    0    1.000   1.0000          NULL 
 41.9000    2    2.000   1.0000        square
 43.9000    0    1.000   1.0000          NULL 
 44.9000    3    2.000   1.0000        circle
 46.9000    0    1.000   1.0000          NULL 
 47.9000    3    2.000   1.0000        circle
 49.9000    0    1.600   1.0000          NULL 
 51.5000    3    2.000   1.0000        circle
 53.5000    0    1.100   1.0000          NULL 
 54.6000    2    2.000   1.0000        square
 56.6000    0    1.000   1.0000          NULL 
 57.6000    2    2.000   1.0000        square
 59.6000    0    1.300   1.0000          NULL 
 60.9000    3    2.000   1.0000        circle
 62.9000    0    1.400   1.0000          NULL 
 64.3000    4    2.000   1.0000      triangle
 66.3000    0    1.800   1.0000          NULL 
 68.1000    2    2.000   1.0000        square
 70.1000    0    1.100   1.0000          NULL 
 71.2000    1    2.000   1.0000          line
 73.2000    0    1.100   1.0000          NULL 
 74.3000    4    2.000   1.0000      triangle
 76.3000    0    1.300   1.0000          NULL 
 77.6000    1    2.000   1.0000          line
 79.6000    0    1.600   1.0000          NULL 
 81.1999    2    2.000   1.0000        square
 83.1999    0    1.000   1.0000          NULL 
 84.1999    4    2.000   1.0000      triangle
 86.1999    0    1.100   1.0000          NULL 
 87.2999    4    2.000   1.0000      triangle
 89.2999    0    1.700   1.0000          NULL 
 90.9999    3    2.000   1.0000        circle
 92.9999    0    1.000   1.0000          NULL 
 93.9999    1    2.000   1.0000          line
 95.9999    0    1.500   1.0000          NULL 
 97.4999    4    2.000   1.0000      triangle
 99.4999    0    1.200   1.0000          NULL 
100.6999    4    2.000   1.0000      triangle
102.6999    0    1.000   1.0000          NULL 
103.6999    3    2.000   1.0000        circle
105.6999    0    1.200   1.0000          NULL 
106.8999    1    2.000   1.0000          line
108.8999    0    1.000   1.0000          NULL 
109.8999    4    2.000   1.0000      triangle
111.8999    0    1.500   1.0000          NULL 
113.3999    1    2.000   1.0000          line
115.3999    0    1.400   1.0000          NULL 
116.7999    2    2.000   1.0000        square
118.7999    0    1.300   1.0000          NULL 
120.0999    4    2.000   1.0000      triangle
122.0999    0    1.300   1.0000          NULL 
123.3999    3    2.000   1.0000        circle
125.3999    0    1.600   1.0000          NULL 
126.9999    2    2.000   1.0000        square
128.9999    0    1.000   1.0000          NULL 
