  0.0000    1    2.000   1.0000          line
  2.0000    0    1.500   1.0000          NULL 
  3.5000    2    2.000   1.0000        square
  5.5000    0    1.000   1.0000          NULL 
  6.5000    1    2.000   1.0000          line
  8.5000    0    0.500   1.0000          NULL 
  9.0000    3    2.000   1.0000      triangle
 11.0000    0    1.000   1.0000          NULL 
 12.0000    1    2.000   1.0000          line
 14.0000    0    4.000   1.0000          NULL 
 18.0000    2    2.000   1.0000        square
 20.0000    0    3.000   1.0000          NULL 
 23.0000    2    2.000   1.0000        square
 25.0000    0    0.500   1.0000          NULL 
 25.5000    1    2.000   1.0000          line
 27.5000    0    0.500   1.0000          NULL 
 28.0000    2    2.000   1.0000        square
 30.0000    0    1.000   1.0000          NULL 
 31.0000    4    2.000   1.0000        circle
 33.0000    0    1.000   1.0000          NULL 
 34.0000    2    2.000   1.0000        square
 36.0000    0    0.500   1.0000          NULL 
 36.5000    3    2.000   1.0000      triangle
 38.5000    0    0.500   1.0000          NULL 
 39.0000    4    2.000   1.0000        circle
 41.0000    0    2.500   1.0000          NULL 
 43.5000    1    2.000   1.0000          line
 45.5000    0    0.500   1.0000          NULL 
 46.0000    3    2.000   1.0000      triangle
 48.0000    0    0.500   1.0000          NULL 
 48.5000    1    2.000   1.0000          line
 50.5000    0    1.500   1.0000          NULL 
 52.0000    4    2.000   1.0000        circle
 54.0000    0    0.500   1.0000          NULL 
 54.5000    3    2.000   1.0000      triangle
 56.5000    0    0.500   1.0000          NULL 
 57.0000    2    2.000   1.0000        square
 59.0000    0    2.500   1.0000          NULL 
 61.5000    4    2.000   1.0000        circle
 63.5000    0    0.500   1.0000          NULL 
 64.0000    4    2.000   1.0000        circle
 66.0000    0    0.500   1.0000          NULL 
 66.5000    1    2.000   1.0000          line
 68.5000    0    1.000   1.0000          NULL 
 69.5000    4    2.000   1.0000        circle
 71.5000    0    1.500   1.0000          NULL 
 73.0000    2    2.000   1.0000        square
 75.0000    0    2.500   1.0000          NULL 
 77.5000    2    2.000   1.0000        square
 79.5000    0    1.500   1.0000          NULL 
 81.0000    2    2.000   1.0000        square
 83.0000    0    1.000   1.0000          NULL 
 84.0000    3    2.000   1.0000      triangle
 86.0000    0    1.000   1.0000          NULL 
 87.0000    1    2.000   1.0000          line
 89.0000    0    1.500   1.0000          NULL 
 90.5000    1    2.000   1.0000          line
 92.5000    0    2.000   1.0000          NULL 
 94.5000    4    2.000   1.0000        circle
 96.5000    0    1.000   1.0000          NULL 
 97.5000    4    2.000   1.0000        circle
 99.5000    0    1.000   1.0000          NULL 
100.5000    4    2.000   1.0000        circle
102.5000    0    2.000   1.0000          NULL 
104.5000    4    2.000   1.0000        circle
106.5000    0    1.500   1.0000          NULL 
108.0000    1    2.000   1.0000          line
110.0000    0    4.000   1.0000          NULL 
114.0000    2    2.000   1.0000        square
116.0000    0    1.000   1.0000          NULL 
117.0000    4    2.000   1.0000        circle
119.0000    0    3.000   1.0000          NULL 
122.0000    1    2.000   1.0000          line
124.0000    0    3.500   1.0000          NULL 
127.5000    1    2.000   1.0000          line
129.5000    0    3.500   1.0000          NULL 
133.0000    2    2.000   1.0000        square
135.0000    0    2.000   1.0000          NULL 
137.0000    1    2.000   1.0000          line
139.0000    0    1.000   1.0000          NULL 
140.0000    3    2.000   1.0000      triangle
142.0000    0    3.500   1.0000          NULL 
145.5000    2    2.000   1.0000        square
147.5000    0    1.000   1.0000          NULL 
148.5000    4    2.000   1.0000        circle
150.5000    0    1.500   1.0000          NULL 
152.0000    2    2.000   1.0000        square
154.0000    0    2.500   1.0000          NULL 
156.5000    1    2.000   1.0000          line
158.5000    0    2.000   1.0000          NULL 
160.5000    1    2.000   1.0000          line
162.5000    0    0.500   1.0000          NULL 
163.0000    3    2.000   1.0000      triangle
165.0000    0    0.500   1.0000          NULL 
165.5000    2    2.000   1.0000        square
167.5000    0    1.500   1.0000          NULL 
169.0000    1    2.000   1.0000          line
171.0000    0    3.500   1.0000          NULL 
174.5000    3    2.000   1.0000      triangle
176.5000    0    1.500   1.0000          NULL 
178.0000    1    2.000   1.0000          line
180.0000    0    0.500   1.0000          NULL 
180.5000    3    2.000   1.0000      triangle
182.5000    0    1.500   1.0000          NULL 
184.0000    1    2.000   1.0000          line
186.0000    0    0.500   1.0000          NULL 
186.5000    1    2.000   1.0000          line
188.5000    0    0.500   1.0000          NULL 
189.0000    4    2.000   1.0000        circle
191.0000    0    2.500   1.0000          NULL 
193.5000    4    2.000   1.0000        circle
195.5000    0    1.000   1.0000          NULL 
196.5000    4    2.000   1.0000        circle
198.5000    0    2.000   1.0000          NULL 
200.5000    4    2.000   1.0000        circle
202.5000    0    1.500   1.0000          NULL 
204.0000    4    2.000   1.0000        circle
206.0000    0    2.000   1.0000          NULL 
208.0000    3    2.000   1.0000      triangle
210.0000    0    2.500   1.0000          NULL 
212.5000    1    2.000   1.0000          line
214.5000    0    0.500   1.0000          NULL 
215.0000    3    2.000   1.0000      triangle
217.0000    0    2.000   1.0000          NULL 
219.0000    1    2.000   1.0000          line
221.0000    0    1.500   1.0000          NULL 
222.5000    2    2.000   1.0000        square
224.5000    0    1.000   1.0000          NULL 
225.5000    2    2.000   1.0000        square
227.5000    0    3.000   1.0000          NULL 
230.5000    2    2.000   1.0000        square
232.5000    0    1.500   1.0000          NULL 
234.0000    2    2.000   1.0000        square
236.0000    0    1.000   1.0000          NULL 
237.0000    1    2.000   1.0000          line
239.0000    0    0.500   1.0000          NULL 
239.5000    1    2.000   1.0000          line
241.5000    0    1.500   1.0000          NULL 
243.0000    4    2.000   1.0000        circle
245.0000    0    2.000   1.0000          NULL 
247.0000    3    2.000   1.0000      triangle
249.0000    0    2.000   1.0000          NULL 
251.0000    4    2.000   1.0000        circle
253.0000    0    1.000   1.0000          NULL 
254.0000    1    2.000   1.0000          line
256.0000    0    1.000   1.0000          NULL 
257.0000    3    2.000   1.0000      triangle
259.0000    0    4.000   1.0000          NULL 
263.0000    4    2.000   1.0000        circle
265.0000    0    2.500   1.0000          NULL 
267.5000    3    2.000   1.0000      triangle
269.5000    0    1.500   1.0000          NULL 
271.0000    2    2.000   1.0000        square
273.0000    0    0.500   1.0000          NULL 
273.5000    2    2.000   1.0000        square
275.5000    0    3.500   1.0000          NULL 
279.0000    3    2.000   1.0000      triangle
281.0000    0    0.500   1.0000          NULL 
281.5000    3    2.000   1.0000      triangle
283.5000    0    0.500   1.0000          NULL 
284.0000    2    2.000   1.0000        square
286.0000    0    0.500   1.0000          NULL 
286.5000    3    2.000   1.0000      triangle
288.5000    0    2.500   1.0000          NULL 
291.0000    1    2.000   1.0000          line
293.0000    0    0.500   1.0000          NULL 
293.5000    4    2.000   1.0000        circle
295.5000    0    4.000   1.0000          NULL 
299.5000    4    2.000   1.0000        circle
301.5000    0    0.500   1.0000          NULL 
302.0000    3    2.000   1.0000      triangle
304.0000    0    1.500   1.0000          NULL 
305.5000    4    2.000   1.0000        circle
307.5000    0    1.000   1.0000          NULL 
308.5000    3    2.000   1.0000      triangle
310.5000    0    1.500   1.0000          NULL 
312.0000    3    2.000   1.0000      triangle
314.0000    0    2.000   1.0000          NULL 
316.0000    3    2.000   1.0000      triangle
318.0000    0    4.000   1.0000          NULL 
322.0000    1    2.000   1.0000          line
324.0000    0    0.500   1.0000          NULL 
324.5000    1    2.000   1.0000          line
326.5000    0    1.500   1.0000          NULL 
328.0000    3    2.000   1.0000      triangle
330.0000    0    0.500   1.0000          NULL 
330.5000    4    2.000   1.0000        circle
332.5000    0    1.000   1.0000          NULL 
333.5000    3    2.000   1.0000      triangle
335.5000    0    2.000   1.0000          NULL 
337.5000    3    2.000   1.0000      triangle
339.5000    0    0.500   1.0000          NULL 
340.0000    4    2.000   1.0000        circle
342.0000    0    1.000   1.0000          NULL 
343.0000    3    2.000   1.0000      triangle
345.0000    0    0.500   1.0000          NULL 
345.5000    1    2.000   1.0000          line
347.5000    0    2.500   1.0000          NULL 
350.0000    2    2.000   1.0000        square
352.0000    0    1.500   1.0000          NULL 
353.5000    3    2.000   1.0000      triangle
355.5000    0    1.000   1.0000          NULL 
356.5000    2    2.000   1.0000        square
358.5000    0    0.500   1.0000          NULL 
359.0000    2    2.000   1.0000        square
361.0000    0    1.000   1.0000          NULL 
362.0000    4    2.000   1.0000        circle
364.0000    0    0.500   1.0000          NULL 
364.5000    4    2.000   1.0000        circle
366.5000    0    2.000   1.0000          NULL 
368.5000    2    2.000   1.0000        square
370.5000    0    0.500   1.0000          NULL 
371.0000    3    2.000   1.0000      triangle
373.0000    0    2.000   1.0000          NULL 
375.0000    1    2.000   1.0000          line
377.0000    0    2.000   1.0000          NULL 
379.0000    2    2.000   1.0000        square
381.0000    0    0.500   1.0000          NULL 
381.5000    4    2.000   1.0000        circle
383.5000    0    3.500   1.0000          NULL 
387.0000    2    2.000   1.0000        square
389.0000    0    1.000   1.0000          NULL 
390.0000    4    2.000   1.0000        circle
392.0000    0    1.000   1.0000          NULL 
393.0000    3    2.000   1.0000      triangle
395.0000    0    0.500   1.0000          NULL 
395.5000    2    2.000   1.0000        square
397.5000    0    2.000   1.0000          NULL 
399.5000    1    2.000   1.0000          line
401.5000    0    3.000   1.0000          NULL 
404.5000    2    2.000   1.0000        square
406.5000    0    1.500   1.0000          NULL 
408.0000    3    2.000   1.0000      triangle
410.0000    0    2.000   1.0000          NULL 
412.0000    3    2.000   1.0000      triangle
414.0000    0    0.500   1.0000          NULL 
414.5000    2    2.000   1.0000        square
416.5000    0    0.500   1.0000          NULL 
417.0000    4    2.000   1.0000        circle
419.0000    0    1.000   1.0000          NULL 
