  0.0000    1    2.000   1.0000          line
  2.0000    0    1.200   1.0000          NULL 
  3.2000    3    2.000   1.0000        circle
  5.2000    0    1.000   1.0000          NULL 
  6.2000    1    2.000   1.0000          line
  8.2000    0    1.100   1.0000          NULL 
  9.3000    2    2.000   1.0000        square
 11.3000    0    1.100   1.0000          NULL 
 12.4000    4    2.000   1.0000      triangle
 14.4000    0    1.000   1.0000          NULL 
 15.4000    1    2.000   1.0000          line
 17.4000    0    1.000   1.0000          NULL 
 18.4000    2    2.000   1.0000        square
 20.4000    0    1.800   1.0000          NULL 
 22.2000    1    2.000   1.0000          line
 24.2000    0    1.700   1.0000          NULL 
 25.9000    2    2.000   1.0000        square
 27.9000    0    1.000   1.0000          NULL 
 28.9000    1    2.000   1.0000          line
 30.9000    0    1.500   1.0000          NULL 
 32.4000    1    2.000   1.0000          line
 34.4000    0    1.200   1.0000          NULL 
 35.6000    2    2.000   1.0000        square
 37.6000    0    1.000   1.0000          NULL 
 38.6000    2    2.000   1.0000        square
 40.6000    0    1.100   1.0000          NULL 
 41.7000    1    2.000   1.0000          line
 43.7000    0    1.600   1.0000          NULL 
 45.3000    3    2.000   1.0000        circle
 47.3000    0    2.000   1.0000          NULL 
 49.3000    4    2.000   1.0000      triangle
 51.3000    0    1.300   1.0000          NULL 
 52.6000    3    2.000   1.0000        circle
 54.6000    0    1.400   1.0000          NULL 
 56.0000    1    2.000   1.0000          line
 58.0000    0    1.000   1.0000          NULL 
 59.0000    4    2.000   1.0000      triangle
 61.0000    0    1.100   1.0000          NULL 
 62.1000    4    2.000   1.0000      triangle
 64.1000    0    1.100   1.0000          NULL 
 65.2000    2    2.000   1.0000        square
 67.2000    0    1.300   1.0000          NULL 
 68.5000    3    2.000   1.0000        circle
 70.5000    0    1.300   1.0000          NULL 
 71.7999    3    2.000   1.0000        circle
 73.7999    0    1.000   1.0000          NULL 
 74.7999    2    2.000   1.0000        square
 76.7999    0    1.000   1.0000          NULL 
 77.7999    3    2.000   1.0000        circle
 79.7999    0    1.100   1.0000          NULL 
 80.8999    4    2.000   1.0000      triangle
 82.8999    0    1.800   1.0000          NULL 
 84.6999    4    2.000   1.0000      triangle
 86.6999    0    1.000   1.0000          NULL 
 87.6999    4    2.000   1.0000      triangle
 89.6999    0    1.200   1.0000          NULL 
 90.8999    4    2.000   1.0000      triangle
 92.8999    0    1.000   1.0000          NULL 
 93.8999    3    2.000   1.0000        circle
 95.8999    0    1.200   1.0000          NULL 
 97.0999    4    2.000   1.0000      triangle
 99.0999    0    1.400   1.0000          NULL 
100.4999    2    2.000   1.0000        square
102.4999    0    1.100   1.0000          NULL 
103.5999    4    2.000   1.0000      triangle
105.5999    0    1.100   1.0000          NULL 
106.6999    1    2.000   1.0000          line
108.6999    0    1.700   1.0000          NULL 
110.3999    3    2.000   1.0000        circle
112.3999    0    1.000   1.0000          NULL 
113.3999    2    2.000   1.0000        square
115.3999    0    1.100   1.0000          NULL 
116.4999    3    2.000   1.0000        circle
118.4999    0    1.500   1.0000          NULL 
119.9999    3    2.000   1.0000        circle
121.9999    0    1.300   1.0000          NULL 
123.2999    1    2.000   1.0000          line
125.2999    0    1.200   1.0000          NULL 
126.4999    2    2.000   1.0000        square
128.4999    0    1.500   1.0000          NULL 
