  0.0000    1    2.000   1.0000          line
  2.0000    0    2.000   1.0000          NULL 
  4.0000    2    2.000   1.0000        square
  6.0000    0    2.000   1.0000          NULL 
  8.0000    1    2.000   1.0000          line
 10.0000    0    2.500   1.0000          NULL 
 12.5000    1    2.000   1.0000          line
 14.5000    0    3.500   1.0000          NULL 
 18.0000    3    2.000   1.0000      triangle
 20.0000    0    2.500   1.0000          NULL 
 22.5000    2    2.000   1.0000        square
 24.5000    0    0.500   1.0000          NULL 
 25.0000    4    2.000   1.0000        circle
 27.0000    0    1.000   1.0000          NULL 
 28.0000    3    2.000   1.0000      triangle
 30.0000    0    1.000   1.0000          NULL 
 31.0000    1    2.000   1.0000          line
 33.0000    0    2.500   1.0000          NULL 
 35.5000    2    2.000   1.0000        square
 37.5000    0    1.500   1.0000          NULL 
 39.0000    4    2.000   1.0000        circle
 41.0000    0    2.000   1.0000          NULL 
 43.0000    2    2.000   1.0000        square
 45.0000    0    1.500   1.0000          NULL 
 46.5000    2    2.000   1.0000        square
 48.5000    0    0.500   1.0000          NULL 
 49.0000    2    2.000   1.0000        square
 51.0000    0    3.500   1.0000          NULL 
 54.5000    4    2.000   1.0000        circle
 56.5000    0    1.000   1.0000          NULL 
 57.5000    1    2.000   1.0000          line
 59.5000    0    0.500   1.0000          NULL 
 60.0000    4    2.000   1.0000        circle
 62.0000    0    0.500   1.0000          NULL 
 62.5000    3    2.000   1.0000      triangle
 64.5000    0    1.000   1.0000          NULL 
 65.5000    3    2.000   1.0000      triangle
 67.5000    0    2.000   1.0000          NULL 
 69.5000    2    2.000   1.0000        square
 71.5000    0    2.500   1.0000          NULL 
 74.0000    1    2.000   1.0000          line
 76.0000    0    0.500   1.0000          NULL 
 76.5000    2    2.000   1.0000        square
 78.5000    0    1.000   1.0000          NULL 
 79.5000    1    2.000   1.0000          line
 81.5000    0    1.500   1.0000          NULL 
 83.0000    2    2.000   1.0000        square
 85.0000    0    1.000   1.0000          NULL 
 86.0000    1    2.000   1.0000          line
 88.0000    0    2.500   1.0000          NULL 
 90.5000    1    2.000   1.0000          line
 92.5000    0    0.500   1.0000          NULL 
 93.0000    2    2.000   1.0000        square
 95.0000    0    2.500   1.0000          NULL 
 97.5000    1    2.000   1.0000          line
 99.5000    0    0.500   1.0000          NULL 
100.0000    3    2.000   1.0000      triangle
102.0000    0    2.500   1.0000          NULL 
104.5000    2    2.000   1.0000        square
106.5000    0    0.500   1.0000          NULL 
107.0000    1    2.000   1.0000          line
109.0000    0    1.000   1.0000          NULL 
110.0000    3    2.000   1.0000      triangle
112.0000    0    1.500   1.0000          NULL 
113.5000    1    2.000   1.0000          line
115.5000    0    4.000   1.0000          NULL 
119.5000    3    2.000   1.0000      triangle
121.5000    0    2.000   1.0000          NULL 
123.5000    2    2.000   1.0000        square
125.5000    0    1.500   1.0000          NULL 
127.0000    4    2.000   1.0000        circle
129.0000    0    0.500   1.0000          NULL 
129.5000    1    2.000   1.0000          line
131.5000    0    2.000   1.0000          NULL 
133.5000    4    2.000   1.0000        circle
135.5000    0    1.000   1.0000          NULL 
136.5000    2    2.000   1.0000        square
138.5000    0    2.000   1.0000          NULL 
140.5000    2    2.000   1.0000        square
142.5000    0    3.500   1.0000          NULL 
146.0000    4    2.000   1.0000        circle
148.0000    0    0.500   1.0000          NULL 
148.5000    3    2.000   1.0000      triangle
150.5000    0    1.500   1.0000          NULL 
152.0000    3    2.000   1.0000      triangle
154.0000    0    1.000   1.0000          NULL 
155.0000    1    2.000   1.0000          line
157.0000    0    1.500   1.0000          NULL 
158.5000    1    2.000   1.0000          line
160.5000    0    1.000   1.0000          NULL 
161.5000    3    2.000   1.0000      triangle
163.5000    0    1.500   1.0000          NULL 
165.0000    3    2.000   1.0000      triangle
167.0000    0    0.500   1.0000          NULL 
167.5000    2    2.000   1.0000        square
169.5000    0    2.500   1.0000          NULL 
172.0000    1    2.000   1.0000          line
174.0000    0    0.500   1.0000          NULL 
174.5000    4    2.000   1.0000        circle
176.5000    0    2.000   1.0000          NULL 
178.5000    1    2.000   1.0000          line
180.5000    0    2.000   1.0000          NULL 
182.5000    3    2.000   1.0000      triangle
184.5000    0    0.500   1.0000          NULL 
185.0000    2    2.000   1.0000        square
187.0000    0    1.500   1.0000          NULL 
188.5000    4    2.000   1.0000        circle
190.5000    0    2.500   1.0000          NULL 
193.0000    3    2.000   1.0000      triangle
195.0000    0    2.500   1.0000          NULL 
197.5000    3    2.000   1.0000      triangle
199.5000    0    2.000   1.0000          NULL 
201.5000    1    2.000   1.0000          line
203.5000    0    0.500   1.0000          NULL 
204.0000    1    2.000   1.0000          line
206.0000    0    0.500   1.0000          NULL 
206.5000    2    2.000   1.0000        square
208.5000    0    3.500   1.0000          NULL 
212.0000    4    2.000   1.0000        circle
214.0000    0    3.000   1.0000          NULL 
217.0000    1    2.000   1.0000          line
219.0000    0    0.500   1.0000          NULL 
219.5000    4    2.000   1.0000        circle
221.5000    0    1.500   1.0000          NULL 
223.0000    3    2.000   1.0000      triangle
225.0000    0    2.000   1.0000          NULL 
227.0000    4    2.000   1.0000        circle
229.0000    0    1.000   1.0000          NULL 
230.0000    2    2.000   1.0000        square
232.0000    0    1.000   1.0000          NULL 
233.0000    3    2.000   1.0000      triangle
235.0000    0    0.500   1.0000          NULL 
235.5000    3    2.000   1.0000      triangle
237.5000    0    1.000   1.0000          NULL 
238.5000    4    2.000   1.0000        circle
240.5000    0    2.000   1.0000          NULL 
242.5000    2    2.000   1.0000        square
244.5000    0    3.500   1.0000          NULL 
248.0000    4    2.000   1.0000        circle
250.0000    0    0.500   1.0000          NULL 
250.5000    4    2.000   1.0000        circle
252.5000    0    4.000   1.0000          NULL 
256.5000    3    2.000   1.0000      triangle
258.5000    0    1.500   1.0000          NULL 
260.0000    4    2.000   1.0000        circle
262.0000    0    1.000   1.0000          NULL 
263.0000    4    2.000   1.0000        circle
265.0000    0    3.500   1.0000          NULL 
268.5000    4    2.000   1.0000        circle
270.5000    0    0.500   1.0000          NULL 
271.0000    1    2.000   1.0000          line
273.0000    0    0.500   1.0000          NULL 
273.5000    3    2.000   1.0000      triangle
275.5000    0    4.000   1.0000          NULL 
279.5000    4    2.000   1.0000        circle
281.5000    0    1.500   1.0000          NULL 
283.0000    1    2.000   1.0000          line
285.0000    0    2.000   1.0000          NULL 
287.0000    2    2.000   1.0000        square
289.0000    0    0.500   1.0000          NULL 
289.5000    4    2.000   1.0000        circle
291.5000    0    0.500   1.0000          NULL 
292.0000    2    2.000   1.0000        square
294.0000    0    0.500   1.0000          NULL 
294.5000    4    2.000   1.0000        circle
296.5000    0    0.500   1.0000          NULL 
297.0000    3    2.000   1.0000      triangle
299.0000    0    0.500   1.0000          NULL 
299.5000    1    2.000   1.0000          line
301.5000    0    3.000   1.0000          NULL 
304.5000    1    2.000   1.0000          line
306.5000    0    3.000   1.0000          NULL 
309.5000    4    2.000   1.0000        circle
311.5000    0    0.500   1.0000          NULL 
312.0000    4    2.000   1.0000        circle
314.0000    0    1.500   1.0000          NULL 
315.5000    3    2.000   1.0000      triangle
317.5000    0    0.500   1.0000          NULL 
318.0000    1    2.000   1.0000          line
320.0000    0    0.500   1.0000          NULL 
320.5000    2    2.000   1.0000        square
322.5000    0    2.000   1.0000          NULL 
324.5000    4    2.000   1.0000        circle
326.5000    0    1.000   1.0000          NULL 
327.5000    3    2.000   1.0000      triangle
329.5000    0    1.500   1.0000          NULL 
331.0000    1    2.000   1.0000          line
333.0000    0    1.000   1.0000          NULL 
334.0000    2    2.000   1.0000        square
336.0000    0    1.000   1.0000          NULL 
337.0000    4    2.000   1.0000        circle
339.0000    0    0.500   1.0000          NULL 
339.5000    2    2.000   1.0000        square
341.5000    0    1.000   1.0000          NULL 
342.5000    1    2.000   1.0000          line
344.5000    0    3.000   1.0000          NULL 
347.5000    2    2.000   1.0000        square
349.5000    0    2.000   1.0000          NULL 
351.5000    4    2.000   1.0000        circle
353.5000    0    2.000   1.0000          NULL 
355.5000    2    2.000   1.0000        square
357.5000    0    3.500   1.0000          NULL 
361.0000    3    2.000   1.0000      triangle
363.0000    0    1.000   1.0000          NULL 
364.0000    3    2.000   1.0000      triangle
366.0000    0    0.500   1.0000          NULL 
366.5000    1    2.000   1.0000          line
368.5000    0    0.500   1.0000          NULL 
369.0000    3    2.000   1.0000      triangle
371.0000    0    1.000   1.0000          NULL 
372.0000    4    2.000   1.0000        circle
374.0000    0    0.500   1.0000          NULL 
374.5000    2    2.000   1.0000        square
376.5000    0    0.500   1.0000          NULL 
377.0000    4    2.000   1.0000        circle
379.0000    0    1.000   1.0000          NULL 
380.0000    4    2.000   1.0000        circle
382.0000    0    2.500   1.0000          NULL 
384.5000    3    2.000   1.0000      triangle
386.5000    0    0.500   1.0000          NULL 
387.0000    4    2.000   1.0000        circle
389.0000    0    1.500   1.0000          NULL 
390.5000    3    2.000   1.0000      triangle
392.5000    0    0.500   1.0000          NULL 
393.0000    2    2.000   1.0000        square
395.0000    0    1.500   1.0000          NULL 
396.5000    1    2.000   1.0000          line
398.5000    0    1.500   1.0000          NULL 
400.0000    2    2.000   1.0000        square
402.0000    0    1.500   1.0000          NULL 
403.5000    3    2.000   1.0000      triangle
405.5000    0    2.500   1.0000          NULL 
408.0000    2    2.000   1.0000        square
410.0000    0    1.000   1.0000          NULL 
411.0000    3    2.000   1.0000      triangle
413.0000    0    1.000   1.0000          NULL 
414.0000    1    2.000   1.0000          line
416.0000    0    1.000   1.0000          NULL 
417.0000    3    2.000   1.0000      triangle
419.0000    0    1.000   1.0000          NULL 
