  0.0000    2    2.000   1.0000        square
  2.0000    0    1.000   1.0000          NULL 
  3.0000    3    2.000   1.0000        circle
  5.0000    0    1.000   1.0000          NULL 
  6.0000    2    2.000   1.0000        square
  8.0000    0    1.500   1.0000          NULL 
  9.5000    2    2.000   1.0000        square
 11.5000    0    1.100   1.0000          NULL 
 12.6000    1    2.000   1.0000          line
 14.6000    0    1.700   1.0000          NULL 
 16.3000    2    2.000   1.0000        square
 18.3000    0    1.100   1.0000          NULL 
 19.4000    4    2.000   1.0000      triangle
 21.4000    0    1.600   1.0000          NULL 
 23.0000    3    2.000   1.0000        circle
 25.0000    0    1.800   1.0000          NULL 
 26.8000    2    2.000   1.0000        square
 28.8000    0    1.000   1.0000          NULL 
 29.8000    2    2.000   1.0000        square
 31.8000    0    1.100   1.0000          NULL 
 32.9000    2    2.000   1.0000        square
 34.9000    0    1.000   1.0000          NULL 
 35.9000    1    2.000   1.0000          line
 37.9000    0    1.100   1.0000          NULL 
 39.0000    4    2.000   1.0000      triangle
 41.0000    0    1.000   1.0000          NULL 
 42.0000    4    2.000   1.0000      triangle
 44.0000    0    1.300   1.0000          NULL 
 45.3000    2    2.000   1.0000        square
 47.3000    0    1.100   1.0000          NULL 
 48.4000    3    2.000   1.0000        circle
 50.4000    0    1.200   1.0000          NULL 
 51.6000    4    2.000   1.0000      triangle
 53.6000    0    1.100   1.0000          NULL 
 54.7000    3    2.000   1.0000        circle
 56.7000    0    1.300   1.0000          NULL 
 58.0000    4    2.000   1.0000      triangle
 60.0000    0    1.000   1.0000          NULL 
 61.0000    1    2.000   1.0000          line
 63.0000    0    1.000   1.0000          NULL 
 64.0000    1    2.000   1.0000          line
 66.0000    0    1.100   1.0000          NULL 
 67.1000    4    2.000   1.0000      triangle
 69.1000    0    1.600   1.0000          NULL 
 70.7000    1    2.000   1.0000          line
 72.7000    0    1.100   1.0000          NULL 
 73.8000    3    2.000   1.0000        circle
 75.8000    0    1.100   1.0000          NULL 
 76.9000    1    2.000   1.0000          line
 78.9000    0    1.200   1.0000          NULL 
 80.1000    1    2.000   1.0000          line
 82.1000    0    1.900   1.0000          NULL 
 84.0000    4    2.000   1.0000      triangle
 86.0000    0    1.200   1.0000          NULL 
 87.2000    1    2.000   1.0000          line
 89.2000    0    1.300   1.0000          NULL 
 90.5000    3    2.000   1.0000        circle
 92.5000    0    1.100   1.0000          NULL 
 93.6000    4    2.000   1.0000      triangle
 95.6000    0    1.100   1.0000          NULL 
 96.7000    4    2.000   1.0000      triangle
 98.7000    0    1.000   1.0000          NULL 
 99.7000    4    2.000   1.0000      triangle
101.7000    0    1.000   1.0000          NULL 
102.7000    1    2.000   1.0000          line
104.7000    0    1.600   1.0000          NULL 
106.2999    3    2.000   1.0000        circle
108.2999    0    1.900   1.0000          NULL 
110.1999    3    2.000   1.0000        circle
112.1999    0    1.100   1.0000          NULL 
113.2999    2    2.000   1.0000        square
115.2999    0    1.500   1.0000          NULL 
116.7999    1    2.000   1.0000          line
118.7999    0    1.000   1.0000          NULL 
119.7999    2    2.000   1.0000        square
121.7999    0    1.300   1.0000          NULL 
123.0999    3    2.000   1.0000        circle
125.0999    0    1.500   1.0000          NULL 
126.5999    3    2.000   1.0000        circle
128.5999    0    1.400   1.0000          NULL 
