  0.0000    2    2.000   1.0000        square
  2.0000    0    0.500   1.0000          NULL 
  2.5000    1    2.000   1.0000          line
  4.5000    0    1.500   1.0000          NULL 
  6.0000    1    2.000   1.0000          line
  8.0000    0    1.500   1.0000          NULL 
  9.5000    1    2.000   1.0000          line
 11.5000    0    2.500   1.0000          NULL 
 14.0000    1    2.000   1.0000          line
 16.0000    0    1.000   1.0000          NULL 
 17.0000    3    2.000   1.0000      triangle
 19.0000    0    2.000   1.0000          NULL 
 21.0000    2    2.000   1.0000        square
 23.0000    0    1.000   1.0000          NULL 
 24.0000    1    2.000   1.0000          line
 26.0000    0    2.000   1.0000          NULL 
 28.0000    4    2.000   1.0000        circle
 30.0000    0    0.500   1.0000          NULL 
 30.5000    3    2.000   1.0000      triangle
 32.5000    0    1.000   1.0000          NULL 
 33.5000    3    2.000   1.0000      triangle
 35.5000    0    0.500   1.0000          NULL 
 36.0000    2    2.000   1.0000        square
 38.0000    0    1.000   1.0000          NULL 
 39.0000    4    2.000   1.0000        circle
 41.0000    0    2.000   1.0000          NULL 
 43.0000    2    2.000   1.0000        square
 45.0000    0    0.500   1.0000          NULL 
 45.5000    2    2.000   1.0000        square
 47.5000    0    0.500   1.0000          NULL 
 48.0000    1    2.000   1.0000          line
 50.0000    0    0.500   1.0000          NULL 
 50.5000    1    2.000   1.0000          line
 52.5000    0    4.000   1.0000          NULL 
 56.5000    2    2.000   1.0000        square
 58.5000    0    3.000   1.0000          NULL 
 61.5000    3    2.000   1.0000      triangle
 63.5000    0    1.500   1.0000          NULL 
 65.0000    2    2.000   1.0000        square
 67.0000    0    1.000   1.0000          NULL 
 68.0000    4    2.000   1.0000        circle
 70.0000    0    1.500   1.0000          NULL 
 71.5000    3    2.000   1.0000      triangle
 73.5000    0    0.500   1.0000          NULL 
 74.0000    1    2.000   1.0000          line
 76.0000    0    2.500   1.0000          NULL 
 78.5000    2    2.000   1.0000        square
 80.5000    0    1.500   1.0000          NULL 
 82.0000    2    2.000   1.0000        square
 84.0000    0    1.500   1.0000          NULL 
 85.5000    1    2.000   1.0000          line
 87.5000    0    0.500   1.0000          NULL 
 88.0000    4    2.000   1.0000        circle
 90.0000    0    0.500   1.0000          NULL 
 90.5000    2    2.000   1.0000        square
 92.5000    0    2.500   1.0000          NULL 
 95.0000    3    2.000   1.0000      triangle
 97.0000    0    0.500   1.0000          NULL 
 97.5000    3    2.000   1.0000      triangle
 99.5000    0    1.000   1.0000          NULL 
100.5000    2    2.000   1.0000        square
102.5000    0    4.000   1.0000          NULL 
106.5000    4    2.000   1.0000        circle
108.5000    0    3.500   1.0000          NULL 
112.0000    3    2.000   1.0000      triangle
114.0000    0    0.500   1.0000          NULL 
114.5000    2    2.000   1.0000        square
116.5000    0    0.500   1.0000          NULL 
117.0000    4    2.000   1.0000        circle
119.0000    0    1.000   1.0000          NULL 
120.0000    3    2.000   1.0000      triangle
122.0000    0    1.000   1.0000          NULL 
123.0000    2    2.000   1.0000        square
125.0000    0    1.000   1.0000          NULL 
126.0000    4    2.000   1.0000        circle
128.0000    0    3.500   1.0000          NULL 
131.5000    4    2.000   1.0000        circle
133.5000    0    1.000   1.0000          NULL 
134.5000    4    2.000   1.0000        circle
136.5000    0    2.500   1.0000          NULL 
139.0000    1    2.000   1.0000          line
141.0000    0    2.000   1.0000          NULL 
143.0000    2    2.000   1.0000        square
145.0000    0    0.500   1.0000          NULL 
145.5000    3    2.000   1.0000      triangle
147.5000    0    1.000   1.0000          NULL 
148.5000    3    2.000   1.0000      triangle
150.5000    0    1.500   1.0000          NULL 
152.0000    3    2.000   1.0000      triangle
154.0000    0    3.000   1.0000          NULL 
157.0000    3    2.000   1.0000      triangle
159.0000    0    0.500   1.0000          NULL 
159.5000    2    2.000   1.0000        square
161.5000    0    2.500   1.0000          NULL 
164.0000    4    2.000   1.0000        circle
166.0000    0    1.000   1.0000          NULL 
167.0000    1    2.000   1.0000          line
169.0000    0    2.500   1.0000          NULL 
171.5000    2    2.000   1.0000        square
173.5000    0    0.500   1.0000          NULL 
174.0000    2    2.000   1.0000        square
176.0000    0    4.000   1.0000          NULL 
180.0000    4    2.000   1.0000        circle
182.0000    0    3.500   1.0000          NULL 
185.5000    3    2.000   1.0000      triangle
187.5000    0    1.500   1.0000          NULL 
189.0000    1    2.000   1.0000          line
191.0000    0    0.500   1.0000          NULL 
191.5000    2    2.000   1.0000        square
193.5000    0    0.500   1.0000          NULL 
194.0000    2    2.000   1.0000        square
196.0000    0    0.500   1.0000          NULL 
196.5000    3    2.000   1.0000      triangle
198.5000    0    0.500   1.0000          NULL 
199.0000    2    2.000   1.0000        square
201.0000    0    1.000   1.0000          NULL 
202.0000    3    2.000   1.0000      triangle
204.0000    0    2.000   1.0000          NULL 
206.0000    2    2.000   1.0000        square
208.0000    0    0.500   1.0000          NULL 
208.5000    1    2.000   1.0000          line
210.5000    0    1.500   1.0000          NULL 
212.0000    1    2.000   1.0000          line
214.0000    0    1.500   1.0000          NULL 
215.5000    3    2.000   1.0000      triangle
217.5000    0    0.500   1.0000          NULL 
218.0000    1    2.000   1.0000          line
220.0000    0    2.000   1.0000          NULL 
222.0000    3    2.000   1.0000      triangle
224.0000    0    4.000   1.0000          NULL 
228.0000    2    2.000   1.0000        square
230.0000    0    1.000   1.0000          NULL 
231.0000    4    2.000   1.0000        circle
233.0000    0    0.500   1.0000          NULL 
233.5000    1    2.000   1.0000          line
235.5000    0    1.000   1.0000          NULL 
236.5000    4    2.000   1.0000        circle
238.5000    0    0.500   1.0000          NULL 
239.0000    3    2.000   1.0000      triangle
241.0000    0    2.500   1.0000          NULL 
243.5000    1    2.000   1.0000          line
245.5000    0    1.500   1.0000          NULL 
247.0000    2    2.000   1.0000        square
249.0000    0    3.000   1.0000          NULL 
252.0000    2    2.000   1.0000        square
254.0000    0    0.500   1.0000          NULL 
254.5000    3    2.000   1.0000      triangle
256.5000    0    3.500   1.0000          NULL 
260.0000    4    2.000   1.0000        circle
262.0000    0    3.000   1.0000          NULL 
265.0000    1    2.000   1.0000          line
267.0000    0    2.000   1.0000          NULL 
269.0000    4    2.000   1.0000        circle
271.0000    0    1.000   1.0000          NULL 
272.0000    4    2.000   1.0000        circle
274.0000    0    1.500   1.0000          NULL 
275.5000    1    2.000   1.0000          line
277.5000    0    3.000   1.0000          NULL 
280.5000    2    2.000   1.0000        square
282.5000    0    1.500   1.0000          NULL 
284.0000    4    2.000   1.0000        circle
286.0000    0    2.500   1.0000          NULL 
288.5000    4    2.000   1.0000        circle
290.5000    0    0.500   1.0000          NULL 
291.0000    2    2.000   1.0000        square
293.0000    0    2.500   1.0000          NULL 
295.5000    4    2.000   1.0000        circle
297.5000    0    3.000   1.0000          NULL 
300.5000    1    2.000   1.0000          line
302.5000    0    2.500   1.0000          NULL 
305.0000    3    2.000   1.0000      triangle
307.0000    0    4.000   1.0000          NULL 
311.0000    1    2.000   1.0000          line
313.0000    0    2.500   1.0000          NULL 
315.5000    3    2.000   1.0000      triangle
317.5000    0    0.500   1.0000          NULL 
318.0000    3    2.000   1.0000      triangle
320.0000    0    1.000   1.0000          NULL 
321.0000    1    2.000   1.0000          line
323.0000    0    1.500   1.0000          NULL 
324.5000    3    2.000   1.0000      triangle
326.5000    0    0.500   1.0000          NULL 
327.0000    4    2.000   1.0000        circle
329.0000    0    0.500   1.0000          NULL 
329.5000    1    2.000   1.0000          line
331.5000    0    0.500   1.0000          NULL 
332.0000    4    2.000   1.0000        circle
334.0000    0    0.500   1.0000          NULL 
334.5000    1    2.000   1.0000          line
336.5000    0    0.500   1.0000          NULL 
337.0000    3    2.000   1.0000      triangle
339.0000    0    1.000   1.0000          NULL 
340.0000    1    2.000   1.0000          line
342.0000    0    0.500   1.0000          NULL 
342.5000    1    2.000   1.0000          line
344.5000    0    1.000   1.0000          NULL 
345.5000    4    2.000   1.0000        circle
347.5000    0    2.500   1.0000          NULL 
350.0000    4    2.000   1.0000        circle
352.0000    0    1.000   1.0000          NULL 
353.0000    3    2.000   1.0000      triangle
355.0000    0    3.000   1.0000          NULL 
358.0000    3    2.000   1.0000      triangle
360.0000    0    1.000   1.0000          NULL 
361.0000    1    2.000   1.0000          line
363.0000    0    2.500   1.0000          NULL 
365.5000    4    2.000   1.0000        circle
367.5000    0    0.500   1.0000          NULL 
368.0000    3    2.000   1.0000      triangle
370.0000    0    0.500   1.0000          NULL 
370.5000    4    2.000   1.0000        circle
372.5000    0    1.000   1.0000          NULL 
373.5000    4    2.000   1.0000        circle
375.5000    0    1.500   1.0000          NULL 
377.0000    2    2.000   1.0000        square
379.0000    0    2.500   1.0000          NULL 
381.5000    2    2.000   1.0000        square
383.5000    0    0.500   1.0000          NULL 
384.0000    3    2.000   1.0000      triangle
386.0000    0    1.500   1.0000          NULL 
387.5000    4    2.000   1.0000        circle
389.5000    0    0.500   1.0000          NULL 
390.0000    1    2.000   1.0000          line
392.0000    0    2.500   1.0000          NULL 
394.5000    3    2.000   1.0000      triangle
396.5000    0    0.500   1.0000          NULL 
397.0000    4    2.000   1.0000        circle
399.0000    0    0.500   1.0000          NULL 
399.5000    1    2.000   1.0000          line
401.5000    0    0.500   1.0000          NULL 
402.0000    2    2.000   1.0000        square
404.0000    0    0.500   1.0000          NULL 
404.5000    2    2.000   1.0000        square
406.5000    0    2.000   1.0000          NULL 
408.5000    4    2.000   1.0000        circle
410.5000    0    1.000   1.0000          NULL 
411.5000    1    2.000   1.0000          line
413.5000    0    3.000   1.0000          NULL 
416.5000    4    2.000   1.0000        circle
418.5000    0    1.500   1.0000          NULL 
