  0.0000    1    2.000   1.0000          line
  2.0000    0    1.100   1.0000          NULL 
  3.1000    4    2.000   1.0000      triangle
  5.1000    0    1.300   1.0000          NULL 
  6.4000    4    2.000   1.0000      triangle
  8.4000    0    1.600   1.0000          NULL 
 10.0000    3    2.000   1.0000        circle
 12.0000    0    1.000   1.0000          NULL 
 13.0000    1    2.000   1.0000          line
 15.0000    0    1.600   1.0000          NULL 
 16.6000    1    2.000   1.0000          line
 18.6000    0    1.200   1.0000          NULL 
 19.8000    4    2.000   1.0000      triangle
 21.8000    0    1.100   1.0000          NULL 
 22.9000    2    2.000   1.0000        square
 24.9000    0    2.000   1.0000          NULL 
 26.9000    3    2.000   1.0000        circle
 28.9000    0    1.300   1.0000          NULL 
 30.2000    3    2.000   1.0000        circle
 32.2000    0    1.000   1.0000          NULL 
 33.2000    3    2.000   1.0000        circle
 35.2000    0    1.400   1.0000          NULL 
 36.6000    3    2.000   1.0000        circle
 38.6000    0    1.000   1.0000          NULL 
 39.6000    4    2.000   1.0000      triangle
 41.6000    0    1.000   1.0000          NULL 
 42.6000    3    2.000   1.0000        circle
 44.6000    0    1.400   1.0000          NULL 
 46.0000    1    2.000   1.0000          line
 48.0000    0    1.100   1.0000          NULL 
 49.1000    4    2.000   1.0000      triangle
 51.1000    0    1.100   1.0000          NULL 
 52.2000    4    2.000   1.0000      triangle
 54.2000    0    1.800   1.0000          NULL 
 56.0000    2    2.000   1.0000        square
 58.0000    0    1.000   1.0000          NULL 
 59.0000    3    2.000   1.0000        circle
 61.0000    0    1.700   1.0000          NULL 
 62.7000    2    2.000   1.0000        square
 64.7000    0    1.000   1.0000          NULL 
 65.7000    2    2.000   1.0000        square
 67.7000    0    1.200   1.0000          NULL 
 68.9000    1    2.000   1.0000          line
 70.9000    0    1.100   1.0000          NULL 
 72.0000    2    2.000   1.0000        square
 74.0000    0    1.900   1.0000          NULL 
 75.9000    1    2.000   1.0000          line
 77.9000    0    1.100   1.0000          NULL 
 79.0000    2    2.000   1.0000        square
 81.0000    0    1.500   1.0000          NULL 
 82.4999    2    2.000   1.0000        square
 84.4999    0    1.000   1.0000          NULL 
 85.4999    1    2.000   1.0000          line
 87.4999    0    1.500   1.0000          NULL 
 88.9999    4    2.000   1.0000      triangle
 90.9999    0    1.000   1.0000          NULL 
 91.9999    4    2.000   1.0000      triangle
 93.9999    0    1.000   1.0000          NULL 
 94.9999    2    2.000   1.0000        square
 96.9999    0    1.300   1.0000          NULL 
 98.2999    3    2.000   1.0000        circle
100.2999    0    1.600   1.0000          NULL 
101.8999    2    2.000   1.0000        square
103.8999    0    1.300   1.0000          NULL 
105.1999    1    2.000   1.0000          line
107.1999    0    1.100   1.0000          NULL 
108.2999    3    2.000   1.0000        circle
110.2999    0    1.300   1.0000          NULL 
111.5999    4    2.000   1.0000      triangle
113.5999    0    1.000   1.0000          NULL 
114.5999    3    2.000   1.0000        circle
116.5999    0    1.000   1.0000          NULL 
117.5999    1    2.000   1.0000          line
119.5999    0    1.100   1.0000          NULL 
120.6999    4    2.000   1.0000      triangle
122.6999    0    1.000   1.0000          NULL 
123.6999    1    2.000   1.0000          line
125.6999    0    1.300   1.0000          NULL 
126.9999    2    2.000   1.0000        square
128.9999    0    1.000   1.0000          NULL 
