  0.0000    2    2.000   1.0000        square
  2.0000    0    1.100   1.0000          NULL 
  3.1000    4    2.000   1.0000      triangle
  5.1000    0    1.300   1.0000          NULL 
  6.4000    1    2.000   1.0000          line
  8.4000    0    1.200   1.0000          NULL 
  9.6000    3    2.000   1.0000        circle
 11.6000    0    1.200   1.0000          NULL 
 12.8000    1    2.000   1.0000          line
 14.8000    0    1.100   1.0000          NULL 
 15.9000    3    2.000   1.0000        circle
 17.9000    0    1.100   1.0000          NULL 
 19.0000    2    2.000   1.0000        square
 21.0000    0    1.200   1.0000          NULL 
 22.2000    3    2.000   1.0000        circle
 24.2000    0    1.100   1.0000          NULL 
 25.3000    3    2.000   1.0000        circle
 27.3000    0    1.600   1.0000          NULL 
 28.9000    4    2.000   1.0000      triangle
 30.9000    0    1.000   1.0000          NULL 
 31.9000    1    2.000   1.0000          line
 33.9000    0    1.300   1.0000          NULL 
 35.2000    2    2.000   1.0000        square
 37.2000    0    1.000   1.0000          NULL 
 38.2000    1    2.000   1.0000          line
 40.2000    0    1.200   1.0000          NULL 
 41.4000    4    2.000   1.0000      triangle
 43.4000    0    1.100   1.0000          NULL 
 44.5000    2    2.000   1.0000        square
 46.5000    0    1.100   1.0000          NULL 
 47.6000    1    2.000   1.0000          line
 49.6000    0    1.100   1.0000          NULL 
 50.7000    2    2.000   1.0000        square
 52.7000    0    1.000   1.0000          NULL 
 53.7000    3    2.000   1.0000        circle
 55.7000    0    1.400   1.0000          NULL 
 57.1000    1    2.000   1.0000          line
 59.1000    0    1.000   1.0000          NULL 
 60.1000    4    2.000   1.0000      triangle
 62.1000    0    1.200   1.0000          NULL 
 63.3000    4    2.000   1.0000      triangle
 65.3000    0    1.600   1.0000          NULL 
 66.9000    3    2.000   1.0000        circle
 68.9000    0    1.400   1.0000          NULL 
 70.3000    4    2.000   1.0000      triangle
 72.3000    0    1.400   1.0000          NULL 
 73.7000    4    2.000   1.0000      triangle
 75.7000    0    1.100   1.0000          NULL 
 76.8000    4    2.000   1.0000      triangle
 78.8000    0    1.700   1.0000          NULL 
 80.5000    4    2.000   1.0000      triangle
 82.5000    0    1.000   1.0000          NULL 
 83.5000    3    2.000   1.0000        circle
 85.5000    0    1.000   1.0000          NULL 
 86.5000    3    2.000   1.0000        circle
 88.5000    0    1.600   1.0000          NULL 
 90.0999    2    2.000   1.0000        square
 92.0999    0    1.100   1.0000          NULL 
 93.1999    2    2.000   1.0000        square
 95.1999    0    1.600   1.0000          NULL 
 96.7999    4    2.000   1.0000      triangle
 98.7999    0    1.400   1.0000          NULL 
100.1999    1    2.000   1.0000          line
102.1999    0    1.000   1.0000          NULL 
103.1999    2    2.000   1.0000        square
105.1999    0    1.800   1.0000          NULL 
106.9999    1    2.000   1.0000          line
108.9999    0    1.100   1.0000          NULL 
110.0999    2    2.000   1.0000        square
112.0999    0    1.100   1.0000          NULL 
113.1999    3    2.000   1.0000        circle
115.1999    0    1.000   1.0000          NULL 
116.1999    1    2.000   1.0000          line
118.1999    0    1.400   1.0000          NULL 
119.5999    3    2.000   1.0000        circle
121.5999    0    1.500   1.0000          NULL 
123.0999    1    2.000   1.0000          line
125.0999    0    1.400   1.0000          NULL 
126.4999    2    2.000   1.0000        square
128.4999    0    1.500   1.0000          NULL 
