  0.0000    3    2.000   1.0000      triangle
  2.0000    0    3.000   1.0000          NULL 
  5.0000    4    2.000   1.0000        circle
  7.0000    0    0.500   1.0000          NULL 
  7.5000    2    2.000   1.0000        square
  9.5000    0    0.500   1.0000          NULL 
 10.0000    4    2.000   1.0000        circle
 12.0000    0    1.000   1.0000          NULL 
 13.0000    4    2.000   1.0000        circle
 15.0000    0    2.500   1.0000          NULL 
 17.5000    2    2.000   1.0000        square
 19.5000    0    0.500   1.0000          NULL 
 20.0000    2    2.000   1.0000        square
 22.0000    0    0.500   1.0000          NULL 
 22.5000    4    2.000   1.0000        circle
 24.5000    0    2.500   1.0000          NULL 
 27.0000    2    2.000   1.0000        square
 29.0000    0    0.500   1.0000          NULL 
 29.5000    3    2.000   1.0000      triangle
 31.5000    0    3.500   1.0000          NULL 
 35.0000    3    2.000   1.0000      triangle
 37.0000    0    1.000   1.0000          NULL 
 38.0000    4    2.000   1.0000        circle
 40.0000    0    0.500   1.0000          NULL 
 40.5000    4    2.000   1.0000        circle
 42.5000    0    2.000   1.0000          NULL 
 44.5000    1    2.000   1.0000          line
 46.5000    0    2.000   1.0000          NULL 
 48.5000    2    2.000   1.0000        square
 50.5000    0    2.000   1.0000          NULL 
 52.5000    4    2.000   1.0000        circle
 54.5000    0    0.500   1.0000          NULL 
 55.0000    2    2.000   1.0000        square
 57.0000    0    1.000   1.0000          NULL 
 58.0000    4    2.000   1.0000        circle
 60.0000    0    3.500   1.0000          NULL 
 63.5000    2    2.000   1.0000        square
 65.5000    0    3.500   1.0000          NULL 
 69.0000    2    2.000   1.0000        square
 71.0000    0    1.500   1.0000          NULL 
 72.5000    4    2.000   1.0000        circle
 74.5000    0    0.500   1.0000          NULL 
 75.0000    1    2.000   1.0000          line
 77.0000    0    1.000   1.0000          NULL 
 78.0000    2    2.000   1.0000        square
 80.0000    0    1.500   1.0000          NULL 
 81.5000    2    2.000   1.0000        square
 83.5000    0    3.500   1.0000          NULL 
 87.0000    3    2.000   1.0000      triangle
 89.0000    0    3.500   1.0000          NULL 
 92.5000    4    2.000   1.0000        circle
 94.5000    0    1.000   1.0000          NULL 
 95.5000    2    2.000   1.0000        square
 97.5000    0    0.500   1.0000          NULL 
 98.0000    1    2.000   1.0000          line
100.0000    0    4.000   1.0000          NULL 
104.0000    3    2.000   1.0000      triangle
106.0000    0    2.000   1.0000          NULL 
108.0000    2    2.000   1.0000        square
110.0000    0    0.500   1.0000          NULL 
110.5000    3    2.000   1.0000      triangle
112.5000    0    0.500   1.0000          NULL 
113.0000    2    2.000   1.0000        square
115.0000    0    1.500   1.0000          NULL 
116.5000    1    2.000   1.0000          line
118.5000    0    3.000   1.0000          NULL 
121.5000    4    2.000   1.0000        circle
123.5000    0    3.000   1.0000          NULL 
126.5000    3    2.000   1.0000      triangle
128.5000    0    1.000   1.0000          NULL 
129.5000    1    2.000   1.0000          line
131.5000    0    0.500   1.0000          NULL 
132.0000    2    2.000   1.0000        square
134.0000    0    0.500   1.0000          NULL 
134.5000    2    2.000   1.0000        square
136.5000    0    2.000   1.0000          NULL 
138.5000    2    2.000   1.0000        square
140.5000    0    1.500   1.0000          NULL 
142.0000    1    2.000   1.0000          line
144.0000    0    0.500   1.0000          NULL 
144.5000    1    2.000   1.0000          line
146.5000    0    1.000   1.0000          NULL 
147.5000    4    2.000   1.0000        circle
149.5000    0    1.500   1.0000          NULL 
151.0000    3    2.000   1.0000      triangle
153.0000    0    0.500   1.0000          NULL 
153.5000    3    2.000   1.0000      triangle
155.5000    0    2.500   1.0000          NULL 
158.0000    3    2.000   1.0000      triangle
160.0000    0    0.500   1.0000          NULL 
160.5000    2    2.000   1.0000        square
162.5000    0    0.500   1.0000          NULL 
163.0000    2    2.000   1.0000        square
165.0000    0    0.500   1.0000          NULL 
165.5000    4    2.000   1.0000        circle
167.5000    0    1.500   1.0000          NULL 
169.0000    2    2.000   1.0000        square
171.0000    0    2.500   1.0000          NULL 
173.5000    2    2.000   1.0000        square
175.5000    0    1.500   1.0000          NULL 
177.0000    3    2.000   1.0000      triangle
179.0000    0    2.500   1.0000          NULL 
181.5000    1    2.000   1.0000          line
183.5000    0    1.000   1.0000          NULL 
184.5000    3    2.000   1.0000      triangle
186.5000    0    1.000   1.0000          NULL 
187.5000    1    2.000   1.0000          line
189.5000    0    4.000   1.0000          NULL 
193.5000    4    2.000   1.0000        circle
195.5000    0    0.500   1.0000          NULL 
196.0000    4    2.000   1.0000        circle
198.0000    0    1.000   1.0000          NULL 
199.0000    3    2.000   1.0000      triangle
201.0000    0    2.000   1.0000          NULL 
203.0000    4    2.000   1.0000        circle
205.0000    0    1.000   1.0000          NULL 
206.0000    1    2.000   1.0000          line
208.0000    0    0.500   1.0000          NULL 
208.5000    4    2.000   1.0000        circle
210.5000    0    0.500   1.0000          NULL 
211.0000    1    2.000   1.0000          line
213.0000    0    2.000   1.0000          NULL 
215.0000    4    2.000   1.0000        circle
217.0000    0    1.000   1.0000          NULL 
218.0000    3    2.000   1.0000      triangle
220.0000    0    2.500   1.0000          NULL 
222.5000    2    2.000   1.0000        square
224.5000    0    0.500   1.0000          NULL 
225.0000    3    2.000   1.0000      triangle
227.0000    0    0.500   1.0000          NULL 
227.5000    1    2.000   1.0000          line
229.5000    0    2.500   1.0000          NULL 
232.0000    3    2.000   1.0000      triangle
234.0000    0    1.500   1.0000          NULL 
235.5000    3    2.000   1.0000      triangle
237.5000    0    1.000   1.0000          NULL 
238.5000    4    2.000   1.0000        circle
240.5000    0    0.500   1.0000          NULL 
241.0000    1    2.000   1.0000          line
243.0000    0    0.500   1.0000          NULL 
243.5000    1    2.000   1.0000          line
245.5000    0    1.500   1.0000          NULL 
247.0000    4    2.000   1.0000        circle
249.0000    0    0.500   1.0000          NULL 
249.5000    2    2.000   1.0000        square
251.5000    0    4.000   1.0000          NULL 
255.5000    3    2.000   1.0000      triangle
257.5000    0    0.500   1.0000          NULL 
258.0000    1    2.000   1.0000          line
260.0000    0    2.500   1.0000          NULL 
262.5000    4    2.000   1.0000        circle
264.5000    0    1.000   1.0000          NULL 
265.5000    2    2.000   1.0000        square
267.5000    0    1.000   1.0000          NULL 
268.5000    4    2.000   1.0000        circle
270.5000    0    1.000   1.0000          NULL 
271.5000    2    2.000   1.0000        square
273.5000    0    2.500   1.0000          NULL 
276.0000    1    2.000   1.0000          line
278.0000    0    1.500   1.0000          NULL 
279.5000    4    2.000   1.0000        circle
281.5000    0    3.000   1.0000          NULL 
284.5000    1    2.000   1.0000          line
286.5000    0    1.000   1.0000          NULL 
287.5000    1    2.000   1.0000          line
289.5000    0    0.500   1.0000          NULL 
290.0000    3    2.000   1.0000      triangle
292.0000    0    0.500   1.0000          NULL 
292.5000    2    2.000   1.0000        square
294.5000    0    2.500   1.0000          NULL 
297.0000    1    2.000   1.0000          line
299.0000    0    2.000   1.0000          NULL 
301.0000    1    2.000   1.0000          line
303.0000    0    3.000   1.0000          NULL 
306.0000    1    2.000   1.0000          line
308.0000    0    1.000   1.0000          NULL 
309.0000    1    2.000   1.0000          line
311.0000    0    1.000   1.0000          NULL 
312.0000    1    2.000   1.0000          line
314.0000    0    1.500   1.0000          NULL 
315.5000    1    2.000   1.0000          line
317.5000    0    4.000   1.0000          NULL 
321.5000    3    2.000   1.0000      triangle
323.5000    0    1.000   1.0000          NULL 
324.5000    4    2.000   1.0000        circle
326.5000    0    1.000   1.0000          NULL 
327.5000    1    2.000   1.0000          line
329.5000    0    1.500   1.0000          NULL 
331.0000    2    2.000   1.0000        square
333.0000    0    0.500   1.0000          NULL 
333.5000    1    2.000   1.0000          line
335.5000    0    0.500   1.0000          NULL 
336.0000    3    2.000   1.0000      triangle
338.0000    0    0.500   1.0000          NULL 
338.5000    4    2.000   1.0000        circle
340.5000    0    1.000   1.0000          NULL 
341.5000    3    2.000   1.0000      triangle
343.5000    0    0.500   1.0000          NULL 
344.0000    1    2.000   1.0000          line
346.0000    0    4.000   1.0000          NULL 
350.0000    3    2.000   1.0000      triangle
352.0000    0    1.500   1.0000          NULL 
353.5000    3    2.000   1.0000      triangle
355.5000    0    0.500   1.0000          NULL 
356.0000    3    2.000   1.0000      triangle
358.0000    0    0.500   1.0000          NULL 
358.5000    1    2.000   1.0000          line
360.5000    0    0.500   1.0000          NULL 
361.0000    2    2.000   1.0000        square
363.0000    0    3.000   1.0000          NULL 
366.0000    2    2.000   1.0000        square
368.0000    0    2.000   1.0000          NULL 
370.0000    4    2.000   1.0000        circle
372.0000    0    0.500   1.0000          NULL 
372.5000    3    2.000   1.0000      triangle
374.5000    0    2.000   1.0000          NULL 
376.5000    1    2.000   1.0000          line
378.5000    0    3.500   1.0000          NULL 
382.0000    4    2.000   1.0000        circle
384.0000    0    2.000   1.0000          NULL 
386.0000    3    2.000   1.0000      triangle
388.0000    0    0.500   1.0000          NULL 
388.5000    1    2.000   1.0000          line
390.5000    0    2.500   1.0000          NULL 
393.0000    3    2.000   1.0000      triangle
395.0000    0    0.500   1.0000          NULL 
395.5000    4    2.000   1.0000        circle
397.5000    0    1.500   1.0000          NULL 
399.0000    4    2.000   1.0000        circle
401.0000    0    2.000   1.0000          NULL 
403.0000    3    2.000   1.0000      triangle
405.0000    0    0.500   1.0000          NULL 
405.5000    2    2.000   1.0000        square
407.5000    0    0.500   1.0000          NULL 
408.0000    3    2.000   1.0000      triangle
410.0000    0    2.500   1.0000          NULL 
412.5000    2    2.000   1.0000        square
414.5000    0    1.500   1.0000          NULL 
416.0000    4    2.000   1.0000        circle
418.0000    0    2.000   1.0000          NULL 
