  0.0000    1    2.000   1.0000          line
  2.0000    0    1.500   1.0000          NULL 
  3.5000    4    2.000   1.0000        circle
  5.5000    0    0.500   1.0000          NULL 
  6.0000    4    2.000   1.0000        circle
  8.0000    0    1.000   1.0000          NULL 
  9.0000    1    2.000   1.0000          line
 11.0000    0    3.000   1.0000          NULL 
 14.0000    3    2.000   1.0000      triangle
 16.0000    0    3.000   1.0000          NULL 
 19.0000    3    2.000   1.0000      triangle
 21.0000    0    0.500   1.0000          NULL 
 21.5000    3    2.000   1.0000      triangle
 23.5000    0    4.000   1.0000          NULL 
 27.5000    2    2.000   1.0000        square
 29.5000    0    0.500   1.0000          NULL 
 30.0000    4    2.000   1.0000        circle
 32.0000    0    0.500   1.0000          NULL 
 32.5000    2    2.000   1.0000        square
 34.5000    0    0.500   1.0000          NULL 
 35.0000    4    2.000   1.0000        circle
 37.0000    0    2.500   1.0000          NULL 
 39.5000    4    2.000   1.0000        circle
 41.5000    0    3.000   1.0000          NULL 
 44.5000    2    2.000   1.0000        square
 46.5000    0    2.500   1.0000          NULL 
 49.0000    3    2.000   1.0000      triangle
 51.0000    0    1.000   1.0000          NULL 
 52.0000    1    2.000   1.0000          line
 54.0000    0    1.500   1.0000          NULL 
 55.5000    3    2.000   1.0000      triangle
 57.5000    0    2.000   1.0000          NULL 
 59.5000    3    2.000   1.0000      triangle
 61.5000    0    0.500   1.0000          NULL 
 62.0000    3    2.000   1.0000      triangle
 64.0000    0    0.500   1.0000          NULL 
 64.5000    1    2.000   1.0000          line
 66.5000    0    3.000   1.0000          NULL 
 69.5000    4    2.000   1.0000        circle
 71.5000    0    3.000   1.0000          NULL 
 74.5000    2    2.000   1.0000        square
 76.5000    0    2.000   1.0000          NULL 
 78.5000    4    2.000   1.0000        circle
 80.5000    0    1.000   1.0000          NULL 
 81.5000    2    2.000   1.0000        square
 83.5000    0    0.500   1.0000          NULL 
 84.0000    3    2.000   1.0000      triangle
 86.0000    0    1.500   1.0000          NULL 
 87.5000    2    2.000   1.0000        square
 89.5000    0    1.000   1.0000          NULL 
 90.5000    4    2.000   1.0000        circle
 92.5000    0    1.000   1.0000          NULL 
 93.5000    4    2.000   1.0000        circle
 95.5000    0    1.000   1.0000          NULL 
 96.5000    3    2.000   1.0000      triangle
 98.5000    0    1.500   1.0000          NULL 
100.0000    4    2.000   1.0000        circle
102.0000    0    0.500   1.0000          NULL 
102.5000    3    2.000   1.0000      triangle
104.5000    0    1.000   1.0000          NULL 
105.5000    2    2.000   1.0000        square
107.5000    0    1.000   1.0000          NULL 
108.5000    3    2.000   1.0000      triangle
110.5000    0    2.500   1.0000          NULL 
113.0000    4    2.000   1.0000        circle
115.0000    0    0.500   1.0000          NULL 
115.5000    2    2.000   1.0000        square
117.5000    0    3.500   1.0000          NULL 
121.0000    3    2.000   1.0000      triangle
123.0000    0    0.500   1.0000          NULL 
123.5000    1    2.000   1.0000          line
125.5000    0    1.500   1.0000          NULL 
127.0000    1    2.000   1.0000          line
129.0000    0    0.500   1.0000          NULL 
129.5000    2    2.000   1.0000        square
131.5000    0    2.500   1.0000          NULL 
134.0000    3    2.000   1.0000      triangle
136.0000    0    1.500   1.0000          NULL 
137.5000    4    2.000   1.0000        circle
139.5000    0    2.000   1.0000          NULL 
141.5000    1    2.000   1.0000          line
143.5000    0    1.500   1.0000          NULL 
145.0000    4    2.000   1.0000        circle
147.0000    0    0.500   1.0000          NULL 
147.5000    4    2.000   1.0000        circle
149.5000    0    0.500   1.0000          NULL 
150.0000    1    2.000   1.0000          line
152.0000    0    0.500   1.0000          NULL 
152.5000    4    2.000   1.0000        circle
154.5000    0    3.500   1.0000          NULL 
158.0000    2    2.000   1.0000        square
160.0000    0    2.000   1.0000          NULL 
162.0000    1    2.000   1.0000          line
164.0000    0    1.000   1.0000          NULL 
165.0000    2    2.000   1.0000        square
167.0000    0    1.500   1.0000          NULL 
168.5000    3    2.000   1.0000      triangle
170.5000    0    0.500   1.0000          NULL 
171.0000    1    2.000   1.0000          line
173.0000    0    2.000   1.0000          NULL 
175.0000    3    2.000   1.0000      triangle
177.0000    0    1.500   1.0000          NULL 
178.5000    2    2.000   1.0000        square
180.5000    0    1.000   1.0000          NULL 
181.5000    1    2.000   1.0000          line
183.5000    0    2.000   1.0000          NULL 
185.5000    1    2.000   1.0000          line
187.5000    0    3.000   1.0000          NULL 
190.5000    3    2.000   1.0000      triangle
192.5000    0    2.000   1.0000          NULL 
194.5000    1    2.000   1.0000          line
196.5000    0    3.500   1.0000          NULL 
200.0000    4    2.000   1.0000        circle
202.0000    0    2.000   1.0000          NULL 
204.0000    3    2.000   1.0000      triangle
206.0000    0    1.000   1.0000          NULL 
207.0000    1    2.000   1.0000          line
209.0000    0    1.500   1.0000          NULL 
210.5000    3    2.000   1.0000      triangle
212.5000    0    0.500   1.0000          NULL 
213.0000    2    2.000   1.0000        square
215.0000    0    0.500   1.0000          NULL 
215.5000    3    2.000   1.0000      triangle
217.5000    0    2.500   1.0000          NULL 
220.0000    2    2.000   1.0000        square
222.0000    0    1.000   1.0000          NULL 
223.0000    1    2.000   1.0000          line
225.0000    0    1.000   1.0000          NULL 
226.0000    2    2.000   1.0000        square
228.0000    0    3.000   1.0000          NULL 
231.0000    1    2.000   1.0000          line
233.0000    0    0.500   1.0000          NULL 
233.5000    3    2.000   1.0000      triangle
235.5000    0    1.000   1.0000          NULL 
236.5000    4    2.000   1.0000        circle
238.5000    0    0.500   1.0000          NULL 
239.0000    4    2.000   1.0000        circle
241.0000    0    2.000   1.0000          NULL 
243.0000    2    2.000   1.0000        square
245.0000    0    1.000   1.0000          NULL 
246.0000    3    2.000   1.0000      triangle
248.0000    0    3.000   1.0000          NULL 
251.0000    4    2.000   1.0000        circle
253.0000    0    2.500   1.0000          NULL 
255.5000    3    2.000   1.0000      triangle
257.5000    0    1.000   1.0000          NULL 
258.5000    3    2.000   1.0000      triangle
260.5000    0    1.000   1.0000          NULL 
261.5000    2    2.000   1.0000        square
263.5000    0    3.000   1.0000          NULL 
266.5000    1    2.000   1.0000          line
268.5000    0    1.500   1.0000          NULL 
270.0000    4    2.000   1.0000        circle
272.0000    0    0.500   1.0000          NULL 
272.5000    1    2.000   1.0000          line
274.5000    0    2.500   1.0000          NULL 
277.0000    2    2.000   1.0000        square
279.0000    0    0.500   1.0000          NULL 
279.5000    3    2.000   1.0000      triangle
281.5000    0    1.000   1.0000          NULL 
282.5000    4    2.000   1.0000        circle
284.5000    0    0.500   1.0000          NULL 
285.0000    1    2.000   1.0000          line
287.0000    0    3.000   1.0000          NULL 
290.0000    4    2.000   1.0000        circle
292.0000    0    1.000   1.0000          NULL 
293.0000    2    2.000   1.0000        square
295.0000    0    1.500   1.0000          NULL 
296.5000    2    2.000   1.0000        square
298.5000    0    0.500   1.0000          NULL 
299.0000    1    2.000   1.0000          line
301.0000    0    1.000   1.0000          NULL 
302.0000    3    2.000   1.0000      triangle
304.0000    0    1.000   1.0000          NULL 
305.0000    4    2.000   1.0000        circle
307.0000    0    2.500   1.0000          NULL 
309.5000    1    2.000   1.0000          line
311.5000    0    2.000   1.0000          NULL 
313.5000    2    2.000   1.0000        square
315.5000    0    0.500   1.0000          NULL 
316.0000    4    2.000   1.0000        circle
318.0000    0    1.000   1.0000          NULL 
319.0000    2    2.000   1.0000        square
321.0000    0    1.500   1.0000          NULL 
322.5000    2    2.000   1.0000        square
324.5000    0    1.000   1.0000          NULL 
325.5000    1    2.000   1.0000          line
327.5000    0    0.500   1.0000          NULL 
328.0000    3    2.000   1.0000      triangle
330.0000    0    3.500   1.0000          NULL 
333.5000    1    2.000   1.0000          line
335.5000    0    2.000   1.0000          NULL 
337.5000    4    2.000   1.0000        circle
339.5000    0    0.500   1.0000          NULL 
340.0000    2    2.000   1.0000        square
342.0000    0    0.500   1.0000          NULL 
342.5000    2    2.000   1.0000        square
344.5000    0    1.000   1.0000          NULL 
345.5000    2    2.000   1.0000        square
347.5000    0    0.500   1.0000          NULL 
348.0000    2    2.000   1.0000        square
350.0000    0    3.000   1.0000          NULL 
353.0000    1    2.000   1.0000          line
355.0000    0    3.000   1.0000          NULL 
358.0000    1    2.000   1.0000          line
360.0000    0    1.500   1.0000          NULL 
361.5000    1    2.000   1.0000          line
363.5000    0    1.500   1.0000          NULL 
365.0000    4    2.000   1.0000        circle
367.0000    0    1.500   1.0000          NULL 
368.5000    1    2.000   1.0000          line
370.5000    0    0.500   1.0000          NULL 
371.0000    4    2.000   1.0000        circle
373.0000    0    1.000   1.0000          NULL 
374.0000    3    2.000   1.0000      triangle
376.0000    0    2.000   1.0000          NULL 
378.0000    1    2.000   1.0000          line
380.0000    0    3.500   1.0000          NULL 
383.5000    3    2.000   1.0000      triangle
385.5000    0    1.000   1.0000          NULL 
386.5000    2    2.000   1.0000        square
388.5000    0    1.500   1.0000          NULL 
390.0000    4    2.000   1.0000        circle
392.0000    0    0.500   1.0000          NULL 
392.5000    4    2.000   1.0000        circle
394.5000    0    3.000   1.0000          NULL 
397.5000    1    2.000   1.0000          line
399.5000    0    1.000   1.0000          NULL 
400.5000    2    2.000   1.0000        square
402.5000    0    1.500   1.0000          NULL 
404.0000    2    2.000   1.0000        square
406.0000    0    1.000   1.0000          NULL 
407.0000    3    2.000   1.0000      triangle
409.0000    0    1.000   1.0000          NULL 
410.0000    4    2.000   1.0000        circle
412.0000    0    1.500   1.0000          NULL 
413.5000    3    2.000   1.0000      triangle
415.5000    0    1.500   1.0000          NULL 
417.0000    1    2.000   1.0000          line
419.0000    0    1.000   1.0000          NULL 
