  0.0000    1    2.000   1.0000          line
  2.0000    0    1.000   1.0000          NULL 
  3.0000    3    2.000   1.0000        circle
  5.0000    0    1.000   1.0000          NULL 
  6.0000    3    2.000   1.0000        circle
  8.0000    0    1.000   1.0000          NULL 
  9.0000    4    2.000   1.0000      triangle
 11.0000    0    1.200   1.0000          NULL 
 12.2000    2    2.000   1.0000        square
 14.2000    0    1.600   1.0000          NULL 
 15.8000    2    2.000   1.0000        square
 17.8000    0    1.000   1.0000          NULL 
 18.8000    1    2.000   1.0000          line
 20.8000    0    1.600   1.0000          NULL 
 22.4000    1    2.000   1.0000          line
 24.4000    0    1.000   1.0000          NULL 
 25.4000    1    2.000   1.0000          line
 27.4000    0    1.100   1.0000          NULL 
 28.5000    2    2.000   1.0000        square
 30.5000    0    1.000   1.0000          NULL 
 31.5000    1    2.000   1.0000          line
 33.5000    0    1.000   1.0000          NULL 
 34.5000    2    2.000   1.0000        square
 36.5000    0    1.300   1.0000          NULL 
 37.8000    2    2.000   1.0000        square
 39.8000    0    1.400   1.0000          NULL 
 41.2000    1    2.000   1.0000          line
 43.2000    0    1.500   1.0000          NULL 
 44.7000    3    2.000   1.0000        circle
 46.7000    0    1.100   1.0000          NULL 
 47.8000    3    2.000   1.0000        circle
 49.8000    0    1.000   1.0000          NULL 
 50.8000    4    2.000   1.0000      triangle
 52.8000    0    1.200   1.0000          NULL 
 54.0000    1    2.000   1.0000          line
 56.0000    0    1.300   1.0000          NULL 
 57.3000    3    2.000   1.0000        circle
 59.3000    0    1.700   1.0000          NULL 
 61.0000    4    2.000   1.0000      triangle
 63.0000    0    1.300   1.0000          NULL 
 64.3000    4    2.000   1.0000      triangle
 66.3000    0    1.100   1.0000          NULL 
 67.4000    4    2.000   1.0000      triangle
 69.4000    0    1.000   1.0000          NULL 
 70.4000    3    2.000   1.0000        circle
 72.4000    0    1.200   1.0000          NULL 
 73.6000    2    2.000   1.0000        square
 75.6000    0    1.100   1.0000          NULL 
 76.7000    4    2.000   1.0000      triangle
 78.7000    0    1.000   1.0000          NULL 
 79.7000    2    2.000   1.0000        square
 81.7000    0    2.000   1.0000          NULL 
 83.6999    4    2.000   1.0000      triangle
 85.6999    0    1.100   1.0000          NULL 
 86.7999    1    2.000   1.0000          line
 88.7999    0    1.200   1.0000          NULL 
 89.9999    4    2.000   1.0000      triangle
 91.9999    0    1.600   1.0000          NULL 
 93.5999    2    2.000   1.0000        square
 95.5999    0    2.000   1.0000          NULL 
 97.5999    3    2.000   1.0000        circle
 99.5999    0    1.100   1.0000          NULL 
100.6999    3    2.000   1.0000        circle
102.6999    0    1.800   1.0000          NULL 
104.4999    3    2.000   1.0000        circle
106.4999    0    1.000   1.0000          NULL 
107.4999    4    2.000   1.0000      triangle
109.4999    0    1.000   1.0000          NULL 
110.4999    1    2.000   1.0000          line
112.4999    0    1.100   1.0000          NULL 
113.5999    2    2.000   1.0000        square
115.5999    0    1.500   1.0000          NULL 
117.0999    4    2.000   1.0000      triangle
119.0999    0    1.000   1.0000          NULL 
120.0999    3    2.000   1.0000        circle
122.0999    0    1.000   1.0000          NULL 
123.0999    1    2.000   1.0000          line
125.0999    0    1.300   1.0000          NULL 
126.3999    2    2.000   1.0000        square
128.3999    0    1.600   1.0000          NULL 
