  0.0000    1    2.000   1.0000          line
  2.0000    0    0.500   1.0000          NULL 
  2.5000    3    2.000   1.0000      triangle
  4.5000    0    1.000   1.0000          NULL 
  5.5000    1    2.000   1.0000          line
  7.5000    0    2.500   1.0000          NULL 
 10.0000    1    2.000   1.0000          line
 12.0000    0    1.500   1.0000          NULL 
 13.5000    2    2.000   1.0000        square
 15.5000    0    0.500   1.0000          NULL 
 16.0000    4    2.000   1.0000        circle
 18.0000    0    4.000   1.0000          NULL 
 22.0000    2    2.000   1.0000        square
 24.0000    0    0.500   1.0000          NULL 
 24.5000    4    2.000   1.0000        circle
 26.5000    0    0.500   1.0000          NULL 
 27.0000    1    2.000   1.0000          line
 29.0000    0    1.500   1.0000          NULL 
 30.5000    2    2.000   1.0000        square
 32.5000    0    1.500   1.0000          NULL 
 34.0000    3    2.000   1.0000      triangle
 36.0000    0    2.000   1.0000          NULL 
 38.0000    1    2.000   1.0000          line
 40.0000    0    2.000   1.0000          NULL 
 42.0000    4    2.000   1.0000        circle
 44.0000    0    1.500   1.0000          NULL 
 45.5000    2    2.000   1.0000        square
 47.5000    0    4.000   1.0000          NULL 
 51.5000    1    2.000   1.0000          line
 53.5000    0    2.500   1.0000          NULL 
 56.0000    2    2.000   1.0000        square
 58.0000    0    0.500   1.0000          NULL 
 58.5000    3    2.000   1.0000      triangle
 60.5000    0    0.500   1.0000          NULL 
 61.0000    3    2.000   1.0000      triangle
 63.0000    0    2.000   1.0000          NULL 
 65.0000    1    2.000   1.0000          line
 67.0000    0    1.000   1.0000          NULL 
 68.0000    2    2.000   1.0000        square
 70.0000    0    2.500   1.0000          NULL 
 72.5000    2    2.000   1.0000        square
 74.5000    0    1.000   1.0000          NULL 
 75.5000    4    2.000   1.0000        circle
 77.5000    0    1.000   1.0000          NULL 
 78.5000    4    2.000   1.0000        circle
 80.5000    0    1.000   1.0000          NULL 
 81.5000    3    2.000   1.0000      triangle
 83.5000    0    1.000   1.0000          NULL 
 84.5000    2    2.000   1.0000        square
 86.5000    0    1.000   1.0000          NULL 
 87.5000    4    2.000   1.0000        circle
 89.5000    0    1.500   1.0000          NULL 
 91.0000    4    2.000   1.0000        circle
 93.0000    0    1.500   1.0000          NULL 
 94.5000    1    2.000   1.0000          line
 96.5000    0    0.500   1.0000          NULL 
 97.0000    2    2.000   1.0000        square
 99.0000    0    0.500   1.0000          NULL 
 99.5000    3    2.000   1.0000      triangle
101.5000    0    0.500   1.0000          NULL 
102.0000    3    2.000   1.0000      triangle
104.0000    0    0.500   1.0000          NULL 
104.5000    4    2.000   1.0000        circle
106.5000    0    1.500   1.0000          NULL 
108.0000    3    2.000   1.0000      triangle
110.0000    0    1.500   1.0000          NULL 
111.5000    2    2.000   1.0000        square
113.5000    0    0.500   1.0000          NULL 
114.0000    4    2.000   1.0000        circle
116.0000    0    1.500   1.0000          NULL 
117.5000    3    2.000   1.0000      triangle
119.5000    0    1.500   1.0000          NULL 
121.0000    3    2.000   1.0000      triangle
123.0000    0    0.500   1.0000          NULL 
123.5000    1    2.000   1.0000          line
125.5000    0    0.500   1.0000          NULL 
126.0000    4    2.000   1.0000        circle
128.0000    0    0.500   1.0000          NULL 
128.5000    3    2.000   1.0000      triangle
130.5000    0    3.000   1.0000          NULL 
133.5000    3    2.000   1.0000      triangle
135.5000    0    1.000   1.0000          NULL 
136.5000    2    2.000   1.0000        square
138.5000    0    3.500   1.0000          NULL 
142.0000    4    2.000   1.0000        circle
144.0000    0    0.500   1.0000          NULL 
144.5000    4    2.000   1.0000        circle
146.5000    0    1.500   1.0000          NULL 
148.0000    4    2.000   1.0000        circle
150.0000    0    2.500   1.0000          NULL 
152.5000    4    2.000   1.0000        circle
154.5000    0    3.000   1.0000          NULL 
157.5000    3    2.000   1.0000      triangle
159.5000    0    1.000   1.0000          NULL 
160.5000    1    2.000   1.0000          line
162.5000    0    0.500   1.0000          NULL 
163.0000    4    2.000   1.0000        circle
165.0000    0    3.500   1.0000          NULL 
168.5000    4    2.000   1.0000        circle
170.5000    0    1.000   1.0000          NULL 
171.5000    3    2.000   1.0000      triangle
173.5000    0    0.500   1.0000          NULL 
174.0000    1    2.000   1.0000          line
176.0000    0    2.500   1.0000          NULL 
178.5000    2    2.000   1.0000        square
180.5000    0    2.500   1.0000          NULL 
183.0000    4    2.000   1.0000        circle
185.0000    0    2.500   1.0000          NULL 
187.5000    3    2.000   1.0000      triangle
189.5000    0    1.000   1.0000          NULL 
190.5000    1    2.000   1.0000          line
192.5000    0    0.500   1.0000          NULL 
193.0000    1    2.000   1.0000          line
195.0000    0    2.500   1.0000          NULL 
197.5000    4    2.000   1.0000        circle
199.5000    0    0.500   1.0000          NULL 
200.0000    2    2.000   1.0000        square
202.0000    0    3.500   1.0000          NULL 
205.5000    1    2.000   1.0000          line
207.5000    0    1.500   1.0000          NULL 
209.0000    3    2.000   1.0000      triangle
211.0000    0    0.500   1.0000          NULL 
211.5000    1    2.000   1.0000          line
213.5000    0    0.500   1.0000          NULL 
214.0000    4    2.000   1.0000        circle
216.0000    0    1.500   1.0000          NULL 
217.5000    2    2.000   1.0000        square
219.5000    0    2.500   1.0000          NULL 
222.0000    1    2.000   1.0000          line
224.0000    0    0.500   1.0000          NULL 
224.5000    1    2.000   1.0000          line
226.5000    0    2.500   1.0000          NULL 
229.0000    3    2.000   1.0000      triangle
231.0000    0    1.500   1.0000          NULL 
232.5000    1    2.000   1.0000          line
234.5000    0    3.500   1.0000          NULL 
238.0000    3    2.000   1.0000      triangle
240.0000    0    1.000   1.0000          NULL 
241.0000    3    2.000   1.0000      triangle
243.0000    0    1.500   1.0000          NULL 
244.5000    2    2.000   1.0000        square
246.5000    0    0.500   1.0000          NULL 
247.0000    2    2.000   1.0000        square
249.0000    0    0.500   1.0000          NULL 
249.5000    1    2.000   1.0000          line
251.5000    0    2.000   1.0000          NULL 
253.5000    4    2.000   1.0000        circle
255.5000    0    1.500   1.0000          NULL 
257.0000    3    2.000   1.0000      triangle
259.0000    0    1.000   1.0000          NULL 
260.0000    1    2.000   1.0000          line
262.0000    0    1.000   1.0000          NULL 
263.0000    4    2.000   1.0000        circle
265.0000    0    1.000   1.0000          NULL 
266.0000    4    2.000   1.0000        circle
268.0000    0    2.000   1.0000          NULL 
270.0000    1    2.000   1.0000          line
272.0000    0    2.500   1.0000          NULL 
274.5000    1    2.000   1.0000          line
276.5000    0    1.000   1.0000          NULL 
277.5000    1    2.000   1.0000          line
279.5000    0    0.500   1.0000          NULL 
280.0000    3    2.000   1.0000      triangle
282.0000    0    1.500   1.0000          NULL 
283.5000    2    2.000   1.0000        square
285.5000    0    3.000   1.0000          NULL 
288.5000    1    2.000   1.0000          line
290.5000    0    1.500   1.0000          NULL 
292.0000    3    2.000   1.0000      triangle
294.0000    0    1.000   1.0000          NULL 
295.0000    4    2.000   1.0000        circle
297.0000    0    0.500   1.0000          NULL 
297.5000    2    2.000   1.0000        square
299.5000    0    0.500   1.0000          NULL 
300.0000    2    2.000   1.0000        square
302.0000    0    0.500   1.0000          NULL 
302.5000    2    2.000   1.0000        square
304.5000    0    2.000   1.0000          NULL 
306.5000    4    2.000   1.0000        circle
308.5000    0    2.500   1.0000          NULL 
311.0000    2    2.000   1.0000        square
313.0000    0    3.500   1.0000          NULL 
316.5000    3    2.000   1.0000      triangle
318.5000    0    1.000   1.0000          NULL 
319.5000    2    2.000   1.0000        square
321.5000    0    2.500   1.0000          NULL 
324.0000    4    2.000   1.0000        circle
326.0000    0    1.000   1.0000          NULL 
327.0000    4    2.000   1.0000        circle
329.0000    0    0.500   1.0000          NULL 
329.5000    2    2.000   1.0000        square
331.5000    0    1.500   1.0000          NULL 
333.0000    3    2.000   1.0000      triangle
335.0000    0    0.500   1.0000          NULL 
335.5000    3    2.000   1.0000      triangle
337.5000    0    2.500   1.0000          NULL 
340.0000    2    2.000   1.0000        square
342.0000    0    1.000   1.0000          NULL 
343.0000    3    2.000   1.0000      triangle
345.0000    0    0.500   1.0000          NULL 
345.5000    4    2.000   1.0000        circle
347.5000    0    0.500   1.0000          NULL 
348.0000    2    2.000   1.0000        square
350.0000    0    1.500   1.0000          NULL 
351.5000    2    2.000   1.0000        square
353.5000    0    0.500   1.0000          NULL 
354.0000    1    2.000   1.0000          line
356.0000    0    4.000   1.0000          NULL 
360.0000    1    2.000   1.0000          line
362.0000    0    2.000   1.0000          NULL 
364.0000    3    2.000   1.0000      triangle
366.0000    0    1.000   1.0000          NULL 
367.0000    2    2.000   1.0000        square
369.0000    0    0.500   1.0000          NULL 
369.5000    4    2.000   1.0000        circle
371.5000    0    3.500   1.0000          NULL 
375.0000    2    2.000   1.0000        square
377.0000    0    3.500   1.0000          NULL 
380.5000    3    2.000   1.0000      triangle
382.5000    0    0.500   1.0000          NULL 
383.0000    4    2.000   1.0000        circle
385.0000    0    1.000   1.0000          NULL 
386.0000    3    2.000   1.0000      triangle
388.0000    0    1.000   1.0000          NULL 
389.0000    4    2.000   1.0000        circle
391.0000    0    2.000   1.0000          NULL 
393.0000    1    2.000   1.0000          line
395.0000    0    2.000   1.0000          NULL 
397.0000    1    2.000   1.0000          line
399.0000    0    2.500   1.0000          NULL 
401.5000    3    2.000   1.0000      triangle
403.5000    0    1.000   1.0000          NULL 
404.5000    2    2.000   1.0000        square
406.5000    0    1.500   1.0000          NULL 
408.0000    2    2.000   1.0000        square
410.0000    0    1.500   1.0000          NULL 
411.5000    1    2.000   1.0000          line
413.5000    0    1.500   1.0000          NULL 
415.0000    1    2.000   1.0000          line
417.0000    0    3.000   1.0000          NULL 
