  0.0000    1    2.000   1.0000          line
  2.0000    0    1.000   1.0000          NULL 
  3.0000    3    2.000   1.0000      triangle
  5.0000    0    2.000   1.0000          NULL 
  7.0000    1    2.000   1.0000          line
  9.0000    0    0.500   1.0000          NULL 
  9.5000    3    2.000   1.0000      triangle
 11.5000    0    2.000   1.0000          NULL 
 13.5000    1    2.000   1.0000          line
 15.5000    0    3.500   1.0000          NULL 
 19.0000    4    2.000   1.0000        circle
 21.0000    0    1.000   1.0000          NULL 
 22.0000    1    2.000   1.0000          line
 24.0000    0    0.500   1.0000          NULL 
 24.5000    4    2.000   1.0000        circle
 26.5000    0    2.500   1.0000          NULL 
 29.0000    2    2.000   1.0000        square
 31.0000    0    0.500   1.0000          NULL 
 31.5000    4    2.000   1.0000        circle
 33.5000    0    2.500   1.0000          NULL 
 36.0000    3    2.000   1.0000      triangle
 38.0000    0    0.500   1.0000          NULL 
 38.5000    2    2.000   1.0000        square
 40.5000    0    1.000   1.0000          NULL 
 41.5000    4    2.000   1.0000        circle
 43.5000    0    0.500   1.0000          NULL 
 44.0000    2    2.000   1.0000        square
 46.0000    0    2.000   1.0000          NULL 
 48.0000    3    2.000   1.0000      triangle
 50.0000    0    1.000   1.0000          NULL 
 51.0000    3    2.000   1.0000      triangle
 53.0000    0    1.000   1.0000          NULL 
 54.0000    4    2.000   1.0000        circle
 56.0000    0    0.500   1.0000          NULL 
 56.5000    1    2.000   1.0000          line
 58.5000    0    1.000   1.0000          NULL 
 59.5000    1    2.000   1.0000          line
 61.5000    0    1.500   1.0000          NULL 
 63.0000    3    2.000   1.0000      triangle
 65.0000    0    0.500   1.0000          NULL 
 65.5000    2    2.000   1.0000        square
 67.5000    0    2.000   1.0000          NULL 
 69.5000    2    2.000   1.0000        square
 71.5000    0    3.500   1.0000          NULL 
 75.0000    2    2.000   1.0000        square
 77.0000    0    1.000   1.0000          NULL 
 78.0000    2    2.000   1.0000        square
 80.0000    0    0.500   1.0000          NULL 
 80.5000    2    2.000   1.0000        square
 82.5000    0    0.500   1.0000          NULL 
 83.0000    3    2.000   1.0000      triangle
 85.0000    0    0.500   1.0000          NULL 
 85.5000    3    2.000   1.0000      triangle
 87.5000    0    1.000   1.0000          NULL 
 88.5000    1    2.000   1.0000          line
 90.5000    0    0.500   1.0000          NULL 
 91.0000    2    2.000   1.0000        square
 93.0000    0    4.000   1.0000          NULL 
 97.0000    4    2.000   1.0000        circle
 99.0000    0    1.500   1.0000          NULL 
100.5000    3    2.000   1.0000      triangle
102.5000    0    3.000   1.0000          NULL 
105.5000    4    2.000   1.0000        circle
107.5000    0    1.000   1.0000          NULL 
108.5000    2    2.000   1.0000        square
110.5000    0    0.500   1.0000          NULL 
111.0000    1    2.000   1.0000          line
113.0000    0    2.500   1.0000          NULL 
115.5000    1    2.000   1.0000          line
117.5000    0    1.500   1.0000          NULL 
119.0000    2    2.000   1.0000        square
121.0000    0    1.000   1.0000          NULL 
122.0000    3    2.000   1.0000      triangle
124.0000    0    2.500   1.0000          NULL 
126.5000    3    2.000   1.0000      triangle
128.5000    0    1.000   1.0000          NULL 
129.5000    1    2.000   1.0000          line
131.5000    0    3.000   1.0000          NULL 
134.5000    4    2.000   1.0000        circle
136.5000    0    0.500   1.0000          NULL 
137.0000    3    2.000   1.0000      triangle
139.0000    0    1.000   1.0000          NULL 
140.0000    1    2.000   1.0000          line
142.0000    0    2.000   1.0000          NULL 
144.0000    3    2.000   1.0000      triangle
146.0000    0    2.500   1.0000          NULL 
148.5000    1    2.000   1.0000          line
150.5000    0    1.500   1.0000          NULL 
152.0000    3    2.000   1.0000      triangle
154.0000    0    1.000   1.0000          NULL 
155.0000    4    2.000   1.0000        circle
157.0000    0    2.500   1.0000          NULL 
159.5000    3    2.000   1.0000      triangle
161.5000    0    0.500   1.0000          NULL 
162.0000    2    2.000   1.0000        square
164.0000    0    1.500   1.0000          NULL 
165.5000    1    2.000   1.0000          line
167.5000    0    4.000   1.0000          NULL 
171.5000    4    2.000   1.0000        circle
173.5000    0    0.500   1.0000          NULL 
174.0000    4    2.000   1.0000        circle
176.0000    0    0.500   1.0000          NULL 
176.5000    1    2.000   1.0000          line
178.5000    0    2.500   1.0000          NULL 
181.0000    3    2.000   1.0000      triangle
183.0000    0    0.500   1.0000          NULL 
183.5000    4    2.000   1.0000        circle
185.5000    0    3.500   1.0000          NULL 
189.0000    2    2.000   1.0000        square
191.0000    0    3.000   1.0000          NULL 
194.0000    3    2.000   1.0000      triangle
196.0000    0    1.500   1.0000          NULL 
197.5000    1    2.000   1.0000          line
199.5000    0    0.500   1.0000          NULL 
200.0000    3    2.000   1.0000      triangle
202.0000    0    1.000   1.0000          NULL 
203.0000    1    2.000   1.0000          line
205.0000    0    0.500   1.0000          NULL 
205.5000    2    2.000   1.0000        square
207.5000    0    3.000   1.0000          NULL 
210.5000    4    2.000   1.0000        circle
212.5000    0    1.000   1.0000          NULL 
213.5000    4    2.000   1.0000        circle
215.5000    0    0.500   1.0000          NULL 
216.0000    4    2.000   1.0000        circle
218.0000    0    2.000   1.0000          NULL 
220.0000    3    2.000   1.0000      triangle
222.0000    0    2.000   1.0000          NULL 
224.0000    4    2.000   1.0000        circle
226.0000    0    3.500   1.0000          NULL 
229.5000    3    2.000   1.0000      triangle
231.5000    0    2.500   1.0000          NULL 
234.0000    2    2.000   1.0000        square
236.0000    0    0.500   1.0000          NULL 
236.5000    3    2.000   1.0000      triangle
238.5000    0    1.500   1.0000          NULL 
240.0000    1    2.000   1.0000          line
242.0000    0    0.500   1.0000          NULL 
242.5000    4    2.000   1.0000        circle
244.5000    0    1.500   1.0000          NULL 
246.0000    4    2.000   1.0000        circle
248.0000    0    2.500   1.0000          NULL 
250.5000    1    2.000   1.0000          line
252.5000    0    1.500   1.0000          NULL 
254.0000    4    2.000   1.0000        circle
256.0000    0    1.000   1.0000          NULL 
257.0000    1    2.000   1.0000          line
259.0000    0    2.000   1.0000          NULL 
261.0000    4    2.000   1.0000        circle
263.0000    0    2.500   1.0000          NULL 
265.5000    3    2.000   1.0000      triangle
267.5000    0    1.000   1.0000          NULL 
268.5000    1    2.000   1.0000          line
270.5000    0    0.500   1.0000          NULL 
271.0000    2    2.000   1.0000        square
273.0000    0    1.500   1.0000          NULL 
274.5000    4    2.000   1.0000        circle
276.5000    0    1.500   1.0000          NULL 
278.0000    1    2.000   1.0000          line
280.0000    0    0.500   1.0000          NULL 
280.5000    2    2.000   1.0000        square
282.5000    0    0.500   1.0000          NULL 
283.0000    2    2.000   1.0000        square
285.0000    0    0.500   1.0000          NULL 
285.5000    1    2.000   1.0000          line
287.5000    0    2.000   1.0000          NULL 
289.5000    3    2.000   1.0000      triangle
291.5000    0    0.500   1.0000          NULL 
292.0000    4    2.000   1.0000        circle
294.0000    0    1.000   1.0000          NULL 
295.0000    2    2.000   1.0000        square
297.0000    0    0.500   1.0000          NULL 
297.5000    3    2.000   1.0000      triangle
299.5000    0    1.000   1.0000          NULL 
300.5000    1    2.000   1.0000          line
302.5000    0    2.000   1.0000          NULL 
304.5000    2    2.000   1.0000        square
306.5000    0    1.000   1.0000          NULL 
307.5000    1    2.000   1.0000          line
309.5000    0    0.500   1.0000          NULL 
310.0000    2    2.000   1.0000        square
312.0000    0    3.500   1.0000          NULL 
315.5000    4    2.000   1.0000        circle
317.5000    0    1.000   1.0000          NULL 
318.5000    1    2.000   1.0000          line
320.5000    0    4.000   1.0000          NULL 
324.5000    1    2.000   1.0000          line
326.5000    0    0.500   1.0000          NULL 
327.0000    4    2.000   1.0000        circle
329.0000    0    0.500   1.0000          NULL 
329.5000    3    2.000   1.0000      triangle
331.5000    0    4.000   1.0000          NULL 
335.5000    3    2.000   1.0000      triangle
337.5000    0    0.500   1.0000          NULL 
338.0000    2    2.000   1.0000        square
340.0000    0    3.500   1.0000          NULL 
343.5000    4    2.000   1.0000        circle
345.5000    0    4.000   1.0000          NULL 
349.5000    1    2.000   1.0000          line
351.5000    0    1.500   1.0000          NULL 
353.0000    2    2.000   1.0000        square
355.0000    0    2.500   1.0000          NULL 
357.5000    1    2.000   1.0000          line
359.5000    0    2.000   1.0000          NULL 
361.5000    2    2.000   1.0000        square
363.5000    0    1.000   1.0000          NULL 
364.5000    2    2.000   1.0000        square
366.5000    0    1.500   1.0000          NULL 
368.0000    3    2.000   1.0000      triangle
370.0000    0    1.000   1.0000          NULL 
371.0000    2    2.000   1.0000        square
373.0000    0    0.500   1.0000          NULL 
373.5000    2    2.000   1.0000        square
375.5000    0    1.000   1.0000          NULL 
376.5000    3    2.000   1.0000      triangle
378.5000    0    1.000   1.0000          NULL 
379.5000    3    2.000   1.0000      triangle
381.5000    0    0.500   1.0000          NULL 
382.0000    4    2.000   1.0000        circle
384.0000    0    1.500   1.0000          NULL 
385.5000    2    2.000   1.0000        square
387.5000    0    0.500   1.0000          NULL 
388.0000    1    2.000   1.0000          line
390.0000    0    3.000   1.0000          NULL 
393.0000    1    2.000   1.0000          line
395.0000    0    2.000   1.0000          NULL 
397.0000    4    2.000   1.0000        circle
399.0000    0    0.500   1.0000          NULL 
399.5000    4    2.000   1.0000        circle
401.5000    0    1.000   1.0000          NULL 
402.5000    2    2.000   1.0000        square
404.5000    0    2.000   1.0000          NULL 
406.5000    2    2.000   1.0000        square
408.5000    0    1.000   1.0000          NULL 
409.5000    4    2.000   1.0000        circle
411.5000    0    0.500   1.0000          NULL 
412.0000    3    2.000   1.0000      triangle
414.0000    0    0.500   1.0000          NULL 
414.5000    4    2.000   1.0000        circle
416.5000    0    3.500   1.0000          NULL 
