  0.0000    1    2.000   1.0000          line
  2.0000    0    4.000   1.0000          NULL 
  6.0000    4    2.000   1.0000        circle
  8.0000    0    1.000   1.0000          NULL 
  9.0000    2    2.000   1.0000        square
 11.0000    0    1.500   1.0000          NULL 
 12.5000    2    2.000   1.0000        square
 14.5000    0    2.000   1.0000          NULL 
 16.5000    3    2.000   1.0000      triangle
 18.5000    0    0.500   1.0000          NULL 
 19.0000    4    2.000   1.0000        circle
 21.0000    0    1.000   1.0000          NULL 
 22.0000    1    2.000   1.0000          line
 24.0000    0    1.000   1.0000          NULL 
 25.0000    1    2.000   1.0000          line
 27.0000    0    1.000   1.0000          NULL 
 28.0000    3    2.000   1.0000      triangle
 30.0000    0    3.000   1.0000          NULL 
 33.0000    1    2.000   1.0000          line
 35.0000    0    2.500   1.0000          NULL 
 37.5000    1    2.000   1.0000          line
 39.5000    0    0.500   1.0000          NULL 
 40.0000    2    2.000   1.0000        square
 42.0000    0    2.500   1.0000          NULL 
 44.5000    1    2.000   1.0000          line
 46.5000    0    0.500   1.0000          NULL 
 47.0000    1    2.000   1.0000          line
 49.0000    0    1.000   1.0000          NULL 
 50.0000    2    2.000   1.0000        square
 52.0000    0    0.500   1.0000          NULL 
 52.5000    4    2.000   1.0000        circle
 54.5000    0    3.000   1.0000          NULL 
 57.5000    4    2.000   1.0000        circle
 59.5000    0    0.500   1.0000          NULL 
 60.0000    3    2.000   1.0000      triangle
 62.0000    0    0.500   1.0000          NULL 
 62.5000    2    2.000   1.0000        square
 64.5000    0    0.500   1.0000          NULL 
 65.0000    2    2.000   1.0000        square
 67.0000    0    4.000   1.0000          NULL 
 71.0000    4    2.000   1.0000        circle
 73.0000    0    1.000   1.0000          NULL 
 74.0000    3    2.000   1.0000      triangle
 76.0000    0    2.500   1.0000          NULL 
 78.5000    3    2.000   1.0000      triangle
 80.5000    0    3.500   1.0000          NULL 
 84.0000    2    2.000   1.0000        square
 86.0000    0    2.000   1.0000          NULL 
 88.0000    4    2.000   1.0000        circle
 90.0000    0    3.000   1.0000          NULL 
 93.0000    3    2.000   1.0000      triangle
 95.0000    0    3.500   1.0000          NULL 
 98.5000    4    2.000   1.0000        circle
100.5000    0    1.500   1.0000          NULL 
102.0000    2    2.000   1.0000        square
104.0000    0    1.000   1.0000          NULL 
105.0000    3    2.000   1.0000      triangle
107.0000    0    0.500   1.0000          NULL 
107.5000    4    2.000   1.0000        circle
109.5000    0    1.000   1.0000          NULL 
110.5000    3    2.000   1.0000      triangle
112.5000    0    3.000   1.0000          NULL 
115.5000    1    2.000   1.0000          line
117.5000    0    1.500   1.0000          NULL 
119.0000    2    2.000   1.0000        square
121.0000    0    1.500   1.0000          NULL 
122.5000    2    2.000   1.0000        square
124.5000    0    0.500   1.0000          NULL 
125.0000    3    2.000   1.0000      triangle
127.0000    0    0.500   1.0000          NULL 
127.5000    1    2.000   1.0000          line
129.5000    0    1.500   1.0000          NULL 
131.0000    4    2.000   1.0000        circle
133.0000    0    0.500   1.0000          NULL 
133.5000    2    2.000   1.0000        square
135.5000    0    1.000   1.0000          NULL 
136.5000    3    2.000   1.0000      triangle
138.5000    0    3.500   1.0000          NULL 
142.0000    2    2.000   1.0000        square
144.0000    0    0.500   1.0000          NULL 
144.5000    2    2.000   1.0000        square
146.5000    0    1.000   1.0000          NULL 
147.5000    3    2.000   1.0000      triangle
149.5000    0    0.500   1.0000          NULL 
150.0000    2    2.000   1.0000        square
152.0000    0    1.500   1.0000          NULL 
153.5000    2    2.000   1.0000        square
155.5000    0    1.000   1.0000          NULL 
156.5000    2    2.000   1.0000        square
158.5000    0    1.000   1.0000          NULL 
159.5000    2    2.000   1.0000        square
161.5000    0    2.500   1.0000          NULL 
164.0000    4    2.000   1.0000        circle
166.0000    0    0.500   1.0000          NULL 
166.5000    1    2.000   1.0000          line
168.5000    0    0.500   1.0000          NULL 
169.0000    2    2.000   1.0000        square
171.0000    0    0.500   1.0000          NULL 
171.5000    2    2.000   1.0000        square
173.5000    0    0.500   1.0000          NULL 
174.0000    4    2.000   1.0000        circle
176.0000    0    0.500   1.0000          NULL 
176.5000    2    2.000   1.0000        square
178.5000    0    1.500   1.0000          NULL 
180.0000    2    2.000   1.0000        square
182.0000    0    1.000   1.0000          NULL 
183.0000    3    2.000   1.0000      triangle
185.0000    0    1.500   1.0000          NULL 
186.5000    3    2.000   1.0000      triangle
188.5000    0    1.500   1.0000          NULL 
190.0000    1    2.000   1.0000          line
192.0000    0    0.500   1.0000          NULL 
192.5000    1    2.000   1.0000          line
194.5000    0    2.500   1.0000          NULL 
197.0000    4    2.000   1.0000        circle
199.0000    0    0.500   1.0000          NULL 
199.5000    1    2.000   1.0000          line
201.5000    0    3.000   1.0000          NULL 
204.5000    4    2.000   1.0000        circle
206.5000    0    2.500   1.0000          NULL 
209.0000    3    2.000   1.0000      triangle
211.0000    0    0.500   1.0000          NULL 
211.5000    1    2.000   1.0000          line
213.5000    0    2.500   1.0000          NULL 
216.0000    3    2.000   1.0000      triangle
218.0000    0    0.500   1.0000          NULL 
218.5000    3    2.000   1.0000      triangle
220.5000    0    3.000   1.0000          NULL 
223.5000    1    2.000   1.0000          line
225.5000    0    0.500   1.0000          NULL 
226.0000    3    2.000   1.0000      triangle
228.0000    0    3.000   1.0000          NULL 
231.0000    2    2.000   1.0000        square
233.0000    0    0.500   1.0000          NULL 
233.5000    3    2.000   1.0000      triangle
235.5000    0    2.000   1.0000          NULL 
237.5000    2    2.000   1.0000        square
239.5000    0    1.000   1.0000          NULL 
240.5000    3    2.000   1.0000      triangle
242.5000    0    0.500   1.0000          NULL 
243.0000    1    2.000   1.0000          line
245.0000    0    3.000   1.0000          NULL 
248.0000    3    2.000   1.0000      triangle
250.0000    0    1.000   1.0000          NULL 
251.0000    3    2.000   1.0000      triangle
253.0000    0    0.500   1.0000          NULL 
253.5000    3    2.000   1.0000      triangle
255.5000    0    0.500   1.0000          NULL 
256.0000    3    2.000   1.0000      triangle
258.0000    0    0.500   1.0000          NULL 
258.5000    4    2.000   1.0000        circle
260.5000    0    0.500   1.0000          NULL 
261.0000    4    2.000   1.0000        circle
263.0000    0    1.000   1.0000          NULL 
264.0000    4    2.000   1.0000        circle
266.0000    0    2.000   1.0000          NULL 
268.0000    2    2.000   1.0000        square
270.0000    0    1.000   1.0000          NULL 
271.0000    1    2.000   1.0000          line
273.0000    0    2.000   1.0000          NULL 
275.0000    4    2.000   1.0000        circle
277.0000    0    2.500   1.0000          NULL 
279.5000    4    2.000   1.0000        circle
281.5000    0    0.500   1.0000          NULL 
282.0000    1    2.000   1.0000          line
284.0000    0    4.000   1.0000          NULL 
288.0000    1    2.000   1.0000          line
290.0000    0    0.500   1.0000          NULL 
290.5000    4    2.000   1.0000        circle
292.5000    0    0.500   1.0000          NULL 
293.0000    2    2.000   1.0000        square
295.0000    0    2.500   1.0000          NULL 
297.5000    1    2.000   1.0000          line
299.5000    0    4.000   1.0000          NULL 
303.5000    1    2.000   1.0000          line
305.5000    0    1.000   1.0000          NULL 
306.5000    3    2.000   1.0000      triangle
308.5000    0    2.000   1.0000          NULL 
310.5000    2    2.000   1.0000        square
312.5000    0    0.500   1.0000          NULL 
313.0000    4    2.000   1.0000        circle
315.0000    0    0.500   1.0000          NULL 
315.5000    3    2.000   1.0000      triangle
317.5000    0    3.000   1.0000          NULL 
320.5000    2    2.000   1.0000        square
322.5000    0    2.500   1.0000          NULL 
325.0000    1    2.000   1.0000          line
327.0000    0    1.500   1.0000          NULL 
328.5000    4    2.000   1.0000        circle
330.5000    0    2.500   1.0000          NULL 
333.0000    2    2.000   1.0000        square
335.0000    0    0.500   1.0000          NULL 
335.5000    1    2.000   1.0000          line
337.5000    0    4.000   1.0000          NULL 
341.5000    4    2.000   1.0000        circle
343.5000    0    0.500   1.0000          NULL 
344.0000    2    2.000   1.0000        square
346.0000    0    1.000   1.0000          NULL 
347.0000    1    2.000   1.0000          line
349.0000    0    0.500   1.0000          NULL 
349.5000    4    2.000   1.0000        circle
351.5000    0    1.500   1.0000          NULL 
353.0000    4    2.000   1.0000        circle
355.0000    0    4.000   1.0000          NULL 
359.0000    4    2.000   1.0000        circle
361.0000    0    1.500   1.0000          NULL 
362.5000    1    2.000   1.0000          line
364.5000    0    0.500   1.0000          NULL 
365.0000    4    2.000   1.0000        circle
367.0000    0    3.000   1.0000          NULL 
370.0000    3    2.000   1.0000      triangle
372.0000    0    1.000   1.0000          NULL 
373.0000    1    2.000   1.0000          line
375.0000    0    1.500   1.0000          NULL 
376.5000    4    2.000   1.0000        circle
378.5000    0    2.000   1.0000          NULL 
380.5000    3    2.000   1.0000      triangle
382.5000    0    3.000   1.0000          NULL 
385.5000    4    2.000   1.0000        circle
387.5000    0    1.000   1.0000          NULL 
388.5000    1    2.000   1.0000          line
390.5000    0    0.500   1.0000          NULL 
391.0000    3    2.000   1.0000      triangle
393.0000    0    0.500   1.0000          NULL 
393.5000    3    2.000   1.0000      triangle
395.5000    0    1.000   1.0000          NULL 
396.5000    1    2.000   1.0000          line
398.5000    0    1.500   1.0000          NULL 
400.0000    2    2.000   1.0000        square
402.0000    0    1.000   1.0000          NULL 
403.0000    4    2.000   1.0000        circle
405.0000    0    0.500   1.0000          NULL 
405.5000    4    2.000   1.0000        circle
407.5000    0    2.500   1.0000          NULL 
410.0000    3    2.000   1.0000      triangle
412.0000    0    1.500   1.0000          NULL 
413.5000    1    2.000   1.0000          line
415.5000    0    1.500   1.0000          NULL 
417.0000    1    2.000   1.0000          line
419.0000    0    1.000   1.0000          NULL 
