  0.0000    1    2.000   1.0000          line
  2.0000    0    1.200   1.0000          NULL 
  3.2000    2    2.000   1.0000        square
  5.2000    0    1.300   1.0000          NULL 
  6.5000    3    2.000   1.0000        circle
  8.5000    0    1.300   1.0000          NULL 
  9.8000    3    2.000   1.0000        circle
 11.8000    0    1.800   1.0000          NULL 
 13.6000    1    2.000   1.0000          line
 15.6000    0    1.100   1.0000          NULL 
 16.7000    4    2.000   1.0000      triangle
 18.7000    0    1.000   1.0000          NULL 
 19.7000    3    2.000   1.0000        circle
 21.7000    0    1.700   1.0000          NULL 
 23.4000    1    2.000   1.0000          line
 25.4000    0    1.300   1.0000          NULL 
 26.7000    3    2.000   1.0000        circle
 28.7000    0    1.500   1.0000          NULL 
 30.2000    2    2.000   1.0000        square
 32.2000    0    1.100   1.0000          NULL 
 33.3000    2    2.000   1.0000        square
 35.3000    0    1.000   1.0000          NULL 
 36.3000    2    2.000   1.0000        square
 38.3000    0    1.600   1.0000          NULL 
 39.9000    2    2.000   1.0000        square
 41.9000    0    1.000   1.0000          NULL 
 42.9000    4    2.000   1.0000      triangle
 44.9000    0    1.400   1.0000          NULL 
 46.3000    1    2.000   1.0000          line
 48.3000    0    1.400   1.0000          NULL 
 49.7000    2    2.000   1.0000        square
 51.7000    0    1.400   1.0000          NULL 
 53.1000    1    2.000   1.0000          line
 55.1000    0    1.300   1.0000          NULL 
 56.4000    1    2.000   1.0000          line
 58.4000    0    1.000   1.0000          NULL 
 59.4000    1    2.000   1.0000          line
 61.4000    0    1.000   1.0000          NULL 
 62.4000    4    2.000   1.0000      triangle
 64.4000    0    2.000   1.0000          NULL 
 66.4000    3    2.000   1.0000        circle
 68.4000    0    1.000   1.0000          NULL 
 69.4000    3    2.000   1.0000        circle
 71.4000    0    1.000   1.0000          NULL 
 72.4000    4    2.000   1.0000      triangle
 74.4000    0    1.000   1.0000          NULL 
 75.4000    3    2.000   1.0000        circle
 77.4000    0    1.700   1.0000          NULL 
 79.1000    4    2.000   1.0000      triangle
 81.1000    0    1.100   1.0000          NULL 
 82.2000    1    2.000   1.0000          line
 84.2000    0    1.200   1.0000          NULL 
 85.3999    4    2.000   1.0000      triangle
 87.3999    0    1.600   1.0000          NULL 
 88.9999    4    2.000   1.0000      triangle
 90.9999    0    1.000   1.0000          NULL 
 91.9999    4    2.000   1.0000      triangle
 93.9999    0    1.400   1.0000          NULL 
 95.3999    3    2.000   1.0000        circle
 97.3999    0    1.000   1.0000          NULL 
 98.3999    1    2.000   1.0000          line
100.3999    0    1.100   1.0000          NULL 
101.4999    2    2.000   1.0000        square
103.4999    0    1.100   1.0000          NULL 
104.5999    4    2.000   1.0000      triangle
106.5999    0    1.000   1.0000          NULL 
107.5999    3    2.000   1.0000        circle
109.5999    0    1.500   1.0000          NULL 
111.0999    3    2.000   1.0000        circle
113.0999    0    1.100   1.0000          NULL 
114.1999    2    2.000   1.0000        square
116.1999    0    1.000   1.0000          NULL 
117.1999    1    2.000   1.0000          line
119.1999    0    1.500   1.0000          NULL 
120.6999    2    2.000   1.0000        square
122.6999    0    1.200   1.0000          NULL 
123.8999    4    2.000   1.0000      triangle
125.8999    0    1.100   1.0000          NULL 
126.9999    2    2.000   1.0000        square
128.9999    0    1.000   1.0000          NULL 
