  0.0000    3    2.000   1.0000        circle
  2.0000    0    1.000   1.0000          NULL 
  3.0000    2    2.000   1.0000        square
  5.0000    0    1.900   1.0000          NULL 
  6.9000    1    2.000   1.0000          line
  8.9000    0    1.200   1.0000          NULL 
 10.1000    1    2.000   1.0000          line
 12.1000    0    1.000   1.0000          NULL 
 13.1000    1    2.000   1.0000          line
 15.1000    0    1.700   1.0000          NULL 
 16.8000    4    2.000   1.0000      triangle
 18.8000    0    1.200   1.0000          NULL 
 20.0000    3    2.000   1.0000        circle
 22.0000    0    1.400   1.0000          NULL 
 23.4000    3    2.000   1.0000        circle
 25.4000    0    1.000   1.0000          NULL 
 26.4000    4    2.000   1.0000      triangle
 28.4000    0    1.000   1.0000          NULL 
 29.4000    2    2.000   1.0000        square
 31.4000    0    1.000   1.0000          NULL 
 32.4000    4    2.000   1.0000      triangle
 34.4000    0    1.000   1.0000          NULL 
 35.4000    1    2.000   1.0000          line
 37.4000    0    1.000   1.0000          NULL 
 38.4000    1    2.000   1.0000          line
 40.4000    0    1.500   1.0000          NULL 
 41.9000    4    2.000   1.0000      triangle
 43.9000    0    1.500   1.0000          NULL 
 45.4000    2    2.000   1.0000        square
 47.4000    0    1.100   1.0000          NULL 
 48.5000    1    2.000   1.0000          line
 50.5000    0    1.400   1.0000          NULL 
 51.9000    2    2.000   1.0000        square
 53.9000    0    1.000   1.0000          NULL 
 54.9000    1    2.000   1.0000          line
 56.9000    0    1.500   1.0000          NULL 
 58.4000    3    2.000   1.0000        circle
 60.4000    0    1.400   1.0000          NULL 
 61.8000    4    2.000   1.0000      triangle
 63.8000    0    1.300   1.0000          NULL 
 65.1000    1    2.000   1.0000          line
 67.1000    0    1.100   1.0000          NULL 
 68.2000    2    2.000   1.0000        square
 70.2000    0    1.100   1.0000          NULL 
 71.3000    2    2.000   1.0000        square
 73.3000    0    1.200   1.0000          NULL 
 74.5000    3    2.000   1.0000        circle
 76.5000    0    1.300   1.0000          NULL 
 77.8000    3    2.000   1.0000        circle
 79.8000    0    1.000   1.0000          NULL 
 80.8000    2    2.000   1.0000        square
 82.8000    0    1.300   1.0000          NULL 
 84.1000    4    2.000   1.0000      triangle
 86.1000    0    1.100   1.0000          NULL 
 87.2000    4    2.000   1.0000      triangle
 89.2000    0    1.200   1.0000          NULL 
 90.3999    2    2.000   1.0000        square
 92.3999    0    1.000   1.0000          NULL 
 93.3999    2    2.000   1.0000        square
 95.3999    0    1.800   1.0000          NULL 
 97.1999    3    2.000   1.0000        circle
 99.1999    0    1.200   1.0000          NULL 
100.3999    4    2.000   1.0000      triangle
102.3999    0    1.300   1.0000          NULL 
103.6999    4    2.000   1.0000      triangle
105.6999    0    1.400   1.0000          NULL 
107.0999    3    2.000   1.0000        circle
109.0999    0    1.100   1.0000          NULL 
110.1999    3    2.000   1.0000        circle
112.1999    0    1.200   1.0000          NULL 
113.3999    1    2.000   1.0000          line
115.3999    0    1.200   1.0000          NULL 
116.5999    3    2.000   1.0000        circle
118.5999    0    1.300   1.0000          NULL 
119.8999    1    2.000   1.0000          line
121.8999    0    1.600   1.0000          NULL 
123.4999    2    2.000   1.0000        square
125.4999    0    1.000   1.0000          NULL 
126.4999    4    2.000   1.0000      triangle
128.4999    0    1.500   1.0000          NULL 
