  0.0000    2    2.000   1.0000        square
  2.0000    0    0.500   1.0000          NULL 
  2.5000    1    2.000   1.0000          line
  4.5000    0    1.000   1.0000          NULL 
  5.5000    3    2.000   1.0000      triangle
  7.5000    0    2.500   1.0000          NULL 
 10.0000    1    2.000   1.0000          line
 12.0000    0    1.500   1.0000          NULL 
 13.5000    1    2.000   1.0000          line
 15.5000    0    1.000   1.0000          NULL 
 16.5000    3    2.000   1.0000      triangle
 18.5000    0    1.000   1.0000          NULL 
 19.5000    3    2.000   1.0000      triangle
 21.5000    0    0.500   1.0000          NULL 
 22.0000    2    2.000   1.0000        square
 24.0000    0    2.000   1.0000          NULL 
 26.0000    2    2.000   1.0000        square
 28.0000    0    1.500   1.0000          NULL 
 29.5000    3    2.000   1.0000      triangle
 31.5000    0    1.500   1.0000          NULL 
 33.0000    3    2.000   1.0000      triangle
 35.0000    0    0.500   1.0000          NULL 
 35.5000    1    2.000   1.0000          line
 37.5000    0    2.500   1.0000          NULL 
 40.0000    2    2.000   1.0000        square
 42.0000    0    1.500   1.0000          NULL 
 43.5000    2    2.000   1.0000        square
 45.5000    0    1.000   1.0000          NULL 
 46.5000    4    2.000   1.0000        circle
 48.5000    0    1.000   1.0000          NULL 
 49.5000    2    2.000   1.0000        square
 51.5000    0    1.000   1.0000          NULL 
 52.5000    3    2.000   1.0000      triangle
 54.5000    0    1.500   1.0000          NULL 
 56.0000    2    2.000   1.0000        square
 58.0000    0    4.000   1.0000          NULL 
 62.0000    4    2.000   1.0000        circle
 64.0000    0    0.500   1.0000          NULL 
 64.5000    4    2.000   1.0000        circle
 66.5000    0    1.500   1.0000          NULL 
 68.0000    3    2.000   1.0000      triangle
 70.0000    0    4.000   1.0000          NULL 
 74.0000    1    2.000   1.0000          line
 76.0000    0    2.500   1.0000          NULL 
 78.5000    3    2.000   1.0000      triangle
 80.5000    0    1.500   1.0000          NULL 
 82.0000    1    2.000   1.0000          line
 84.0000    0    0.500   1.0000          NULL 
 84.5000    1    2.000   1.0000          line
 86.5000    0    3.500   1.0000          NULL 
 90.0000    4    2.000   1.0000        circle
 92.0000    0    1.500   1.0000          NULL 
 93.5000    4    2.000   1.0000        circle
 95.5000    0    1.000   1.0000          NULL 
 96.5000    1    2.000   1.0000          line
 98.5000    0    2.000   1.0000          NULL 
100.5000    3    2.000   1.0000      triangle
102.5000    0    0.500   1.0000          NULL 
103.0000    2    2.000   1.0000        square
105.0000    0    3.500   1.0000          NULL 
108.5000    1    2.000   1.0000          line
110.5000    0    1.000   1.0000          NULL 
111.5000    4    2.000   1.0000        circle
113.5000    0    1.000   1.0000          NULL 
114.5000    2    2.000   1.0000        square
116.5000    0    4.000   1.0000          NULL 
120.5000    2    2.000   1.0000        square
122.5000    0    3.000   1.0000          NULL 
125.5000    3    2.000   1.0000      triangle
127.5000    0    1.500   1.0000          NULL 
129.0000    2    2.000   1.0000        square
131.0000    0    0.500   1.0000          NULL 
131.5000    4    2.000   1.0000        circle
133.5000    0    4.000   1.0000          NULL 
137.5000    4    2.000   1.0000        circle
139.5000    0    1.000   1.0000          NULL 
140.5000    4    2.000   1.0000        circle
142.5000    0    0.500   1.0000          NULL 
143.0000    4    2.000   1.0000        circle
145.0000    0    2.500   1.0000          NULL 
147.5000    1    2.000   1.0000          line
149.5000    0    1.000   1.0000          NULL 
150.5000    4    2.000   1.0000        circle
152.5000    0    3.000   1.0000          NULL 
155.5000    1    2.000   1.0000          line
157.5000    0    1.000   1.0000          NULL 
158.5000    4    2.000   1.0000        circle
160.5000    0    3.500   1.0000          NULL 
164.0000    4    2.000   1.0000        circle
166.0000    0    0.500   1.0000          NULL 
166.5000    2    2.000   1.0000        square
168.5000    0    0.500   1.0000          NULL 
169.0000    2    2.000   1.0000        square
171.0000    0    1.000   1.0000          NULL 
172.0000    1    2.000   1.0000          line
174.0000    0    0.500   1.0000          NULL 
174.5000    3    2.000   1.0000      triangle
176.5000    0    1.500   1.0000          NULL 
178.0000    3    2.000   1.0000      triangle
180.0000    0    1.000   1.0000          NULL 
181.0000    3    2.000   1.0000      triangle
183.0000    0    2.000   1.0000          NULL 
185.0000    3    2.000   1.0000      triangle
187.0000    0    1.000   1.0000          NULL 
188.0000    3    2.000   1.0000      triangle
190.0000    0    0.500   1.0000          NULL 
190.5000    2    2.000   1.0000        square
192.5000    0    4.000   1.0000          NULL 
196.5000    4    2.000   1.0000        circle
198.5000    0    1.500   1.0000          NULL 
200.0000    2    2.000   1.0000        square
202.0000    0    2.000   1.0000          NULL 
204.0000    3    2.000   1.0000      triangle
206.0000    0    2.500   1.0000          NULL 
208.5000    1    2.000   1.0000          line
210.5000    0    1.000   1.0000          NULL 
211.5000    2    2.000   1.0000        square
213.5000    0    2.500   1.0000          NULL 
216.0000    4    2.000   1.0000        circle
218.0000    0    2.000   1.0000          NULL 
220.0000    1    2.000   1.0000          line
222.0000    0    0.500   1.0000          NULL 
222.5000    1    2.000   1.0000          line
224.5000    0    1.000   1.0000          NULL 
225.5000    3    2.000   1.0000      triangle
227.5000    0    1.000   1.0000          NULL 
228.5000    4    2.000   1.0000        circle
230.5000    0    2.000   1.0000          NULL 
232.5000    4    2.000   1.0000        circle
234.5000    0    1.500   1.0000          NULL 
236.0000    3    2.000   1.0000      triangle
238.0000    0    3.000   1.0000          NULL 
241.0000    2    2.000   1.0000        square
243.0000    0    0.500   1.0000          NULL 
243.5000    4    2.000   1.0000        circle
245.5000    0    1.500   1.0000          NULL 
247.0000    2    2.000   1.0000        square
249.0000    0    1.000   1.0000          NULL 
250.0000    2    2.000   1.0000        square
252.0000    0    0.500   1.0000          NULL 
252.5000    2    2.000   1.0000        square
254.5000    0    0.500   1.0000          NULL 
255.0000    4    2.000   1.0000        circle
257.0000    0    1.500   1.0000          NULL 
258.5000    2    2.000   1.0000        square
260.5000    0    2.500   1.0000          NULL 
263.0000    3    2.000   1.0000      triangle
265.0000    0    1.000   1.0000          NULL 
266.0000    3    2.000   1.0000      triangle
268.0000    0    1.000   1.0000          NULL 
269.0000    3    2.000   1.0000      triangle
271.0000    0    1.000   1.0000          NULL 
272.0000    2    2.000   1.0000        square
274.0000    0    0.500   1.0000          NULL 
274.5000    3    2.000   1.0000      triangle
276.5000    0    2.500   1.0000          NULL 
279.0000    2    2.000   1.0000        square
281.0000    0    0.500   1.0000          NULL 
281.5000    1    2.000   1.0000          line
283.5000    0    0.500   1.0000          NULL 
284.0000    1    2.000   1.0000          line
286.0000    0    1.000   1.0000          NULL 
287.0000    2    2.000   1.0000        square
289.0000    0    2.500   1.0000          NULL 
291.5000    2    2.000   1.0000        square
293.5000    0    0.500   1.0000          NULL 
294.0000    4    2.000   1.0000        circle
296.0000    0    0.500   1.0000          NULL 
296.5000    4    2.000   1.0000        circle
298.5000    0    2.500   1.0000          NULL 
301.0000    1    2.000   1.0000          line
303.0000    0    3.500   1.0000          NULL 
306.5000    2    2.000   1.0000        square
308.5000    0    0.500   1.0000          NULL 
309.0000    3    2.000   1.0000      triangle
311.0000    0    1.000   1.0000          NULL 
312.0000    4    2.000   1.0000        circle
314.0000    0    1.000   1.0000          NULL 
315.0000    3    2.000   1.0000      triangle
317.0000    0    1.500   1.0000          NULL 
318.5000    4    2.000   1.0000        circle
320.5000    0    2.000   1.0000          NULL 
322.5000    4    2.000   1.0000        circle
324.5000    0    0.500   1.0000          NULL 
325.0000    1    2.000   1.0000          line
327.0000    0    1.000   1.0000          NULL 
328.0000    4    2.000   1.0000        circle
330.0000    0    3.500   1.0000          NULL 
333.5000    4    2.000   1.0000        circle
335.5000    0    3.000   1.0000          NULL 
338.5000    1    2.000   1.0000          line
340.5000    0    0.500   1.0000          NULL 
341.0000    4    2.000   1.0000        circle
343.0000    0    1.000   1.0000          NULL 
344.0000    2    2.000   1.0000        square
346.0000    0    1.000   1.0000          NULL 
347.0000    1    2.000   1.0000          line
349.0000    0    1.500   1.0000          NULL 
350.5000    1    2.000   1.0000          line
352.5000    0    0.500   1.0000          NULL 
353.0000    1    2.000   1.0000          line
355.0000    0    1.000   1.0000          NULL 
356.0000    1    2.000   1.0000          line
358.0000    0    2.000   1.0000          NULL 
360.0000    1    2.000   1.0000          line
362.0000    0    0.500   1.0000          NULL 
362.5000    2    2.000   1.0000        square
364.5000    0    1.000   1.0000          NULL 
365.5000    3    2.000   1.0000      triangle
367.5000    0    1.000   1.0000          NULL 
368.5000    1    2.000   1.0000          line
370.5000    0    0.500   1.0000          NULL 
371.0000    4    2.000   1.0000        circle
373.0000    0    0.500   1.0000          NULL 
373.5000    2    2.000   1.0000        square
375.5000    0    3.000   1.0000          NULL 
378.5000    1    2.000   1.0000          line
380.5000    0    3.000   1.0000          NULL 
383.5000    2    2.000   1.0000        square
385.5000    0    0.500   1.0000          NULL 
386.0000    4    2.000   1.0000        circle
388.0000    0    1.000   1.0000          NULL 
389.0000    1    2.000   1.0000          line
391.0000    0    1.500   1.0000          NULL 
392.5000    3    2.000   1.0000      triangle
394.5000    0    1.000   1.0000          NULL 
395.5000    3    2.000   1.0000      triangle
397.5000    0    1.500   1.0000          NULL 
399.0000    4    2.000   1.0000        circle
401.0000    0    2.000   1.0000          NULL 
403.0000    3    2.000   1.0000      triangle
405.0000    0    0.500   1.0000          NULL 
405.5000    1    2.000   1.0000          line
407.5000    0    4.000   1.0000          NULL 
411.5000    3    2.000   1.0000      triangle
413.5000    0    1.000   1.0000          NULL 
414.5000    1    2.000   1.0000          line
416.5000    0    1.000   1.0000          NULL 
417.5000    3    2.000   1.0000      triangle
419.5000    0    0.500   1.0000          NULL 
