  0.0000    4    2.000   1.0000        circle
  2.0000    0    0.500   1.0000          NULL 
  2.5000    1    2.000   1.0000          line
  4.5000    0    2.000   1.0000          NULL 
  6.5000    1    2.000   1.0000          line
  8.5000    0    3.500   1.0000          NULL 
 12.0000    2    2.000   1.0000        square
 14.0000    0    1.000   1.0000          NULL 
 15.0000    4    2.000   1.0000        circle
 17.0000    0    0.500   1.0000          NULL 
 17.5000    2    2.000   1.0000        square
 19.5000    0    0.500   1.0000          NULL 
 20.0000    4    2.000   1.0000        circle
 22.0000    0    4.000   1.0000          NULL 
 26.0000    1    2.000   1.0000          line
 28.0000    0    1.500   1.0000          NULL 
 29.5000    4    2.000   1.0000        circle
 31.5000    0    1.000   1.0000          NULL 
 32.5000    2    2.000   1.0000        square
 34.5000    0    3.500   1.0000          NULL 
 38.0000    1    2.000   1.0000          line
 40.0000    0    0.500   1.0000          NULL 
 40.5000    2    2.000   1.0000        square
 42.5000    0    1.500   1.0000          NULL 
 44.0000    2    2.000   1.0000        square
 46.0000    0    4.000   1.0000          NULL 
 50.0000    3    2.000   1.0000      triangle
 52.0000    0    3.500   1.0000          NULL 
 55.5000    1    2.000   1.0000          line
 57.5000    0    0.500   1.0000          NULL 
 58.0000    2    2.000   1.0000        square
 60.0000    0    2.500   1.0000          NULL 
 62.5000    3    2.000   1.0000      triangle
 64.5000    0    1.000   1.0000          NULL 
 65.5000    2    2.000   1.0000        square
 67.5000    0    3.500   1.0000          NULL 
 71.0000    4    2.000   1.0000        circle
 73.0000    0    0.500   1.0000          NULL 
 73.5000    3    2.000   1.0000      triangle
 75.5000    0    1.000   1.0000          NULL 
 76.5000    2    2.000   1.0000        square
 78.5000    0    1.000   1.0000          NULL 
 79.5000    1    2.000   1.0000          line
 81.5000    0    0.500   1.0000          NULL 
 82.0000    3    2.000   1.0000      triangle
 84.0000    0    0.500   1.0000          NULL 
 84.5000    1    2.000   1.0000          line
 86.5000    0    2.500   1.0000          NULL 
 89.0000    1    2.000   1.0000          line
 91.0000    0    1.000   1.0000          NULL 
 92.0000    2    2.000   1.0000        square
 94.0000    0    0.500   1.0000          NULL 
 94.5000    1    2.000   1.0000          line
 96.5000    0    0.500   1.0000          NULL 
 97.0000    3    2.000   1.0000      triangle
 99.0000    0    2.500   1.0000          NULL 
101.5000    1    2.000   1.0000          line
103.5000    0    2.000   1.0000          NULL 
105.5000    1    2.000   1.0000          line
107.5000    0    1.000   1.0000          NULL 
108.5000    2    2.000   1.0000        square
110.5000    0    0.500   1.0000          NULL 
111.0000    2    2.000   1.0000        square
113.0000    0    2.500   1.0000          NULL 
115.5000    3    2.000   1.0000      triangle
117.5000    0    0.500   1.0000          NULL 
118.0000    1    2.000   1.0000          line
120.0000    0    0.500   1.0000          NULL 
120.5000    3    2.000   1.0000      triangle
122.5000    0    2.000   1.0000          NULL 
124.5000    4    2.000   1.0000        circle
126.5000    0    1.000   1.0000          NULL 
127.5000    2    2.000   1.0000        square
129.5000    0    0.500   1.0000          NULL 
130.0000    1    2.000   1.0000          line
132.0000    0    1.000   1.0000          NULL 
133.0000    1    2.000   1.0000          line
135.0000    0    2.000   1.0000          NULL 
137.0000    3    2.000   1.0000      triangle
139.0000    0    1.000   1.0000          NULL 
140.0000    4    2.000   1.0000        circle
142.0000    0    2.000   1.0000          NULL 
144.0000    3    2.000   1.0000      triangle
146.0000    0    2.000   1.0000          NULL 
148.0000    1    2.000   1.0000          line
150.0000    0    1.500   1.0000          NULL 
151.5000    2    2.000   1.0000        square
153.5000    0    3.000   1.0000          NULL 
156.5000    4    2.000   1.0000        circle
158.5000    0    1.000   1.0000          NULL 
159.5000    4    2.000   1.0000        circle
161.5000    0    0.500   1.0000          NULL 
162.0000    1    2.000   1.0000          line
164.0000    0    1.000   1.0000          NULL 
165.0000    2    2.000   1.0000        square
167.0000    0    0.500   1.0000          NULL 
167.5000    3    2.000   1.0000      triangle
169.5000    0    1.500   1.0000          NULL 
171.0000    2    2.000   1.0000        square
173.0000    0    4.000   1.0000          NULL 
177.0000    3    2.000   1.0000      triangle
179.0000    0    1.000   1.0000          NULL 
180.0000    2    2.000   1.0000        square
182.0000    0    1.000   1.0000          NULL 
183.0000    2    2.000   1.0000        square
185.0000    0    0.500   1.0000          NULL 
185.5000    1    2.000   1.0000          line
187.5000    0    1.500   1.0000          NULL 
189.0000    3    2.000   1.0000      triangle
191.0000    0    1.000   1.0000          NULL 
192.0000    4    2.000   1.0000        circle
194.0000    0    1.000   1.0000          NULL 
195.0000    4    2.000   1.0000        circle
197.0000    0    4.000   1.0000          NULL 
201.0000    3    2.000   1.0000      triangle
203.0000    0    1.500   1.0000          NULL 
204.5000    1    2.000   1.0000          line
206.5000    0    1.000   1.0000          NULL 
207.5000    3    2.000   1.0000      triangle
209.5000    0    1.000   1.0000          NULL 
210.5000    3    2.000   1.0000      triangle
212.5000    0    3.000   1.0000          NULL 
215.5000    3    2.000   1.0000      triangle
217.5000    0    0.500   1.0000          NULL 
218.0000    4    2.000   1.0000        circle
220.0000    0    2.000   1.0000          NULL 
222.0000    4    2.000   1.0000        circle
224.0000    0    2.500   1.0000          NULL 
226.5000    1    2.000   1.0000          line
228.5000    0    4.000   1.0000          NULL 
232.5000    4    2.000   1.0000        circle
234.5000    0    3.000   1.0000          NULL 
237.5000    2    2.000   1.0000        square
239.5000    0    1.000   1.0000          NULL 
240.5000    3    2.000   1.0000      triangle
242.5000    0    1.000   1.0000          NULL 
243.5000    4    2.000   1.0000        circle
245.5000    0    2.500   1.0000          NULL 
248.0000    1    2.000   1.0000          line
250.0000    0    0.500   1.0000          NULL 
250.5000    4    2.000   1.0000        circle
252.5000    0    0.500   1.0000          NULL 
253.0000    1    2.000   1.0000          line
255.0000    0    1.000   1.0000          NULL 
256.0000    2    2.000   1.0000        square
258.0000    0    1.000   1.0000          NULL 
259.0000    4    2.000   1.0000        circle
261.0000    0    1.000   1.0000          NULL 
262.0000    2    2.000   1.0000        square
264.0000    0    4.000   1.0000          NULL 
268.0000    4    2.000   1.0000        circle
270.0000    0    0.500   1.0000          NULL 
270.5000    4    2.000   1.0000        circle
272.5000    0    2.500   1.0000          NULL 
275.0000    3    2.000   1.0000      triangle
277.0000    0    0.500   1.0000          NULL 
277.5000    3    2.000   1.0000      triangle
279.5000    0    1.500   1.0000          NULL 
281.0000    1    2.000   1.0000          line
283.0000    0    1.000   1.0000          NULL 
284.0000    4    2.000   1.0000        circle
286.0000    0    3.500   1.0000          NULL 
289.5000    3    2.000   1.0000      triangle
291.5000    0    0.500   1.0000          NULL 
292.0000    4    2.000   1.0000        circle
294.0000    0    2.000   1.0000          NULL 
296.0000    2    2.000   1.0000        square
298.0000    0    1.000   1.0000          NULL 
299.0000    1    2.000   1.0000          line
301.0000    0    2.000   1.0000          NULL 
303.0000    4    2.000   1.0000        circle
305.0000    0    1.500   1.0000          NULL 
306.5000    1    2.000   1.0000          line
308.5000    0    1.000   1.0000          NULL 
309.5000    4    2.000   1.0000        circle
311.5000    0    0.500   1.0000          NULL 
312.0000    3    2.000   1.0000      triangle
314.0000    0    0.500   1.0000          NULL 
314.5000    4    2.000   1.0000        circle
316.5000    0    1.000   1.0000          NULL 
317.5000    1    2.000   1.0000          line
319.5000    0    1.500   1.0000          NULL 
321.0000    4    2.000   1.0000        circle
323.0000    0    0.500   1.0000          NULL 
323.5000    1    2.000   1.0000          line
325.5000    0    0.500   1.0000          NULL 
326.0000    3    2.000   1.0000      triangle
328.0000    0    3.000   1.0000          NULL 
331.0000    3    2.000   1.0000      triangle
333.0000    0    0.500   1.0000          NULL 
333.5000    1    2.000   1.0000          line
335.5000    0    2.000   1.0000          NULL 
337.5000    3    2.000   1.0000      triangle
339.5000    0    1.000   1.0000          NULL 
340.5000    1    2.000   1.0000          line
342.5000    0    0.500   1.0000          NULL 
343.0000    2    2.000   1.0000        square
345.0000    0    1.000   1.0000          NULL 
346.0000    3    2.000   1.0000      triangle
348.0000    0    1.000   1.0000          NULL 
349.0000    3    2.000   1.0000      triangle
351.0000    0    4.000   1.0000          NULL 
355.0000    3    2.000   1.0000      triangle
357.0000    0    1.500   1.0000          NULL 
358.5000    4    2.000   1.0000        circle
360.5000    0    1.000   1.0000          NULL 
361.5000    4    2.000   1.0000        circle
363.5000    0    0.500   1.0000          NULL 
364.0000    2    2.000   1.0000        square
366.0000    0    1.500   1.0000          NULL 
367.5000    1    2.000   1.0000          line
369.5000    0    0.500   1.0000          NULL 
370.0000    4    2.000   1.0000        circle
372.0000    0    1.500   1.0000          NULL 
373.5000    2    2.000   1.0000        square
375.5000    0    0.500   1.0000          NULL 
376.0000    3    2.000   1.0000      triangle
378.0000    0    1.000   1.0000          NULL 
379.0000    3    2.000   1.0000      triangle
381.0000    0    0.500   1.0000          NULL 
381.5000    4    2.000   1.0000        circle
383.5000    0    1.500   1.0000          NULL 
385.0000    2    2.000   1.0000        square
387.0000    0    3.500   1.0000          NULL 
390.5000    2    2.000   1.0000        square
392.5000    0    2.000   1.0000          NULL 
394.5000    4    2.000   1.0000        circle
396.5000    0    2.000   1.0000          NULL 
398.5000    3    2.000   1.0000      triangle
400.5000    0    0.500   1.0000          NULL 
401.0000    2    2.000   1.0000        square
403.0000    0    1.000   1.0000          NULL 
404.0000    1    2.000   1.0000          line
406.0000    0    0.500   1.0000          NULL 
406.5000    2    2.000   1.0000        square
408.5000    0    4.000   1.0000          NULL 
412.5000    2    2.000   1.0000        square
414.5000    0    2.000   1.0000          NULL 
416.5000    2    2.000   1.0000        square
418.5000    0    1.500   1.0000          NULL 
