  0.0000    4    2.000   1.0000      triangle
  2.0000    0    1.200   1.0000          NULL 
  3.2000    2    2.000   1.0000        square
  5.2000    0    1.300   1.0000          NULL 
  6.5000    4    2.000   1.0000      triangle
  8.5000    0    1.300   1.0000          NULL 
  9.8000    1    2.000   1.0000          line
 11.8000    0    1.900   1.0000          NULL 
 13.7000    2    2.000   1.0000        square
 15.7000    0    1.200   1.0000          NULL 
 16.9000    1    2.000   1.0000          line
 18.9000    0    1.500   1.0000          NULL 
 20.4000    2    2.000   1.0000        square
 22.4000    0    1.100   1.0000          NULL 
 23.5000    4    2.000   1.0000      triangle
 25.5000    0    1.400   1.0000          NULL 
 26.9000    3    2.000   1.0000        circle
 28.9000    0    1.100   1.0000          NULL 
 30.0000    2    2.000   1.0000        square
 32.0000    0    1.500   1.0000          NULL 
 33.5000    3    2.000   1.0000        circle
 35.5000    0    1.100   1.0000          NULL 
 36.6000    3    2.000   1.0000        circle
 38.6000    0    1.000   1.0000          NULL 
 39.6000    3    2.000   1.0000        circle
 41.6000    0    1.400   1.0000          NULL 
 43.0000    2    2.000   1.0000        square
 45.0000    0    1.000   1.0000          NULL 
 46.0000    2    2.000   1.0000        square
 48.0000    0    1.900   1.0000          NULL 
 49.9000    3    2.000   1.0000        circle
 51.9000    0    1.100   1.0000          NULL 
 53.0000    3    2.000   1.0000        circle
 55.0000    0    1.100   1.0000          NULL 
 56.1000    1    2.000   1.0000          line
 58.1000    0    2.000   1.0000          NULL 
 60.1000    3    2.000   1.0000        circle
 62.1000    0    1.600   1.0000          NULL 
 63.7000    1    2.000   1.0000          line
 65.7000    0    1.000   1.0000          NULL 
 66.7000    1    2.000   1.0000          line
 68.7000    0    1.200   1.0000          NULL 
 69.8999    1    2.000   1.0000          line
 71.8999    0    1.000   1.0000          NULL 
 72.8999    2    2.000   1.0000        square
 74.8999    0    1.000   1.0000          NULL 
 75.8999    2    2.000   1.0000        square
 77.8999    0    1.200   1.0000          NULL 
 79.0999    4    2.000   1.0000      triangle
 81.0999    0    1.300   1.0000          NULL 
 82.3999    3    2.000   1.0000        circle
 84.3999    0    1.000   1.0000          NULL 
 85.3999    4    2.000   1.0000      triangle
 87.3999    0    1.000   1.0000          NULL 
 88.3999    1    2.000   1.0000          line
 90.3999    0    1.100   1.0000          NULL 
 91.4999    1    2.000   1.0000          line
 93.4999    0    1.600   1.0000          NULL 
 95.0999    4    2.000   1.0000      triangle
 97.0999    0    1.400   1.0000          NULL 
 98.4999    2    2.000   1.0000        square
100.4999    0    1.000   1.0000          NULL 
101.4999    4    2.000   1.0000      triangle
103.4999    0    1.100   1.0000          NULL 
104.5999    1    2.000   1.0000          line
106.5999    0    1.000   1.0000          NULL 
107.5999    4    2.000   1.0000      triangle
109.5999    0    1.000   1.0000          NULL 
110.5999    3    2.000   1.0000        circle
112.5999    0    1.800   1.0000          NULL 
114.3999    2    2.000   1.0000        square
116.3999    0    1.100   1.0000          NULL 
117.4999    4    2.000   1.0000      triangle
119.4999    0    1.100   1.0000          NULL 
120.5999    3    2.000   1.0000        circle
122.5999    0    1.000   1.0000          NULL 
123.5999    4    2.000   1.0000      triangle
125.5999    0    1.100   1.0000          NULL 
126.6999    1    2.000   1.0000          line
128.6999    0    1.300   1.0000          NULL 
