  0.0000    1    2.000   1.0000          line
  2.0000    0    0.500   1.0000          NULL 
  2.5000    3    2.000   1.0000      triangle
  4.5000    0    0.500   1.0000          NULL 
  5.0000    2    2.000   1.0000        square
  7.0000    0    0.500   1.0000          NULL 
  7.5000    4    2.000   1.0000        circle
  9.5000    0    0.500   1.0000          NULL 
 10.0000    2    2.000   1.0000        square
 12.0000    0    1.000   1.0000          NULL 
 13.0000    2    2.000   1.0000        square
 15.0000    0    0.500   1.0000          NULL 
 15.5000    1    2.000   1.0000          line
 17.5000    0    1.000   1.0000          NULL 
 18.5000    2    2.000   1.0000        square
 20.5000    0    0.500   1.0000          NULL 
 21.0000    4    2.000   1.0000        circle
 23.0000    0    1.000   1.0000          NULL 
 24.0000    2    2.000   1.0000        square
 26.0000    0    0.500   1.0000          NULL 
 26.5000    2    2.000   1.0000        square
 28.5000    0    2.000   1.0000          NULL 
 30.5000    1    2.000   1.0000          line
 32.5000    0    0.500   1.0000          NULL 
 33.0000    1    2.000   1.0000          line
 35.0000    0    2.500   1.0000          NULL 
 37.5000    4    2.000   1.0000        circle
 39.5000    0    0.500   1.0000          NULL 
 40.0000    4    2.000   1.0000        circle
 42.0000    0    3.000   1.0000          NULL 
 45.0000    2    2.000   1.0000        square
 47.0000    0    1.500   1.0000          NULL 
 48.5000    1    2.000   1.0000          line
 50.5000    0    0.500   1.0000          NULL 
 51.0000    1    2.000   1.0000          line
 53.0000    0    0.500   1.0000          NULL 
 53.5000    3    2.000   1.0000      triangle
 55.5000    0    1.000   1.0000          NULL 
 56.5000    3    2.000   1.0000      triangle
 58.5000    0    1.000   1.0000          NULL 
 59.5000    2    2.000   1.0000        square
 61.5000    0    1.000   1.0000          NULL 
 62.5000    1    2.000   1.0000          line
 64.5000    0    3.000   1.0000          NULL 
 67.5000    1    2.000   1.0000          line
 69.5000    0    0.500   1.0000          NULL 
 70.0000    1    2.000   1.0000          line
 72.0000    0    0.500   1.0000          NULL 
 72.5000    4    2.000   1.0000        circle
 74.5000    0    2.500   1.0000          NULL 
 77.0000    3    2.000   1.0000      triangle
 79.0000    0    1.000   1.0000          NULL 
 80.0000    3    2.000   1.0000      triangle
 82.0000    0    2.000   1.0000          NULL 
 84.0000    2    2.000   1.0000        square
 86.0000    0    2.500   1.0000          NULL 
 88.5000    2    2.000   1.0000        square
 90.5000    0    0.500   1.0000          NULL 
 91.0000    3    2.000   1.0000      triangle
 93.0000    0    3.000   1.0000          NULL 
 96.0000    2    2.000   1.0000        square
 98.0000    0    3.000   1.0000          NULL 
101.0000    3    2.000   1.0000      triangle
103.0000    0    2.000   1.0000          NULL 
105.0000    1    2.000   1.0000          line
107.0000    0    3.000   1.0000          NULL 
110.0000    1    2.000   1.0000          line
112.0000    0    3.500   1.0000          NULL 
115.5000    2    2.000   1.0000        square
117.5000    0    3.000   1.0000          NULL 
120.5000    2    2.000   1.0000        square
122.5000    0    1.000   1.0000          NULL 
123.5000    3    2.000   1.0000      triangle
125.5000    0    1.500   1.0000          NULL 
127.0000    2    2.000   1.0000        square
129.0000    0    0.500   1.0000          NULL 
129.5000    1    2.000   1.0000          line
131.5000    0    0.500   1.0000          NULL 
132.0000    3    2.000   1.0000      triangle
134.0000    0    1.000   1.0000          NULL 
135.0000    1    2.000   1.0000          line
137.0000    0    1.500   1.0000          NULL 
138.5000    3    2.000   1.0000      triangle
140.5000    0    3.000   1.0000          NULL 
143.5000    1    2.000   1.0000          line
145.5000    0    3.500   1.0000          NULL 
149.0000    4    2.000   1.0000        circle
151.0000    0    4.000   1.0000          NULL 
155.0000    4    2.000   1.0000        circle
157.0000    0    4.000   1.0000          NULL 
161.0000    3    2.000   1.0000      triangle
163.0000    0    1.500   1.0000          NULL 
164.5000    4    2.000   1.0000        circle
166.5000    0    2.000   1.0000          NULL 
168.5000    2    2.000   1.0000        square
170.5000    0    1.000   1.0000          NULL 
171.5000    4    2.000   1.0000        circle
173.5000    0    0.500   1.0000          NULL 
174.0000    3    2.000   1.0000      triangle
176.0000    0    2.000   1.0000          NULL 
178.0000    1    2.000   1.0000          line
180.0000    0    1.000   1.0000          NULL 
181.0000    2    2.000   1.0000        square
183.0000    0    2.500   1.0000          NULL 
185.5000    4    2.000   1.0000        circle
187.5000    0    0.500   1.0000          NULL 
188.0000    4    2.000   1.0000        circle
190.0000    0    4.000   1.0000          NULL 
194.0000    3    2.000   1.0000      triangle
196.0000    0    1.500   1.0000          NULL 
197.5000    1    2.000   1.0000          line
199.5000    0    0.500   1.0000          NULL 
200.0000    1    2.000   1.0000          line
202.0000    0    0.500   1.0000          NULL 
202.5000    3    2.000   1.0000      triangle
204.5000    0    3.000   1.0000          NULL 
207.5000    4    2.000   1.0000        circle
209.5000    0    1.500   1.0000          NULL 
211.0000    4    2.000   1.0000        circle
213.0000    0    0.500   1.0000          NULL 
213.5000    1    2.000   1.0000          line
215.5000    0    2.500   1.0000          NULL 
218.0000    1    2.000   1.0000          line
220.0000    0    0.500   1.0000          NULL 
220.5000    4    2.000   1.0000        circle
222.5000    0    1.500   1.0000          NULL 
224.0000    2    2.000   1.0000        square
226.0000    0    1.500   1.0000          NULL 
227.5000    2    2.000   1.0000        square
229.5000    0    1.500   1.0000          NULL 
231.0000    4    2.000   1.0000        circle
233.0000    0    0.500   1.0000          NULL 
233.5000    1    2.000   1.0000          line
235.5000    0    1.500   1.0000          NULL 
237.0000    2    2.000   1.0000        square
239.0000    0    3.000   1.0000          NULL 
242.0000    1    2.000   1.0000          line
244.0000    0    1.000   1.0000          NULL 
245.0000    3    2.000   1.0000      triangle
247.0000    0    1.500   1.0000          NULL 
248.5000    4    2.000   1.0000        circle
250.5000    0    1.500   1.0000          NULL 
252.0000    3    2.000   1.0000      triangle
254.0000    0    1.500   1.0000          NULL 
255.5000    3    2.000   1.0000      triangle
257.5000    0    2.000   1.0000          NULL 
259.5000    2    2.000   1.0000        square
261.5000    0    1.000   1.0000          NULL 
262.5000    3    2.000   1.0000      triangle
264.5000    0    3.500   1.0000          NULL 
268.0000    4    2.000   1.0000        circle
270.0000    0    2.500   1.0000          NULL 
272.5000    4    2.000   1.0000        circle
274.5000    0    1.000   1.0000          NULL 
275.5000    4    2.000   1.0000        circle
277.5000    0    0.500   1.0000          NULL 
278.0000    3    2.000   1.0000      triangle
280.0000    0    0.500   1.0000          NULL 
280.5000    4    2.000   1.0000        circle
282.5000    0    0.500   1.0000          NULL 
283.0000    4    2.000   1.0000        circle
285.0000    0    1.500   1.0000          NULL 
286.5000    3    2.000   1.0000      triangle
288.5000    0    1.500   1.0000          NULL 
290.0000    4    2.000   1.0000        circle
292.0000    0    1.500   1.0000          NULL 
293.5000    1    2.000   1.0000          line
295.5000    0    2.500   1.0000          NULL 
298.0000    4    2.000   1.0000        circle
300.0000    0    0.500   1.0000          NULL 
300.5000    3    2.000   1.0000      triangle
302.5000    0    0.500   1.0000          NULL 
303.0000    2    2.000   1.0000        square
305.0000    0    0.500   1.0000          NULL 
305.5000    2    2.000   1.0000        square
307.5000    0    1.000   1.0000          NULL 
308.5000    2    2.000   1.0000        square
310.5000    0    0.500   1.0000          NULL 
311.0000    3    2.000   1.0000      triangle
313.0000    0    1.000   1.0000          NULL 
314.0000    4    2.000   1.0000        circle
316.0000    0    0.500   1.0000          NULL 
316.5000    4    2.000   1.0000        circle
318.5000    0    0.500   1.0000          NULL 
319.0000    2    2.000   1.0000        square
321.0000    0    1.500   1.0000          NULL 
322.5000    3    2.000   1.0000      triangle
324.5000    0    1.500   1.0000          NULL 
326.0000    3    2.000   1.0000      triangle
328.0000    0    2.000   1.0000          NULL 
330.0000    4    2.000   1.0000        circle
332.0000    0    1.500   1.0000          NULL 
333.5000    2    2.000   1.0000        square
335.5000    0    1.500   1.0000          NULL 
337.0000    4    2.000   1.0000        circle
339.0000    0    1.500   1.0000          NULL 
340.5000    3    2.000   1.0000      triangle
342.5000    0    3.000   1.0000          NULL 
345.5000    2    2.000   1.0000        square
347.5000    0    0.500   1.0000          NULL 
348.0000    2    2.000   1.0000        square
350.0000    0    0.500   1.0000          NULL 
350.5000    4    2.000   1.0000        circle
352.5000    0    1.500   1.0000          NULL 
354.0000    3    2.000   1.0000      triangle
356.0000    0    0.500   1.0000          NULL 
356.5000    3    2.000   1.0000      triangle
358.5000    0    1.500   1.0000          NULL 
360.0000    1    2.000   1.0000          line
362.0000    0    1.500   1.0000          NULL 
363.5000    3    2.000   1.0000      triangle
365.5000    0    2.500   1.0000          NULL 
368.0000    2    2.000   1.0000        square
370.0000    0    1.500   1.0000          NULL 
371.5000    1    2.000   1.0000          line
373.5000    0    1.000   1.0000          NULL 
374.5000    1    2.000   1.0000          line
376.5000    0    0.500   1.0000          NULL 
377.0000    4    2.000   1.0000        circle
379.0000    0    1.500   1.0000          NULL 
380.5000    4    2.000   1.0000        circle
382.5000    0    1.000   1.0000          NULL 
383.5000    3    2.000   1.0000      triangle
385.5000    0    0.500   1.0000          NULL 
386.0000    1    2.000   1.0000          line
388.0000    0    3.000   1.0000          NULL 
391.0000    2    2.000   1.0000        square
393.0000    0    4.000   1.0000          NULL 
397.0000    1    2.000   1.0000          line
399.0000    0    3.000   1.0000          NULL 
402.0000    2    2.000   1.0000        square
404.0000    0    1.500   1.0000          NULL 
405.5000    1    2.000   1.0000          line
407.5000    0    1.000   1.0000          NULL 
408.5000    1    2.000   1.0000          line
410.5000    0    1.000   1.0000          NULL 
411.5000    3    2.000   1.0000      triangle
413.5000    0    0.500   1.0000          NULL 
414.0000    1    2.000   1.0000          line
416.0000    0    4.000   1.0000          NULL 
