  0.0000    2    2.000   1.0000        square
  2.0000    0    0.500   1.0000          NULL 
  2.5000    1    2.000   1.0000          line
  4.5000    0    1.500   1.0000          NULL 
  6.0000    1    2.000   1.0000          line
  8.0000    0    0.500   1.0000          NULL 
  8.5000    2    2.000   1.0000        square
 10.5000    0    2.500   1.0000          NULL 
 13.0000    3    2.000   1.0000      triangle
 15.0000    0    1.500   1.0000          NULL 
 16.5000    2    2.000   1.0000        square
 18.5000    0    0.500   1.0000          NULL 
 19.0000    1    2.000   1.0000          line
 21.0000    0    0.500   1.0000          NULL 
 21.5000    2    2.000   1.0000        square
 23.5000    0    0.500   1.0000          NULL 
 24.0000    2    2.000   1.0000        square
 26.0000    0    1.500   1.0000          NULL 
 27.5000    2    2.000   1.0000        square
 29.5000    0    3.500   1.0000          NULL 
 33.0000    1    2.000   1.0000          line
 35.0000    0    0.500   1.0000          NULL 
 35.5000    2    2.000   1.0000        square
 37.5000    0    0.500   1.0000          NULL 
 38.0000    1    2.000   1.0000          line
 40.0000    0    0.500   1.0000          NULL 
 40.5000    3    2.000   1.0000      triangle
 42.5000    0    3.000   1.0000          NULL 
 45.5000    3    2.000   1.0000      triangle
 47.5000    0    0.500   1.0000          NULL 
 48.0000    3    2.000   1.0000      triangle
 50.0000    0    1.000   1.0000          NULL 
 51.0000    2    2.000   1.0000        square
 53.0000    0    0.500   1.0000          NULL 
 53.5000    3    2.000   1.0000      triangle
 55.5000    0    2.000   1.0000          NULL 
 57.5000    1    2.000   1.0000          line
 59.5000    0    1.000   1.0000          NULL 
 60.5000    4    2.000   1.0000        circle
 62.5000    0    1.000   1.0000          NULL 
 63.5000    2    2.000   1.0000        square
 65.5000    0    0.500   1.0000          NULL 
 66.0000    1    2.000   1.0000          line
 68.0000    0    2.500   1.0000          NULL 
 70.5000    3    2.000   1.0000      triangle
 72.5000    0    1.500   1.0000          NULL 
 74.0000    4    2.000   1.0000        circle
 76.0000    0    0.500   1.0000          NULL 
 76.5000    3    2.000   1.0000      triangle
 78.5000    0    1.000   1.0000          NULL 
 79.5000    1    2.000   1.0000          line
 81.5000    0    3.000   1.0000          NULL 
 84.5000    1    2.000   1.0000          line
 86.5000    0    1.000   1.0000          NULL 
 87.5000    3    2.000   1.0000      triangle
 89.5000    0    0.500   1.0000          NULL 
 90.0000    4    2.000   1.0000        circle
 92.0000    0    2.500   1.0000          NULL 
 94.5000    1    2.000   1.0000          line
 96.5000    0    1.000   1.0000          NULL 
 97.5000    3    2.000   1.0000      triangle
 99.5000    0    2.500   1.0000          NULL 
102.0000    4    2.000   1.0000        circle
104.0000    0    1.500   1.0000          NULL 
105.5000    2    2.000   1.0000        square
107.5000    0    2.000   1.0000          NULL 
109.5000    1    2.000   1.0000          line
111.5000    0    1.000   1.0000          NULL 
112.5000    2    2.000   1.0000        square
114.5000    0    1.000   1.0000          NULL 
115.5000    1    2.000   1.0000          line
117.5000    0    1.500   1.0000          NULL 
119.0000    4    2.000   1.0000        circle
121.0000    0    2.000   1.0000          NULL 
123.0000    2    2.000   1.0000        square
125.0000    0    3.500   1.0000          NULL 
128.5000    4    2.000   1.0000        circle
130.5000    0    2.000   1.0000          NULL 
132.5000    2    2.000   1.0000        square
134.5000    0    0.500   1.0000          NULL 
135.0000    1    2.000   1.0000          line
137.0000    0    1.000   1.0000          NULL 
138.0000    2    2.000   1.0000        square
140.0000    0    0.500   1.0000          NULL 
140.5000    4    2.000   1.0000        circle
142.5000    0    0.500   1.0000          NULL 
143.0000    3    2.000   1.0000      triangle
145.0000    0    2.000   1.0000          NULL 
147.0000    3    2.000   1.0000      triangle
149.0000    0    0.500   1.0000          NULL 
149.5000    1    2.000   1.0000          line
151.5000    0    1.000   1.0000          NULL 
152.5000    4    2.000   1.0000        circle
154.5000    0    3.500   1.0000          NULL 
158.0000    2    2.000   1.0000        square
160.0000    0    1.500   1.0000          NULL 
161.5000    3    2.000   1.0000      triangle
163.5000    0    0.500   1.0000          NULL 
164.0000    3    2.000   1.0000      triangle
166.0000    0    1.000   1.0000          NULL 
167.0000    2    2.000   1.0000        square
169.0000    0    4.000   1.0000          NULL 
173.0000    1    2.000   1.0000          line
175.0000    0    3.500   1.0000          NULL 
178.5000    1    2.000   1.0000          line
180.5000    0    0.500   1.0000          NULL 
181.0000    4    2.000   1.0000        circle
183.0000    0    3.500   1.0000          NULL 
186.5000    3    2.000   1.0000      triangle
188.5000    0    1.500   1.0000          NULL 
190.0000    2    2.000   1.0000        square
192.0000    0    1.500   1.0000          NULL 
193.5000    4    2.000   1.0000        circle
195.5000    0    2.000   1.0000          NULL 
197.5000    2    2.000   1.0000        square
199.5000    0    1.000   1.0000          NULL 
200.5000    1    2.000   1.0000          line
202.5000    0    0.500   1.0000          NULL 
203.0000    3    2.000   1.0000      triangle
205.0000    0    1.500   1.0000          NULL 
206.5000    4    2.000   1.0000        circle
208.5000    0    0.500   1.0000          NULL 
209.0000    2    2.000   1.0000        square
211.0000    0    4.000   1.0000          NULL 
215.0000    2    2.000   1.0000        square
217.0000    0    0.500   1.0000          NULL 
217.5000    4    2.000   1.0000        circle
219.5000    0    3.000   1.0000          NULL 
222.5000    4    2.000   1.0000        circle
224.5000    0    2.500   1.0000          NULL 
227.0000    1    2.000   1.0000          line
229.0000    0    2.000   1.0000          NULL 
231.0000    4    2.000   1.0000        circle
233.0000    0    1.500   1.0000          NULL 
234.5000    1    2.000   1.0000          line
236.5000    0    0.500   1.0000          NULL 
237.0000    4    2.000   1.0000        circle
239.0000    0    3.500   1.0000          NULL 
242.5000    1    2.000   1.0000          line
244.5000    0    0.500   1.0000          NULL 
245.0000    1    2.000   1.0000          line
247.0000    0    0.500   1.0000          NULL 
247.5000    1    2.000   1.0000          line
249.5000    0    2.000   1.0000          NULL 
251.5000    4    2.000   1.0000        circle
253.5000    0    2.500   1.0000          NULL 
256.0000    4    2.000   1.0000        circle
258.0000    0    2.500   1.0000          NULL 
260.5000    4    2.000   1.0000        circle
262.5000    0    1.000   1.0000          NULL 
263.5000    3    2.000   1.0000      triangle
265.5000    0    0.500   1.0000          NULL 
266.0000    3    2.000   1.0000      triangle
268.0000    0    2.000   1.0000          NULL 
270.0000    3    2.000   1.0000      triangle
272.0000    0    1.500   1.0000          NULL 
273.5000    1    2.000   1.0000          line
275.5000    0    1.000   1.0000          NULL 
276.5000    3    2.000   1.0000      triangle
278.5000    0    1.000   1.0000          NULL 
279.5000    3    2.000   1.0000      triangle
281.5000    0    1.000   1.0000          NULL 
282.5000    4    2.000   1.0000        circle
284.5000    0    1.000   1.0000          NULL 
285.5000    4    2.000   1.0000        circle
287.5000    0    0.500   1.0000          NULL 
288.0000    2    2.000   1.0000        square
290.0000    0    1.000   1.0000          NULL 
291.0000    4    2.000   1.0000        circle
293.0000    0    0.500   1.0000          NULL 
293.5000    4    2.000   1.0000        circle
295.5000    0    1.000   1.0000          NULL 
296.5000    4    2.000   1.0000        circle
298.5000    0    3.500   1.0000          NULL 
302.0000    4    2.000   1.0000        circle
304.0000    0    3.000   1.0000          NULL 
307.0000    1    2.000   1.0000          line
309.0000    0    1.500   1.0000          NULL 
310.5000    1    2.000   1.0000          line
312.5000    0    0.500   1.0000          NULL 
313.0000    2    2.000   1.0000        square
315.0000    0    1.000   1.0000          NULL 
316.0000    1    2.000   1.0000          line
318.0000    0    0.500   1.0000          NULL 
318.5000    3    2.000   1.0000      triangle
320.5000    0    1.000   1.0000          NULL 
321.5000    2    2.000   1.0000        square
323.5000    0    0.500   1.0000          NULL 
324.0000    3    2.000   1.0000      triangle
326.0000    0    1.500   1.0000          NULL 
327.5000    3    2.000   1.0000      triangle
329.5000    0    1.000   1.0000          NULL 
330.5000    2    2.000   1.0000        square
332.5000    0    4.000   1.0000          NULL 
336.5000    2    2.000   1.0000        square
338.5000    0    2.000   1.0000          NULL 
340.5000    4    2.000   1.0000        circle
342.5000    0    3.000   1.0000          NULL 
345.5000    3    2.000   1.0000      triangle
347.5000    0    1.500   1.0000          NULL 
349.0000    2    2.000   1.0000        square
351.0000    0    1.500   1.0000          NULL 
352.5000    3    2.000   1.0000      triangle
354.5000    0    2.000   1.0000          NULL 
356.5000    3    2.000   1.0000      triangle
358.5000    0    1.000   1.0000          NULL 
359.5000    2    2.000   1.0000        square
361.5000    0    0.500   1.0000          NULL 
362.0000    1    2.000   1.0000          line
364.0000    0    2.000   1.0000          NULL 
366.0000    1    2.000   1.0000          line
368.0000    0    1.000   1.0000          NULL 
369.0000    3    2.000   1.0000      triangle
371.0000    0    0.500   1.0000          NULL 
371.5000    2    2.000   1.0000        square
373.5000    0    1.000   1.0000          NULL 
374.5000    4    2.000   1.0000        circle
376.5000    0    3.000   1.0000          NULL 
379.5000    1    2.000   1.0000          line
381.5000    0    0.500   1.0000          NULL 
382.0000    4    2.000   1.0000        circle
384.0000    0    1.000   1.0000          NULL 
385.0000    3    2.000   1.0000      triangle
387.0000    0    1.000   1.0000          NULL 
388.0000    4    2.000   1.0000        circle
390.0000    0    1.500   1.0000          NULL 
391.5000    2    2.000   1.0000        square
393.5000    0    1.000   1.0000          NULL 
394.5000    3    2.000   1.0000      triangle
396.5000    0    1.000   1.0000          NULL 
397.5000    1    2.000   1.0000          line
399.5000    0    2.000   1.0000          NULL 
401.5000    3    2.000   1.0000      triangle
403.5000    0    0.500   1.0000          NULL 
404.0000    4    2.000   1.0000        circle
406.0000    0    1.000   1.0000          NULL 
407.0000    4    2.000   1.0000        circle
409.0000    0    4.000   1.0000          NULL 
413.0000    2    2.000   1.0000        square
415.0000    0    5.000   1.0000          NULL 
