  0.0000    1    2.000   1.0000          line
  2.0000    0    3.000   1.0000          NULL 
  5.0000    1    2.000   1.0000          line
  7.0000    0    0.500   1.0000          NULL 
  7.5000    2    2.000   1.0000        square
  9.5000    0    0.500   1.0000          NULL 
 10.0000    4    2.000   1.0000        circle
 12.0000    0    1.500   1.0000          NULL 
 13.5000    2    2.000   1.0000        square
 15.5000    0    1.000   1.0000          NULL 
 16.5000    1    2.000   1.0000          line
 18.5000    0    0.500   1.0000          NULL 
 19.0000    2    2.000   1.0000        square
 21.0000    0    1.000   1.0000          NULL 
 22.0000    3    2.000   1.0000      triangle
 24.0000    0    2.000   1.0000          NULL 
 26.0000    2    2.000   1.0000        square
 28.0000    0    2.500   1.0000          NULL 
 30.5000    3    2.000   1.0000      triangle
 32.5000    0    2.500   1.0000          NULL 
 35.0000    2    2.000   1.0000        square
 37.0000    0    1.000   1.0000          NULL 
 38.0000    2    2.000   1.0000        square
 40.0000    0    0.500   1.0000          NULL 
 40.5000    2    2.000   1.0000        square
 42.5000    0    1.000   1.0000          NULL 
 43.5000    1    2.000   1.0000          line
 45.5000    0    1.000   1.0000          NULL 
 46.5000    3    2.000   1.0000      triangle
 48.5000    0    0.500   1.0000          NULL 
 49.0000    4    2.000   1.0000        circle
 51.0000    0    1.500   1.0000          NULL 
 52.5000    3    2.000   1.0000      triangle
 54.5000    0    2.000   1.0000          NULL 
 56.5000    3    2.000   1.0000      triangle
 58.5000    0    0.500   1.0000          NULL 
 59.0000    3    2.000   1.0000      triangle
 61.0000    0    0.500   1.0000          NULL 
 61.5000    4    2.000   1.0000        circle
 63.5000    0    1.500   1.0000          NULL 
 65.0000    1    2.000   1.0000          line
 67.0000    0    2.000   1.0000          NULL 
 69.0000    2    2.000   1.0000        square
 71.0000    0    0.500   1.0000          NULL 
 71.5000    3    2.000   1.0000      triangle
 73.5000    0    1.500   1.0000          NULL 
 75.0000    1    2.000   1.0000          line
 77.0000    0    1.500   1.0000          NULL 
 78.5000    3    2.000   1.0000      triangle
 80.5000    0    4.000   1.0000          NULL 
 84.5000    2    2.000   1.0000        square
 86.5000    0    0.500   1.0000          NULL 
 87.0000    3    2.000   1.0000      triangle
 89.0000    0    0.500   1.0000          NULL 
 89.5000    1    2.000   1.0000          line
 91.5000    0    1.000   1.0000          NULL 
 92.5000    2    2.000   1.0000        square
 94.5000    0    2.500   1.0000          NULL 
 97.0000    4    2.000   1.0000        circle
 99.0000    0    0.500   1.0000          NULL 
 99.5000    2    2.000   1.0000        square
101.5000    0    1.500   1.0000          NULL 
103.0000    1    2.000   1.0000          line
105.0000    0    0.500   1.0000          NULL 
105.5000    3    2.000   1.0000      triangle
107.5000    0    0.500   1.0000          NULL 
108.0000    3    2.000   1.0000      triangle
110.0000    0    1.500   1.0000          NULL 
111.5000    1    2.000   1.0000          line
113.5000    0    3.000   1.0000          NULL 
116.5000    4    2.000   1.0000        circle
118.5000    0    3.500   1.0000          NULL 
122.0000    2    2.000   1.0000        square
124.0000    0    1.000   1.0000          NULL 
125.0000    3    2.000   1.0000      triangle
127.0000    0    4.000   1.0000          NULL 
131.0000    3    2.000   1.0000      triangle
133.0000    0    0.500   1.0000          NULL 
133.5000    1    2.000   1.0000          line
135.5000    0    0.500   1.0000          NULL 
136.0000    4    2.000   1.0000        circle
138.0000    0    3.500   1.0000          NULL 
141.5000    4    2.000   1.0000        circle
143.5000    0    2.000   1.0000          NULL 
145.5000    4    2.000   1.0000        circle
147.5000    0    1.000   1.0000          NULL 
148.5000    2    2.000   1.0000        square
150.5000    0    0.500   1.0000          NULL 
151.0000    2    2.000   1.0000        square
153.0000    0    4.000   1.0000          NULL 
157.0000    3    2.000   1.0000      triangle
159.0000    0    1.000   1.0000          NULL 
160.0000    2    2.000   1.0000        square
162.0000    0    1.000   1.0000          NULL 
163.0000    4    2.000   1.0000        circle
165.0000    0    1.000   1.0000          NULL 
166.0000    1    2.000   1.0000          line
168.0000    0    0.500   1.0000          NULL 
168.5000    1    2.000   1.0000          line
170.5000    0    1.500   1.0000          NULL 
172.0000    3    2.000   1.0000      triangle
174.0000    0    0.500   1.0000          NULL 
174.5000    2    2.000   1.0000        square
176.5000    0    2.000   1.0000          NULL 
178.5000    4    2.000   1.0000        circle
180.5000    0    1.000   1.0000          NULL 
181.5000    3    2.000   1.0000      triangle
183.5000    0    0.500   1.0000          NULL 
184.0000    1    2.000   1.0000          line
186.0000    0    1.500   1.0000          NULL 
187.5000    2    2.000   1.0000        square
189.5000    0    0.500   1.0000          NULL 
190.0000    1    2.000   1.0000          line
192.0000    0    1.500   1.0000          NULL 
193.5000    3    2.000   1.0000      triangle
195.5000    0    3.000   1.0000          NULL 
198.5000    2    2.000   1.0000        square
200.5000    0    1.000   1.0000          NULL 
201.5000    4    2.000   1.0000        circle
203.5000    0    0.500   1.0000          NULL 
204.0000    2    2.000   1.0000        square
206.0000    0    1.500   1.0000          NULL 
207.5000    4    2.000   1.0000        circle
209.5000    0    2.500   1.0000          NULL 
212.0000    1    2.000   1.0000          line
214.0000    0    2.000   1.0000          NULL 
216.0000    4    2.000   1.0000        circle
218.0000    0    1.000   1.0000          NULL 
219.0000    4    2.000   1.0000        circle
221.0000    0    1.000   1.0000          NULL 
222.0000    4    2.000   1.0000        circle
224.0000    0    2.000   1.0000          NULL 
226.0000    4    2.000   1.0000        circle
228.0000    0    0.500   1.0000          NULL 
228.5000    1    2.000   1.0000          line
230.5000    0    3.000   1.0000          NULL 
233.5000    3    2.000   1.0000      triangle
235.5000    0    0.500   1.0000          NULL 
236.0000    3    2.000   1.0000      triangle
238.0000    0    1.000   1.0000          NULL 
239.0000    2    2.000   1.0000        square
241.0000    0    0.500   1.0000          NULL 
241.5000    4    2.000   1.0000        circle
243.5000    0    1.000   1.0000          NULL 
244.5000    1    2.000   1.0000          line
246.5000    0    0.500   1.0000          NULL 
247.0000    1    2.000   1.0000          line
249.0000    0    0.500   1.0000          NULL 
249.5000    1    2.000   1.0000          line
251.5000    0    2.000   1.0000          NULL 
253.5000    3    2.000   1.0000      triangle
255.5000    0    1.500   1.0000          NULL 
257.0000    1    2.000   1.0000          line
259.0000    0    2.500   1.0000          NULL 
261.5000    2    2.000   1.0000        square
263.5000    0    2.500   1.0000          NULL 
266.0000    4    2.000   1.0000        circle
268.0000    0    0.500   1.0000          NULL 
268.5000    3    2.000   1.0000      triangle
270.5000    0    1.500   1.0000          NULL 
272.0000    3    2.000   1.0000      triangle
274.0000    0    0.500   1.0000          NULL 
274.5000    1    2.000   1.0000          line
276.5000    0    3.500   1.0000          NULL 
280.0000    2    2.000   1.0000        square
282.0000    0    0.500   1.0000          NULL 
282.5000    1    2.000   1.0000          line
284.5000    0    0.500   1.0000          NULL 
285.0000    3    2.000   1.0000      triangle
287.0000    0    3.000   1.0000          NULL 
290.0000    1    2.000   1.0000          line
292.0000    0    0.500   1.0000          NULL 
292.5000    2    2.000   1.0000        square
294.5000    0    0.500   1.0000          NULL 
295.0000    2    2.000   1.0000        square
297.0000    0    0.500   1.0000          NULL 
297.5000    3    2.000   1.0000      triangle
299.5000    0    1.000   1.0000          NULL 
300.5000    4    2.000   1.0000        circle
302.5000    0    1.000   1.0000          NULL 
303.5000    4    2.000   1.0000        circle
305.5000    0    3.500   1.0000          NULL 
309.0000    1    2.000   1.0000          line
311.0000    0    1.500   1.0000          NULL 
312.5000    4    2.000   1.0000        circle
314.5000    0    2.500   1.0000          NULL 
317.0000    4    2.000   1.0000        circle
319.0000    0    2.500   1.0000          NULL 
321.5000    4    2.000   1.0000        circle
323.5000    0    0.500   1.0000          NULL 
324.0000    4    2.000   1.0000        circle
326.0000    0    1.500   1.0000          NULL 
327.5000    4    2.000   1.0000        circle
329.5000    0    0.500   1.0000          NULL 
330.0000    1    2.000   1.0000          line
332.0000    0    2.500   1.0000          NULL 
334.5000    2    2.000   1.0000        square
336.5000    0    0.500   1.0000          NULL 
337.0000    4    2.000   1.0000        circle
339.0000    0    2.000   1.0000          NULL 
341.0000    4    2.000   1.0000        circle
343.0000    0    2.000   1.0000          NULL 
345.0000    1    2.000   1.0000          line
347.0000    0    1.000   1.0000          NULL 
348.0000    1    2.000   1.0000          line
350.0000    0    1.000   1.0000          NULL 
351.0000    1    2.000   1.0000          line
353.0000    0    3.000   1.0000          NULL 
356.0000    3    2.000   1.0000      triangle
358.0000    0    2.000   1.0000          NULL 
360.0000    4    2.000   1.0000        circle
362.0000    0    1.000   1.0000          NULL 
363.0000    2    2.000   1.0000        square
365.0000    0    3.500   1.0000          NULL 
368.5000    2    2.000   1.0000        square
370.5000    0    3.000   1.0000          NULL 
373.5000    2    2.000   1.0000        square
375.5000    0    3.500   1.0000          NULL 
379.0000    3    2.000   1.0000      triangle
381.0000    0    2.500   1.0000          NULL 
383.5000    1    2.000   1.0000          line
385.5000    0    3.500   1.0000          NULL 
389.0000    4    2.000   1.0000        circle
391.0000    0    0.500   1.0000          NULL 
391.5000    4    2.000   1.0000        circle
393.5000    0    1.000   1.0000          NULL 
394.5000    2    2.000   1.0000        square
396.5000    0    3.000   1.0000          NULL 
399.5000    3    2.000   1.0000      triangle
401.5000    0    2.500   1.0000          NULL 
404.0000    3    2.000   1.0000      triangle
406.0000    0    1.500   1.0000          NULL 
407.5000    3    2.000   1.0000      triangle
409.5000    0    0.500   1.0000          NULL 
410.0000    3    2.000   1.0000      triangle
412.0000    0    1.000   1.0000          NULL 
413.0000    2    2.000   1.0000        square
415.0000    0    2.500   1.0000          NULL 
417.5000    1    2.000   1.0000          line
419.5000    0    0.500   1.0000          NULL 
