  0.0000    4    2.000   1.0000        circle
  2.0000    0    0.500   1.0000          NULL 
  2.5000    3    2.000   1.0000      triangle
  4.5000    0    0.500   1.0000          NULL 
  5.0000    4    2.000   1.0000        circle
  7.0000    0    3.500   1.0000          NULL 
 10.5000    3    2.000   1.0000      triangle
 12.5000    0    2.500   1.0000          NULL 
 15.0000    4    2.000   1.0000        circle
 17.0000    0    1.000   1.0000          NULL 
 18.0000    1    2.000   1.0000          line
 20.0000    0    1.500   1.0000          NULL 
 21.5000    3    2.000   1.0000      triangle
 23.5000    0    1.500   1.0000          NULL 
 25.0000    3    2.000   1.0000      triangle
 27.0000    0    1.000   1.0000          NULL 
 28.0000    3    2.000   1.0000      triangle
 30.0000    0    1.500   1.0000          NULL 
 31.5000    2    2.000   1.0000        square
 33.5000    0    1.000   1.0000          NULL 
 34.5000    1    2.000   1.0000          line
 36.5000    0    1.000   1.0000          NULL 
 37.5000    3    2.000   1.0000      triangle
 39.5000    0    2.000   1.0000          NULL 
 41.5000    4    2.000   1.0000        circle
 43.5000    0    0.500   1.0000          NULL 
 44.0000    2    2.000   1.0000        square
 46.0000    0    3.000   1.0000          NULL 
 49.0000    2    2.000   1.0000        square
 51.0000    0    0.500   1.0000          NULL 
 51.5000    1    2.000   1.0000          line
 53.5000    0    1.500   1.0000          NULL 
 55.0000    1    2.000   1.0000          line
 57.0000    0    0.500   1.0000          NULL 
 57.5000    2    2.000   1.0000        square
 59.5000    0    0.500   1.0000          NULL 
 60.0000    4    2.000   1.0000        circle
 62.0000    0    3.500   1.0000          NULL 
 65.5000    2    2.000   1.0000        square
 67.5000    0    1.500   1.0000          NULL 
 69.0000    2    2.000   1.0000        square
 71.0000    0    2.500   1.0000          NULL 
 73.5000    1    2.000   1.0000          line
 75.5000    0    1.000   1.0000          NULL 
 76.5000    3    2.000   1.0000      triangle
 78.5000    0    0.500   1.0000          NULL 
 79.0000    4    2.000   1.0000        circle
 81.0000    0    1.000   1.0000          NULL 
 82.0000    2    2.000   1.0000        square
 84.0000    0    0.500   1.0000          NULL 
 84.5000    2    2.000   1.0000        square
 86.5000    0    2.000   1.0000          NULL 
 88.5000    1    2.000   1.0000          line
 90.5000    0    4.000   1.0000          NULL 
 94.5000    3    2.000   1.0000      triangle
 96.5000    0    1.500   1.0000          NULL 
 98.0000    4    2.000   1.0000        circle
100.0000    0    0.500   1.0000          NULL 
100.5000    2    2.000   1.0000        square
102.5000    0    0.500   1.0000          NULL 
103.0000    4    2.000   1.0000        circle
105.0000    0    2.500   1.0000          NULL 
107.5000    2    2.000   1.0000        square
109.5000    0    0.500   1.0000          NULL 
110.0000    4    2.000   1.0000        circle
112.0000    0    0.500   1.0000          NULL 
112.5000    3    2.000   1.0000      triangle
114.5000    0    4.000   1.0000          NULL 
118.5000    3    2.000   1.0000      triangle
120.5000    0    1.000   1.0000          NULL 
121.5000    3    2.000   1.0000      triangle
123.5000    0    2.000   1.0000          NULL 
125.5000    1    2.000   1.0000          line
127.5000    0    2.500   1.0000          NULL 
130.0000    1    2.000   1.0000          line
132.0000    0    0.500   1.0000          NULL 
132.5000    4    2.000   1.0000        circle
134.5000    0    0.500   1.0000          NULL 
135.0000    3    2.000   1.0000      triangle
137.0000    0    0.500   1.0000          NULL 
137.5000    1    2.000   1.0000          line
139.5000    0    2.500   1.0000          NULL 
142.0000    1    2.000   1.0000          line
144.0000    0    0.500   1.0000          NULL 
144.5000    3    2.000   1.0000      triangle
146.5000    0    1.500   1.0000          NULL 
148.0000    2    2.000   1.0000        square
150.0000    0    1.500   1.0000          NULL 
151.5000    1    2.000   1.0000          line
153.5000    0    1.500   1.0000          NULL 
155.0000    4    2.000   1.0000        circle
157.0000    0    1.500   1.0000          NULL 
158.5000    2    2.000   1.0000        square
160.5000    0    0.500   1.0000          NULL 
161.0000    1    2.000   1.0000          line
163.0000    0    4.000   1.0000          NULL 
167.0000    1    2.000   1.0000          line
169.0000    0    0.500   1.0000          NULL 
169.5000    2    2.000   1.0000        square
171.5000    0    3.000   1.0000          NULL 
174.5000    4    2.000   1.0000        circle
176.5000    0    0.500   1.0000          NULL 
177.0000    4    2.000   1.0000        circle
179.0000    0    2.000   1.0000          NULL 
181.0000    3    2.000   1.0000      triangle
183.0000    0    2.000   1.0000          NULL 
185.0000    4    2.000   1.0000        circle
187.0000    0    1.500   1.0000          NULL 
188.5000    4    2.000   1.0000        circle
190.5000    0    1.000   1.0000          NULL 
191.5000    4    2.000   1.0000        circle
193.5000    0    2.500   1.0000          NULL 
196.0000    2    2.000   1.0000        square
198.0000    0    0.500   1.0000          NULL 
198.5000    4    2.000   1.0000        circle
200.5000    0    3.000   1.0000          NULL 
203.5000    2    2.000   1.0000        square
205.5000    0    1.000   1.0000          NULL 
206.5000    4    2.000   1.0000        circle
208.5000    0    0.500   1.0000          NULL 
209.0000    1    2.000   1.0000          line
211.0000    0    3.500   1.0000          NULL 
214.5000    2    2.000   1.0000        square
216.5000    0    0.500   1.0000          NULL 
217.0000    3    2.000   1.0000      triangle
219.0000    0    0.500   1.0000          NULL 
219.5000    4    2.000   1.0000        circle
221.5000    0    1.500   1.0000          NULL 
223.0000    1    2.000   1.0000          line
225.0000    0    2.500   1.0000          NULL 
227.5000    1    2.000   1.0000          line
229.5000    0    1.000   1.0000          NULL 
230.5000    2    2.000   1.0000        square
232.5000    0    1.000   1.0000          NULL 
233.5000    2    2.000   1.0000        square
235.5000    0    1.000   1.0000          NULL 
236.5000    4    2.000   1.0000        circle
238.5000    0    4.000   1.0000          NULL 
242.5000    4    2.000   1.0000        circle
244.5000    0    1.000   1.0000          NULL 
245.5000    4    2.000   1.0000        circle
247.5000    0    0.500   1.0000          NULL 
248.0000    3    2.000   1.0000      triangle
250.0000    0    2.000   1.0000          NULL 
252.0000    2    2.000   1.0000        square
254.0000    0    2.000   1.0000          NULL 
256.0000    2    2.000   1.0000        square
258.0000    0    3.000   1.0000          NULL 
261.0000    3    2.000   1.0000      triangle
263.0000    0    0.500   1.0000          NULL 
263.5000    3    2.000   1.0000      triangle
265.5000    0    2.500   1.0000          NULL 
268.0000    3    2.000   1.0000      triangle
270.0000    0    3.000   1.0000          NULL 
273.0000    1    2.000   1.0000          line
275.0000    0    1.000   1.0000          NULL 
276.0000    3    2.000   1.0000      triangle
278.0000    0    0.500   1.0000          NULL 
278.5000    1    2.000   1.0000          line
280.5000    0    4.000   1.0000          NULL 
284.5000    2    2.000   1.0000        square
286.5000    0    1.000   1.0000          NULL 
287.5000    3    2.000   1.0000      triangle
289.5000    0    1.000   1.0000          NULL 
290.5000    3    2.000   1.0000      triangle
292.5000    0    1.500   1.0000          NULL 
294.0000    4    2.000   1.0000        circle
296.0000    0    0.500   1.0000          NULL 
296.5000    3    2.000   1.0000      triangle
298.5000    0    0.500   1.0000          NULL 
299.0000    2    2.000   1.0000        square
301.0000    0    3.000   1.0000          NULL 
304.0000    2    2.000   1.0000        square
306.0000    0    0.500   1.0000          NULL 
306.5000    3    2.000   1.0000      triangle
308.5000    0    0.500   1.0000          NULL 
309.0000    1    2.000   1.0000          line
311.0000    0    1.500   1.0000          NULL 
312.5000    1    2.000   1.0000          line
314.5000    0    0.500   1.0000          NULL 
315.0000    3    2.000   1.0000      triangle
317.0000    0    3.000   1.0000          NULL 
320.0000    3    2.000   1.0000      triangle
322.0000    0    0.500   1.0000          NULL 
322.5000    1    2.000   1.0000          line
324.5000    0    1.000   1.0000          NULL 
325.5000    1    2.000   1.0000          line
327.5000    0    1.000   1.0000          NULL 
328.5000    4    2.000   1.0000        circle
330.5000    0    0.500   1.0000          NULL 
331.0000    2    2.000   1.0000        square
333.0000    0    3.000   1.0000          NULL 
336.0000    3    2.000   1.0000      triangle
338.0000    0    2.000   1.0000          NULL 
340.0000    1    2.000   1.0000          line
342.0000    0    2.000   1.0000          NULL 
344.0000    1    2.000   1.0000          line
346.0000    0    3.500   1.0000          NULL 
349.5000    3    2.000   1.0000      triangle
351.5000    0    2.000   1.0000          NULL 
353.5000    1    2.000   1.0000          line
355.5000    0    0.500   1.0000          NULL 
356.0000    4    2.000   1.0000        circle
358.0000    0    1.000   1.0000          NULL 
359.0000    1    2.000   1.0000          line
361.0000    0    1.000   1.0000          NULL 
362.0000    4    2.000   1.0000        circle
364.0000    0    1.500   1.0000          NULL 
365.5000    4    2.000   1.0000        circle
367.5000    0    1.000   1.0000          NULL 
368.5000    1    2.000   1.0000          line
370.5000    0    0.500   1.0000          NULL 
371.0000    4    2.000   1.0000        circle
373.0000    0    2.000   1.0000          NULL 
375.0000    2    2.000   1.0000        square
377.0000    0    2.500   1.0000          NULL 
379.5000    4    2.000   1.0000        circle
381.5000    0    0.500   1.0000          NULL 
382.0000    1    2.000   1.0000          line
384.0000    0    1.500   1.0000          NULL 
385.5000    2    2.000   1.0000        square
387.5000    0    3.500   1.0000          NULL 
391.0000    1    2.000   1.0000          line
393.0000    0    0.500   1.0000          NULL 
393.5000    4    2.000   1.0000        circle
395.5000    0    3.000   1.0000          NULL 
398.5000    3    2.000   1.0000      triangle
400.5000    0    1.500   1.0000          NULL 
402.0000    3    2.000   1.0000      triangle
404.0000    0    1.000   1.0000          NULL 
405.0000    2    2.000   1.0000        square
407.0000    0    1.000   1.0000          NULL 
408.0000    2    2.000   1.0000        square
410.0000    0    1.000   1.0000          NULL 
411.0000    2    2.000   1.0000        square
413.0000    0    0.500   1.0000          NULL 
413.5000    1    2.000   1.0000          line
415.5000    0    1.000   1.0000          NULL 
416.5000    2    2.000   1.0000        square
418.5000    0    1.500   1.0000          NULL 
