  0.0000    4    2.000   1.0000        circle
  2.0000    0    2.500   1.0000          NULL 
  4.5000    4    2.000   1.0000        circle
  6.5000    0    1.000   1.0000          NULL 
  7.5000    2    2.000   1.0000        square
  9.5000    0    0.500   1.0000          NULL 
 10.0000    4    2.000   1.0000        circle
 12.0000    0    2.000   1.0000          NULL 
 14.0000    3    2.000   1.0000      triangle
 16.0000    0    1.000   1.0000          NULL 
 17.0000    4    2.000   1.0000        circle
 19.0000    0    1.500   1.0000          NULL 
 20.5000    2    2.000   1.0000        square
 22.5000    0    3.500   1.0000          NULL 
 26.0000    4    2.000   1.0000        circle
 28.0000    0    2.500   1.0000          NULL 
 30.5000    4    2.000   1.0000        circle
 32.5000    0    0.500   1.0000          NULL 
 33.0000    1    2.000   1.0000          line
 35.0000    0    1.000   1.0000          NULL 
 36.0000    3    2.000   1.0000      triangle
 38.0000    0    3.500   1.0000          NULL 
 41.5000    1    2.000   1.0000          line
 43.5000    0    1.000   1.0000          NULL 
 44.5000    4    2.000   1.0000        circle
 46.5000    0    0.500   1.0000          NULL 
 47.0000    4    2.000   1.0000        circle
 49.0000    0    2.000   1.0000          NULL 
 51.0000    4    2.000   1.0000        circle
 53.0000    0    2.000   1.0000          NULL 
 55.0000    1    2.000   1.0000          line
 57.0000    0    1.000   1.0000          NULL 
 58.0000    4    2.000   1.0000        circle
 60.0000    0    0.500   1.0000          NULL 
 60.5000    4    2.000   1.0000        circle
 62.5000    0    1.500   1.0000          NULL 
 64.0000    4    2.000   1.0000        circle
 66.0000    0    1.500   1.0000          NULL 
 67.5000    3    2.000   1.0000      triangle
 69.5000    0    0.500   1.0000          NULL 
 70.0000    2    2.000   1.0000        square
 72.0000    0    2.500   1.0000          NULL 
 74.5000    1    2.000   1.0000          line
 76.5000    0    2.000   1.0000          NULL 
 78.5000    3    2.000   1.0000      triangle
 80.5000    0    1.000   1.0000          NULL 
 81.5000    1    2.000   1.0000          line
 83.5000    0    2.000   1.0000          NULL 
 85.5000    1    2.000   1.0000          line
 87.5000    0    0.500   1.0000          NULL 
 88.0000    3    2.000   1.0000      triangle
 90.0000    0    3.000   1.0000          NULL 
 93.0000    1    2.000   1.0000          line
 95.0000    0    0.500   1.0000          NULL 
 95.5000    2    2.000   1.0000        square
 97.5000    0    1.500   1.0000          NULL 
 99.0000    2    2.000   1.0000        square
101.0000    0    1.000   1.0000          NULL 
102.0000    1    2.000   1.0000          line
104.0000    0    1.000   1.0000          NULL 
105.0000    2    2.000   1.0000        square
107.0000    0    0.500   1.0000          NULL 
107.5000    2    2.000   1.0000        square
109.5000    0    0.500   1.0000          NULL 
110.0000    4    2.000   1.0000        circle
112.0000    0    1.000   1.0000          NULL 
113.0000    2    2.000   1.0000        square
115.0000    0    0.500   1.0000          NULL 
115.5000    1    2.000   1.0000          line
117.5000    0    2.000   1.0000          NULL 
119.5000    3    2.000   1.0000      triangle
121.5000    0    3.000   1.0000          NULL 
124.5000    3    2.000   1.0000      triangle
126.5000    0    3.500   1.0000          NULL 
130.0000    3    2.000   1.0000      triangle
132.0000    0    0.500   1.0000          NULL 
132.5000    2    2.000   1.0000        square
134.5000    0    3.000   1.0000          NULL 
137.5000    3    2.000   1.0000      triangle
139.5000    0    4.000   1.0000          NULL 
143.5000    3    2.000   1.0000      triangle
145.5000    0    1.500   1.0000          NULL 
147.0000    3    2.000   1.0000      triangle
149.0000    0    1.000   1.0000          NULL 
150.0000    3    2.000   1.0000      triangle
152.0000    0    1.500   1.0000          NULL 
153.5000    4    2.000   1.0000        circle
155.5000    0    1.000   1.0000          NULL 
156.5000    2    2.000   1.0000        square
158.5000    0    1.000   1.0000          NULL 
159.5000    2    2.000   1.0000        square
161.5000    0    1.000   1.0000          NULL 
162.5000    4    2.000   1.0000        circle
164.5000    0    3.000   1.0000          NULL 
167.5000    3    2.000   1.0000      triangle
169.5000    0    1.500   1.0000          NULL 
171.0000    2    2.000   1.0000        square
173.0000    0    0.500   1.0000          NULL 
173.5000    3    2.000   1.0000      triangle
175.5000    0    1.500   1.0000          NULL 
177.0000    2    2.000   1.0000        square
179.0000    0    0.500   1.0000          NULL 
179.5000    4    2.000   1.0000        circle
181.5000    0    0.500   1.0000          NULL 
182.0000    1    2.000   1.0000          line
184.0000    0    2.000   1.0000          NULL 
186.0000    4    2.000   1.0000        circle
188.0000    0    3.000   1.0000          NULL 
191.0000    2    2.000   1.0000        square
193.0000    0    2.500   1.0000          NULL 
195.5000    1    2.000   1.0000          line
197.5000    0    0.500   1.0000          NULL 
198.0000    2    2.000   1.0000        square
200.0000    0    2.500   1.0000          NULL 
202.5000    3    2.000   1.0000      triangle
204.5000    0    1.000   1.0000          NULL 
205.5000    2    2.000   1.0000        square
207.5000    0    2.000   1.0000          NULL 
209.5000    4    2.000   1.0000        circle
211.5000    0    0.500   1.0000          NULL 
212.0000    2    2.000   1.0000        square
214.0000    0    1.500   1.0000          NULL 
215.5000    1    2.000   1.0000          line
217.5000    0    3.500   1.0000          NULL 
221.0000    3    2.000   1.0000      triangle
223.0000    0    1.000   1.0000          NULL 
224.0000    3    2.000   1.0000      triangle
226.0000    0    1.500   1.0000          NULL 
227.5000    2    2.000   1.0000        square
229.5000    0    3.000   1.0000          NULL 
232.5000    4    2.000   1.0000        circle
234.5000    0    0.500   1.0000          NULL 
235.0000    3    2.000   1.0000      triangle
237.0000    0    2.500   1.0000          NULL 
239.5000    1    2.000   1.0000          line
241.5000    0    2.000   1.0000          NULL 
243.5000    4    2.000   1.0000        circle
245.5000    0    1.500   1.0000          NULL 
247.0000    3    2.000   1.0000      triangle
249.0000    0    3.500   1.0000          NULL 
252.5000    2    2.000   1.0000        square
254.5000    0    4.000   1.0000          NULL 
258.5000    3    2.000   1.0000      triangle
260.5000    0    0.500   1.0000          NULL 
261.0000    2    2.000   1.0000        square
263.0000    0    1.000   1.0000          NULL 
264.0000    4    2.000   1.0000        circle
266.0000    0    0.500   1.0000          NULL 
266.5000    3    2.000   1.0000      triangle
268.5000    0    4.000   1.0000          NULL 
272.5000    3    2.000   1.0000      triangle
274.5000    0    0.500   1.0000          NULL 
275.0000    4    2.000   1.0000        circle
277.0000    0    1.000   1.0000          NULL 
278.0000    1    2.000   1.0000          line
280.0000    0    1.500   1.0000          NULL 
281.5000    1    2.000   1.0000          line
283.5000    0    2.000   1.0000          NULL 
285.5000    2    2.000   1.0000        square
287.5000    0    2.000   1.0000          NULL 
289.5000    2    2.000   1.0000        square
291.5000    0    0.500   1.0000          NULL 
292.0000    3    2.000   1.0000      triangle
294.0000    0    0.500   1.0000          NULL 
294.5000    4    2.000   1.0000        circle
296.5000    0    1.000   1.0000          NULL 
297.5000    3    2.000   1.0000      triangle
299.5000    0    1.000   1.0000          NULL 
300.5000    1    2.000   1.0000          line
302.5000    0    2.500   1.0000          NULL 
305.0000    1    2.000   1.0000          line
307.0000    0    1.000   1.0000          NULL 
308.0000    3    2.000   1.0000      triangle
310.0000    0    1.000   1.0000          NULL 
311.0000    1    2.000   1.0000          line
313.0000    0    0.500   1.0000          NULL 
313.5000    4    2.000   1.0000        circle
315.5000    0    2.000   1.0000          NULL 
317.5000    4    2.000   1.0000        circle
319.5000    0    3.000   1.0000          NULL 
322.5000    1    2.000   1.0000          line
324.5000    0    1.500   1.0000          NULL 
326.0000    1    2.000   1.0000          line
328.0000    0    0.500   1.0000          NULL 
328.5000    2    2.000   1.0000        square
330.5000    0    4.000   1.0000          NULL 
334.5000    1    2.000   1.0000          line
336.5000    0    1.000   1.0000          NULL 
337.5000    3    2.000   1.0000      triangle
339.5000    0    2.500   1.0000          NULL 
342.0000    1    2.000   1.0000          line
344.0000    0    1.000   1.0000          NULL 
345.0000    4    2.000   1.0000        circle
347.0000    0    0.500   1.0000          NULL 
347.5000    2    2.000   1.0000        square
349.5000    0    0.500   1.0000          NULL 
350.0000    1    2.000   1.0000          line
352.0000    0    0.500   1.0000          NULL 
352.5000    2    2.000   1.0000        square
354.5000    0    1.000   1.0000          NULL 
355.5000    3    2.000   1.0000      triangle
357.5000    0    1.500   1.0000          NULL 
359.0000    2    2.000   1.0000        square
361.0000    0    2.000   1.0000          NULL 
363.0000    4    2.000   1.0000        circle
365.0000    0    1.000   1.0000          NULL 
366.0000    1    2.000   1.0000          line
368.0000    0    2.500   1.0000          NULL 
370.5000    1    2.000   1.0000          line
372.5000    0    1.500   1.0000          NULL 
374.0000    3    2.000   1.0000      triangle
376.0000    0    0.500   1.0000          NULL 
376.5000    3    2.000   1.0000      triangle
378.5000    0    1.500   1.0000          NULL 
380.0000    2    2.000   1.0000        square
382.0000    0    0.500   1.0000          NULL 
382.5000    1    2.000   1.0000          line
384.5000    0    0.500   1.0000          NULL 
385.0000    3    2.000   1.0000      triangle
387.0000    0    1.500   1.0000          NULL 
388.5000    1    2.000   1.0000          line
390.5000    0    2.000   1.0000          NULL 
392.5000    2    2.000   1.0000        square
394.5000    0    0.500   1.0000          NULL 
395.0000    1    2.000   1.0000          line
397.0000    0    1.500   1.0000          NULL 
398.5000    4    2.000   1.0000        circle
400.5000    0    1.000   1.0000          NULL 
401.5000    2    2.000   1.0000        square
403.5000    0    0.500   1.0000          NULL 
404.0000    2    2.000   1.0000        square
406.0000    0    1.000   1.0000          NULL 
407.0000    1    2.000   1.0000          line
409.0000    0    2.000   1.0000          NULL 
411.0000    4    2.000   1.0000        circle
413.0000    0    1.000   1.0000          NULL 
414.0000    1    2.000   1.0000          line
416.0000    0    1.500   1.0000          NULL 
417.5000    4    2.000   1.0000        circle
419.5000    0    0.500   1.0000          NULL 
