  0.0000    1    2.000   1.0000          line
  2.0000    0    0.500   1.0000          NULL 
  2.5000    1    2.000   1.0000          line
  4.5000    0    2.000   1.0000          NULL 
  6.5000    1    2.000   1.0000          line
  8.5000    0    1.000   1.0000          NULL 
  9.5000    3    2.000   1.0000      triangle
 11.5000    0    1.000   1.0000          NULL 
 12.5000    4    2.000   1.0000        circle
 14.5000    0    0.500   1.0000          NULL 
 15.0000    1    2.000   1.0000          line
 17.0000    0    0.500   1.0000          NULL 
 17.5000    2    2.000   1.0000        square
 19.5000    0    3.500   1.0000          NULL 
 23.0000    4    2.000   1.0000        circle
 25.0000    0    0.500   1.0000          NULL 
 25.5000    3    2.000   1.0000      triangle
 27.5000    0    0.500   1.0000          NULL 
 28.0000    1    2.000   1.0000          line
 30.0000    0    2.000   1.0000          NULL 
 32.0000    3    2.000   1.0000      triangle
 34.0000    0    0.500   1.0000          NULL 
 34.5000    2    2.000   1.0000        square
 36.5000    0    1.500   1.0000          NULL 
 38.0000    2    2.000   1.0000        square
 40.0000    0    1.500   1.0000          NULL 
 41.5000    4    2.000   1.0000        circle
 43.5000    0    1.500   1.0000          NULL 
 45.0000    4    2.000   1.0000        circle
 47.0000    0    0.500   1.0000          NULL 
 47.5000    4    2.000   1.0000        circle
 49.5000    0    3.500   1.0000          NULL 
 53.0000    2    2.000   1.0000        square
 55.0000    0    0.500   1.0000          NULL 
 55.5000    2    2.000   1.0000        square
 57.5000    0    1.000   1.0000          NULL 
 58.5000    1    2.000   1.0000          line
 60.5000    0    1.000   1.0000          NULL 
 61.5000    4    2.000   1.0000        circle
 63.5000    0    1.000   1.0000          NULL 
 64.5000    1    2.000   1.0000          line
 66.5000    0    2.000   1.0000          NULL 
 68.5000    1    2.000   1.0000          line
 70.5000    0    3.500   1.0000          NULL 
 74.0000    2    2.000   1.0000        square
 76.0000    0    1.000   1.0000          NULL 
 77.0000    1    2.000   1.0000          line
 79.0000    0    3.500   1.0000          NULL 
 82.5000    1    2.000   1.0000          line
 84.5000    0    1.500   1.0000          NULL 
 86.0000    2    2.000   1.0000        square
 88.0000    0    2.000   1.0000          NULL 
 90.0000    3    2.000   1.0000      triangle
 92.0000    0    1.500   1.0000          NULL 
 93.5000    2    2.000   1.0000        square
 95.5000    0    1.000   1.0000          NULL 
 96.5000    2    2.000   1.0000        square
 98.5000    0    2.500   1.0000          NULL 
101.0000    2    2.000   1.0000        square
103.0000    0    2.000   1.0000          NULL 
105.0000    3    2.000   1.0000      triangle
107.0000    0    3.000   1.0000          NULL 
110.0000    4    2.000   1.0000        circle
112.0000    0    0.500   1.0000          NULL 
112.5000    1    2.000   1.0000          line
114.5000    0    1.500   1.0000          NULL 
116.0000    2    2.000   1.0000        square
118.0000    0    0.500   1.0000          NULL 
118.5000    2    2.000   1.0000        square
120.5000    0    0.500   1.0000          NULL 
121.0000    2    2.000   1.0000        square
123.0000    0    1.000   1.0000          NULL 
124.0000    3    2.000   1.0000      triangle
126.0000    0    3.000   1.0000          NULL 
129.0000    4    2.000   1.0000        circle
131.0000    0    2.000   1.0000          NULL 
133.0000    1    2.000   1.0000          line
135.0000    0    1.500   1.0000          NULL 
136.5000    3    2.000   1.0000      triangle
138.5000    0    2.500   1.0000          NULL 
141.0000    3    2.000   1.0000      triangle
143.0000    0    1.500   1.0000          NULL 
144.5000    1    2.000   1.0000          line
146.5000    0    3.000   1.0000          NULL 
149.5000    4    2.000   1.0000        circle
151.5000    0    0.500   1.0000          NULL 
152.0000    2    2.000   1.0000        square
154.0000    0    1.000   1.0000          NULL 
155.0000    1    2.000   1.0000          line
157.0000    0    1.500   1.0000          NULL 
158.5000    4    2.000   1.0000        circle
160.5000    0    0.500   1.0000          NULL 
161.0000    2    2.000   1.0000        square
163.0000    0    1.000   1.0000          NULL 
164.0000    3    2.000   1.0000      triangle
166.0000    0    0.500   1.0000          NULL 
166.5000    3    2.000   1.0000      triangle
168.5000    0    1.000   1.0000          NULL 
169.5000    1    2.000   1.0000          line
171.5000    0    0.500   1.0000          NULL 
172.0000    4    2.000   1.0000        circle
174.0000    0    2.000   1.0000          NULL 
176.0000    3    2.000   1.0000      triangle
178.0000    0    0.500   1.0000          NULL 
178.5000    3    2.000   1.0000      triangle
180.5000    0    3.000   1.0000          NULL 
183.5000    1    2.000   1.0000          line
185.5000    0    1.500   1.0000          NULL 
187.0000    4    2.000   1.0000        circle
189.0000    0    0.500   1.0000          NULL 
189.5000    1    2.000   1.0000          line
191.5000    0    2.000   1.0000          NULL 
193.5000    3    2.000   1.0000      triangle
195.5000    0    1.000   1.0000          NULL 
196.5000    3    2.000   1.0000      triangle
198.5000    0    1.500   1.0000          NULL 
200.0000    4    2.000   1.0000        circle
202.0000    0    3.500   1.0000          NULL 
205.5000    1    2.000   1.0000          line
207.5000    0    0.500   1.0000          NULL 
208.0000    3    2.000   1.0000      triangle
210.0000    0    0.500   1.0000          NULL 
210.5000    3    2.000   1.0000      triangle
212.5000    0    1.000   1.0000          NULL 
213.5000    4    2.000   1.0000        circle
215.5000    0    0.500   1.0000          NULL 
216.0000    3    2.000   1.0000      triangle
218.0000    0    1.000   1.0000          NULL 
219.0000    4    2.000   1.0000        circle
221.0000    0    2.000   1.0000          NULL 
223.0000    2    2.000   1.0000        square
225.0000    0    4.000   1.0000          NULL 
229.0000    3    2.000   1.0000      triangle
231.0000    0    1.000   1.0000          NULL 
232.0000    4    2.000   1.0000        circle
234.0000    0    2.000   1.0000          NULL 
236.0000    3    2.000   1.0000      triangle
238.0000    0    0.500   1.0000          NULL 
238.5000    2    2.000   1.0000        square
240.5000    0    1.500   1.0000          NULL 
242.0000    3    2.000   1.0000      triangle
244.0000    0    2.000   1.0000          NULL 
246.0000    4    2.000   1.0000        circle
248.0000    0    1.000   1.0000          NULL 
249.0000    2    2.000   1.0000        square
251.0000    0    0.500   1.0000          NULL 
251.5000    3    2.000   1.0000      triangle
253.5000    0    0.500   1.0000          NULL 
254.0000    2    2.000   1.0000        square
256.0000    0    2.500   1.0000          NULL 
258.5000    2    2.000   1.0000        square
260.5000    0    0.500   1.0000          NULL 
261.0000    3    2.000   1.0000      triangle
263.0000    0    3.500   1.0000          NULL 
266.5000    4    2.000   1.0000        circle
268.5000    0    3.500   1.0000          NULL 
272.0000    2    2.000   1.0000        square
274.0000    0    0.500   1.0000          NULL 
274.5000    1    2.000   1.0000          line
276.5000    0    0.500   1.0000          NULL 
277.0000    3    2.000   1.0000      triangle
279.0000    0    3.000   1.0000          NULL 
282.0000    1    2.000   1.0000          line
284.0000    0    3.500   1.0000          NULL 
287.5000    4    2.000   1.0000        circle
289.5000    0    1.500   1.0000          NULL 
291.0000    1    2.000   1.0000          line
293.0000    0    1.000   1.0000          NULL 
294.0000    2    2.000   1.0000        square
296.0000    0    1.000   1.0000          NULL 
297.0000    1    2.000   1.0000          line
299.0000    0    0.500   1.0000          NULL 
299.5000    2    2.000   1.0000        square
301.5000    0    2.500   1.0000          NULL 
304.0000    1    2.000   1.0000          line
306.0000    0    1.500   1.0000          NULL 
307.5000    2    2.000   1.0000        square
309.5000    0    0.500   1.0000          NULL 
310.0000    4    2.000   1.0000        circle
312.0000    0    1.500   1.0000          NULL 
313.5000    3    2.000   1.0000      triangle
315.5000    0    1.000   1.0000          NULL 
316.5000    2    2.000   1.0000        square
318.5000    0    4.000   1.0000          NULL 
322.5000    4    2.000   1.0000        circle
324.5000    0    0.500   1.0000          NULL 
325.0000    4    2.000   1.0000        circle
327.0000    0    2.500   1.0000          NULL 
329.5000    3    2.000   1.0000      triangle
331.5000    0    2.000   1.0000          NULL 
333.5000    1    2.000   1.0000          line
335.5000    0    0.500   1.0000          NULL 
336.0000    4    2.000   1.0000        circle
338.0000    0    2.000   1.0000          NULL 
340.0000    1    2.000   1.0000          line
342.0000    0    2.000   1.0000          NULL 
344.0000    4    2.000   1.0000        circle
346.0000    0    1.000   1.0000          NULL 
347.0000    1    2.000   1.0000          line
349.0000    0    1.500   1.0000          NULL 
350.5000    2    2.000   1.0000        square
352.5000    0    3.500   1.0000          NULL 
356.0000    3    2.000   1.0000      triangle
358.0000    0    1.000   1.0000          NULL 
359.0000    2    2.000   1.0000        square
361.0000    0    2.000   1.0000          NULL 
363.0000    4    2.000   1.0000        circle
365.0000    0    1.000   1.0000          NULL 
366.0000    3    2.000   1.0000      triangle
368.0000    0    0.500   1.0000          NULL 
368.5000    1    2.000   1.0000          line
370.5000    0    0.500   1.0000          NULL 
371.0000    4    2.000   1.0000        circle
373.0000    0    2.000   1.0000          NULL 
375.0000    2    2.000   1.0000        square
377.0000    0    1.000   1.0000          NULL 
378.0000    2    2.000   1.0000        square
380.0000    0    0.500   1.0000          NULL 
380.5000    4    2.000   1.0000        circle
382.5000    0    0.500   1.0000          NULL 
383.0000    3    2.000   1.0000      triangle
385.0000    0    0.500   1.0000          NULL 
385.5000    1    2.000   1.0000          line
387.5000    0    3.000   1.0000          NULL 
390.5000    3    2.000   1.0000      triangle
392.5000    0    3.000   1.0000          NULL 
395.5000    4    2.000   1.0000        circle
397.5000    0    0.500   1.0000          NULL 
398.0000    3    2.000   1.0000      triangle
400.0000    0    1.000   1.0000          NULL 
401.0000    1    2.000   1.0000          line
403.0000    0    2.500   1.0000          NULL 
405.5000    4    2.000   1.0000        circle
407.5000    0    2.000   1.0000          NULL 
409.5000    4    2.000   1.0000        circle
411.5000    0    2.000   1.0000          NULL 
413.5000    2    2.000   1.0000        square
415.5000    0    2.000   1.0000          NULL 
417.5000    1    2.000   1.0000          line
419.5000    0    0.500   1.0000          NULL 
