  0.0000    3    2.000   1.0000        circle
  2.0000    0    1.300   1.0000          NULL 
  3.3000    4    2.000   1.0000      triangle
  5.3000    0    1.100   1.0000          NULL 
  6.4000    4    2.000   1.0000      triangle
  8.4000    0    1.000   1.0000          NULL 
  9.4000    2    2.000   1.0000        square
 11.4000    0    1.300   1.0000          NULL 
 12.7000    3    2.000   1.0000        circle
 14.7000    0    1.000   1.0000          NULL 
 15.7000    2    2.000   1.0000        square
 17.7000    0    1.600   1.0000          NULL 
 19.3000    1    2.000   1.0000          line
 21.3000    0    1.300   1.0000          NULL 
 22.6000    4    2.000   1.0000      triangle
 24.6000    0    1.100   1.0000          NULL 
 25.7000    2    2.000   1.0000        square
 27.7000    0    1.000   1.0000          NULL 
 28.7000    1    2.000   1.0000          line
 30.7000    0    1.200   1.0000          NULL 
 31.9000    3    2.000   1.0000        circle
 33.9000    0    1.100   1.0000          NULL 
 35.0000    2    2.000   1.0000        square
 37.0000    0    1.100   1.0000          NULL 
 38.1000    3    2.000   1.0000        circle
 40.1000    0    1.100   1.0000          NULL 
 41.2000    1    2.000   1.0000          line
 43.2000    0    1.100   1.0000          NULL 
 44.3000    3    2.000   1.0000        circle
 46.3000    0    1.500   1.0000          NULL 
 47.8000    4    2.000   1.0000      triangle
 49.8000    0    1.200   1.0000          NULL 
 51.0000    2    2.000   1.0000        square
 53.0000    0    1.600   1.0000          NULL 
 54.6000    3    2.000   1.0000        circle
 56.6000    0    1.100   1.0000          NULL 
 57.7000    2    2.000   1.0000        square
 59.7000    0    1.200   1.0000          NULL 
 60.9000    4    2.000   1.0000      triangle
 62.9000    0    1.200   1.0000          NULL 
 64.1000    3    2.000   1.0000        circle
 66.1000    0    1.000   1.0000          NULL 
 67.1000    4    2.000   1.0000      triangle
 69.1000    0    1.300   1.0000          NULL 
 70.4000    1    2.000   1.0000          line
 72.4000    0    1.000   1.0000          NULL 
 73.4000    3    2.000   1.0000        circle
 75.4000    0    1.100   1.0000          NULL 
 76.5000    2    2.000   1.0000        square
 78.5000    0    2.000   1.0000          NULL 
 80.5000    4    2.000   1.0000      triangle
 82.5000    0    1.100   1.0000          NULL 
 83.6000    1    2.000   1.0000          line
 85.6000    0    1.100   1.0000          NULL 
 86.7000    1    2.000   1.0000          line
 88.7000    0    1.700   1.0000          NULL 
 90.3999    1    2.000   1.0000          line
 92.3999    0    1.000   1.0000          NULL 
 93.3999    2    2.000   1.0000        square
 95.3999    0    1.100   1.0000          NULL 
 96.4999    1    2.000   1.0000          line
 98.4999    0    1.100   1.0000          NULL 
 99.5999    4    2.000   1.0000      triangle
101.5999    0    1.500   1.0000          NULL 
103.0999    2    2.000   1.0000        square
105.0999    0    1.000   1.0000          NULL 
106.0999    3    2.000   1.0000        circle
108.0999    0    2.000   1.0000          NULL 
110.0999    2    2.000   1.0000        square
112.0999    0    1.000   1.0000          NULL 
113.0999    4    2.000   1.0000      triangle
115.0999    0    1.900   1.0000          NULL 
116.9999    4    2.000   1.0000      triangle
118.9999    0    1.000   1.0000          NULL 
119.9999    3    2.000   1.0000        circle
121.9999    0    1.000   1.0000          NULL 
122.9999    1    2.000   1.0000          line
124.9999    0    1.700   1.0000          NULL 
126.6999    1    2.000   1.0000          line
128.6999    0    1.300   1.0000          NULL 
