  0.0000    1    2.000   1.0000          line
  2.0000    0    1.000   1.0000          NULL 
  3.0000    2    2.000   1.0000        square
  5.0000    0    1.100   1.0000          NULL 
  6.1000    3    2.000   1.0000        circle
  8.1000    0    1.400   1.0000          NULL 
  9.5000    4    2.000   1.0000      triangle
 11.5000    0    1.100   1.0000          NULL 
 12.6000    3    2.000   1.0000        circle
 14.6000    0    1.400   1.0000          NULL 
 16.0000    3    2.000   1.0000        circle
 18.0000    0    1.700   1.0000          NULL 
 19.7000    4    2.000   1.0000      triangle
 21.7000    0    1.800   1.0000          NULL 
 23.5000    3    2.000   1.0000        circle
 25.5000    0    1.100   1.0000          NULL 
 26.6000    3    2.000   1.0000        circle
 28.6000    0    1.100   1.0000          NULL 
 29.7000    1    2.000   1.0000          line
 31.7000    0    1.600   1.0000          NULL 
 33.3000    3    2.000   1.0000        circle
 35.3000    0    1.000   1.0000          NULL 
 36.3000    4    2.000   1.0000      triangle
 38.3000    0    1.000   1.0000          NULL 
 39.3000    2    2.000   1.0000        square
 41.3000    0    1.000   1.0000          NULL 
 42.3000    4    2.000   1.0000      triangle
 44.3000    0    1.000   1.0000          NULL 
 45.3000    3    2.000   1.0000        circle
 47.3000    0    1.900   1.0000          NULL 
 49.2000    4    2.000   1.0000      triangle
 51.2000    0    1.200   1.0000          NULL 
 52.4000    3    2.000   1.0000        circle
 54.4000    0    1.200   1.0000          NULL 
 55.6000    4    2.000   1.0000      triangle
 57.6000    0    1.200   1.0000          NULL 
 58.8000    2    2.000   1.0000        square
 60.8000    0    1.300   1.0000          NULL 
 62.1000    1    2.000   1.0000          line
 64.1000    0    1.000   1.0000          NULL 
 65.1000    3    2.000   1.0000        circle
 67.1000    0    1.200   1.0000          NULL 
 68.3000    2    2.000   1.0000        square
 70.3000    0    1.000   1.0000          NULL 
 71.3000    2    2.000   1.0000        square
 73.3000    0    1.100   1.0000          NULL 
 74.4000    4    2.000   1.0000      triangle
 76.4000    0    1.000   1.0000          NULL 
 77.4000    1    2.000   1.0000          line
 79.4000    0    1.400   1.0000          NULL 
 80.8000    3    2.000   1.0000        circle
 82.8000    0    1.000   1.0000          NULL 
 83.8000    4    2.000   1.0000      triangle
 85.8000    0    1.600   1.0000          NULL 
 87.4000    1    2.000   1.0000          line
 89.4000    0    1.800   1.0000          NULL 
 91.1999    2    2.000   1.0000        square
 93.1999    0    1.900   1.0000          NULL 
 95.0999    1    2.000   1.0000          line
 97.0999    0    1.000   1.0000          NULL 
 98.0999    4    2.000   1.0000      triangle
100.0999    0    1.000   1.0000          NULL 
101.0999    2    2.000   1.0000        square
103.0999    0    1.000   1.0000          NULL 
104.0999    2    2.000   1.0000        square
106.0999    0    1.900   1.0000          NULL 
107.9999    1    2.000   1.0000          line
109.9999    0    1.100   1.0000          NULL 
111.0999    2    2.000   1.0000        square
113.0999    0    1.100   1.0000          NULL 
114.1999    4    2.000   1.0000      triangle
116.1999    0    1.200   1.0000          NULL 
117.3999    1    2.000   1.0000          line
119.3999    0    1.100   1.0000          NULL 
120.4999    1    2.000   1.0000          line
122.4999    0    1.100   1.0000          NULL 
123.5999    2    2.000   1.0000        square
125.5999    0    1.400   1.0000          NULL 
126.9999    1    2.000   1.0000          line
128.9999    0    1.000   1.0000          NULL 
