  0.0000    1    2.000   1.0000          line
  2.0000    0    2.000   1.0000          NULL 
  4.0000    1    2.000   1.0000          line
  6.0000    0    0.500   1.0000          NULL 
  6.5000    1    2.000   1.0000          line
  8.5000    0    0.500   1.0000          NULL 
  9.0000    2    2.000   1.0000        square
 11.0000    0    0.500   1.0000          NULL 
 11.5000    2    2.000   1.0000        square
 13.5000    0    0.500   1.0000          NULL 
 14.0000    2    2.000   1.0000        square
 16.0000    0    0.500   1.0000          NULL 
 16.5000    1    2.000   1.0000          line
 18.5000    0    1.500   1.0000          NULL 
 20.0000    1    2.000   1.0000          line
 22.0000    0    3.000   1.0000          NULL 
 25.0000    1    2.000   1.0000          line
 27.0000    0    4.000   1.0000          NULL 
 31.0000    2    2.000   1.0000        square
 33.0000    0    1.000   1.0000          NULL 
 34.0000    1    2.000   1.0000          line
 36.0000    0    2.500   1.0000          NULL 
 38.5000    2    2.000   1.0000        square
 40.5000    0    1.000   1.0000          NULL 
 41.5000    2    2.000   1.0000        square
 43.5000    0    1.000   1.0000          NULL 
 44.5000    1    2.000   1.0000          line
 46.5000    0    1.000   1.0000          NULL 
 47.5000    1    2.000   1.0000          line
 49.5000    0    2.000   1.0000          NULL 
 51.5000    1    2.000   1.0000          line
 53.5000    0    1.500   1.0000          NULL 
 55.0000    2    2.000   1.0000        square
 57.0000    0    1.500   1.0000          NULL 
 58.5000    1    2.000   1.0000          line
 60.5000    0    0.500   1.0000          NULL 
 61.0000    1    2.000   1.0000          line
 63.0000    0    2.500   1.0000          NULL 
 65.5000    1    2.000   1.0000          line
 67.5000    0    1.000   1.0000          NULL 
 68.5000    2    2.000   1.0000        square
 70.5000    0    1.000   1.0000          NULL 
 71.5000    1    2.000   1.0000          line
 73.5000    0    2.500   1.0000          NULL 
 76.0000    2    2.000   1.0000        square
 78.0000    0    3.000   1.0000          NULL 
 81.0000    1    2.000   1.0000          line
 83.0000    0    0.500   1.0000          NULL 
 83.5000    2    2.000   1.0000        square
 85.5000    0    0.500   1.0000          NULL 
 86.0000    1    2.000   1.0000          line
 88.0000    0    2.000   1.0000          NULL 
 90.0000    2    2.000   1.0000        square
 92.0000    0    2.500   1.0000          NULL 
 94.5000    1    2.000   1.0000          line
 96.5000    0    0.500   1.0000          NULL 
 97.0000    2    2.000   1.0000        square
 99.0000    0    2.000   1.0000          NULL 
101.0000    1    2.000   1.0000          line
103.0000    0    4.000   1.0000          NULL 
107.0000    1    2.000   1.0000          line
109.0000    0    1.500   1.0000          NULL 
110.5000    1    2.000   1.0000          line
112.5000    0    0.500   1.0000          NULL 
113.0000    1    2.000   1.0000          line
115.0000    0    3.500   1.0000          NULL 
118.5000    1    2.000   1.0000          line
120.5000    0    0.500   1.0000          NULL 
121.0000    2    2.000   1.0000        square
123.0000    0    1.000   1.0000          NULL 
124.0000    2    2.000   1.0000        square
126.0000    0    1.500   1.0000          NULL 
127.5000    2    2.000   1.0000        square
129.5000    0    1.000   1.0000          NULL 
130.5000    1    2.000   1.0000          line
132.5000    0    1.000   1.0000          NULL 
133.5000    2    2.000   1.0000        square
135.5000    0    0.500   1.0000          NULL 
136.0000    1    2.000   1.0000          line
138.0000    0    1.500   1.0000          NULL 
139.5000    2    2.000   1.0000        square
141.5000    0    1.500   1.0000          NULL 
143.0000    1    2.000   1.0000          line
145.0000    0    1.500   1.0000          NULL 
146.5000    2    2.000   1.0000        square
148.5000    0    3.500   1.0000          NULL 
152.0000    2    2.000   1.0000        square
154.0000    0    1.000   1.0000          NULL 
155.0000    2    2.000   1.0000        square
157.0000    0    0.500   1.0000          NULL 
157.5000    2    2.000   1.0000        square
159.5000    0    1.500   1.0000          NULL 
161.0000    1    2.000   1.0000          line
163.0000    0    2.500   1.0000          NULL 
165.5000    1    2.000   1.0000          line
167.5000    0    1.000   1.0000          NULL 
168.5000    2    2.000   1.0000        square
170.5000    0    1.000   1.0000          NULL 
171.5000    1    2.000   1.0000          line
173.5000    0    2.000   1.0000          NULL 
175.5000    2    2.000   1.0000        square
177.5000    0    1.000   1.0000          NULL 
178.5000    1    2.000   1.0000          line
180.5000    0    1.000   1.0000          NULL 
181.5000    1    2.000   1.0000          line
183.5000    0    1.500   1.0000          NULL 
185.0000    1    2.000   1.0000          line
187.0000    0    0.500   1.0000          NULL 
187.5000    2    2.000   1.0000        square
189.5000    0    2.000   1.0000          NULL 
191.5000    2    2.000   1.0000        square
193.5000    0    1.000   1.0000          NULL 
194.5000    1    2.000   1.0000          line
196.5000    0    0.500   1.0000          NULL 
197.0000    2    2.000   1.0000        square
199.0000    0    2.000   1.0000          NULL 
201.0000    2    2.000   1.0000        square
203.0000    0    0.500   1.0000          NULL 
203.5000    1    2.000   1.0000          line
205.5000    0    0.500   1.0000          NULL 
206.0000    2    2.000   1.0000        square
208.0000    0    1.000   1.0000          NULL 
209.0000    1    2.000   1.0000          line
211.0000    0    0.500   1.0000          NULL 
211.5000    1    2.000   1.0000          line
213.5000    0    1.000   1.0000          NULL 
214.5000    1    2.000   1.0000          line
216.5000    0    3.000   1.0000          NULL 
219.5000    2    2.000   1.0000        square
221.5000    0    0.500   1.0000          NULL 
222.0000    1    2.000   1.0000          line
224.0000    0    2.000   1.0000          NULL 
226.0000    2    2.000   1.0000        square
228.0000    0    1.000   1.0000          NULL 
229.0000    2    2.000   1.0000        square
231.0000    0    1.500   1.0000          NULL 
232.5000    2    2.000   1.0000        square
234.5000    0    0.500   1.0000          NULL 
235.0000    1    2.000   1.0000          line
237.0000    0    0.500   1.0000          NULL 
237.5000    2    2.000   1.0000        square
239.5000    0    0.500   1.0000          NULL 
240.0000    1    2.000   1.0000          line
242.0000    0    0.500   1.0000          NULL 
242.5000    1    2.000   1.0000          line
244.5000    0    2.000   1.0000          NULL 
246.5000    1    2.000   1.0000          line
248.5000    0    1.500   1.0000          NULL 
250.0000    1    2.000   1.0000          line
252.0000    0    0.500   1.0000          NULL 
252.5000    2    2.000   1.0000        square
254.5000    0    1.000   1.0000          NULL 
255.5000    2    2.000   1.0000        square
257.5000    0    0.500   1.0000          NULL 
258.0000    2    2.000   1.0000        square
260.0000    0    2.000   1.0000          NULL 
262.0000    1    2.000   1.0000          line
264.0000    0    0.500   1.0000          NULL 
264.5000    2    2.000   1.0000        square
266.5000    0    0.500   1.0000          NULL 
267.0000    2    2.000   1.0000        square
269.0000    0    0.500   1.0000          NULL 
269.5000    1    2.000   1.0000          line
271.5000    0    2.500   1.0000          NULL 
274.0000    2    2.000   1.0000        square
276.0000    0    0.500   1.0000          NULL 
276.5000    1    2.000   1.0000          line
278.5000    0    2.000   1.0000          NULL 
280.5000    2    2.000   1.0000        square
282.5000    0    2.500   1.0000          NULL 
285.0000    1    2.000   1.0000          line
287.0000    0    1.000   1.0000          NULL 
288.0000    2    2.000   1.0000        square
290.0000    0    1.000   1.0000          NULL 
291.0000    2    2.000   1.0000        square
293.0000    0    1.000   1.0000          NULL 
294.0000    1    2.000   1.0000          line
296.0000    0    2.000   1.0000          NULL 
298.0000    2    2.000   1.0000        square
300.0000    0    1.000   1.0000          NULL 
301.0000    2    2.000   1.0000        square
303.0000    0    1.500   1.0000          NULL 
304.5000    1    2.000   1.0000          line
306.5000    0    0.500   1.0000          NULL 
307.0000    2    2.000   1.0000        square
309.0000    0    0.500   1.0000          NULL 
309.5000    1    2.000   1.0000          line
311.5000    0    1.000   1.0000          NULL 
312.5000    2    2.000   1.0000        square
314.5000    0    1.500   1.0000          NULL 
316.0000    1    2.000   1.0000          line
318.0000    0    0.500   1.0000          NULL 
318.5000    1    2.000   1.0000          line
320.5000    0    4.000   1.0000          NULL 
324.5000    2    2.000   1.0000        square
326.5000    0    1.000   1.0000          NULL 
327.5000    2    2.000   1.0000        square
329.5000    0    3.000   1.0000          NULL 
332.5000    1    2.000   1.0000          line
334.5000    0    0.500   1.0000          NULL 
335.0000    1    2.000   1.0000          line
337.0000    0    0.500   1.0000          NULL 
337.5000    1    2.000   1.0000          line
339.5000    0    0.500   1.0000          NULL 
340.0000    2    2.000   1.0000        square
342.0000    0    0.500   1.0000          NULL 
342.5000    2    2.000   1.0000        square
344.5000    0    4.000   1.0000          NULL 
348.5000    1    2.000   1.0000          line
350.5000    0    2.000   1.0000          NULL 
352.5000    2    2.000   1.0000        square
354.5000    0    0.500   1.0000          NULL 
355.0000    2    2.000   1.0000        square
357.0000    0    1.000   1.0000          NULL 
358.0000    2    2.000   1.0000        square
360.0000    0    1.000   1.0000          NULL 
361.0000    2    2.000   1.0000        square
363.0000    0    0.500   1.0000          NULL 
363.5000    2    2.000   1.0000        square
365.5000    0    1.000   1.0000          NULL 
366.5000    2    2.000   1.0000        square
368.5000    0    0.500   1.0000          NULL 
369.0000    1    2.000   1.0000          line
371.0000    0    3.000   1.0000          NULL 
374.0000    1    2.000   1.0000          line
376.0000    0    0.500   1.0000          NULL 
376.5000    2    2.000   1.0000        square
378.5000    0    0.500   1.0000          NULL 
379.0000    1    2.000   1.0000          line
381.0000    0    1.000   1.0000          NULL 
382.0000    2    2.000   1.0000        square
384.0000    0    0.500   1.0000          NULL 
384.5000    1    2.000   1.0000          line
386.5000    0    3.000   1.0000          NULL 
389.5000    1    2.000   1.0000          line
391.5000    0    0.500   1.0000          NULL 
392.0000    2    2.000   1.0000        square
394.0000    0    2.500   1.0000          NULL 
396.5000    2    2.000   1.0000        square
398.5000    0    1.500   1.0000          NULL 
