  0.0000    1    2.000   1.0000          line
  2.0000    0    1.200   1.0000          NULL 
  3.2000    1    2.000   1.0000          line
  5.2000    0    1.100   1.0000          NULL 
  6.3000    1    2.000   1.0000          line
  8.3000    0    1.200   1.0000          NULL 
  9.5000    2    2.000   1.0000        square
 11.5000    0    1.000   1.0000          NULL 
 12.5000    1    2.000   1.0000          line
 14.5000    0    1.900   1.0000          NULL 
 16.4000    1    2.000   1.0000          line
 18.4000    0    1.000   1.0000          NULL 
 19.4000    2    2.000   1.0000        square
 21.4000    0    1.200   1.0000          NULL 
 22.6000    1    2.000   1.0000          line
 24.6000    0    1.300   1.0000          NULL 
 25.9000    1    2.000   1.0000          line
 27.9000    0    1.000   1.0000          NULL 
 28.9000    1    2.000   1.0000          line
 30.9000    0    1.600   1.0000          NULL 
 32.5000    1    2.000   1.0000          line
 34.5000    0    1.100   1.0000          NULL 
 35.6000    1    2.000   1.0000          line
 37.6000    0    1.500   1.0000          NULL 
 39.1000    1    2.000   1.0000          line
 41.1000    0    1.200   1.0000          NULL 
 42.3000    1    2.000   1.0000          line
 44.3000    0    1.000   1.0000          NULL 
 45.3000    2    2.000   1.0000        square
 47.3000    0    1.100   1.0000          NULL 
 48.4000    1    2.000   1.0000          line
 50.4000    0    1.700   1.0000          NULL 
 52.1000    2    2.000   1.0000        square
 54.1000    0    1.000   1.0000          NULL 
 55.1000    2    2.000   1.0000        square
 57.1000    0    1.000   1.0000          NULL 
 58.1000    2    2.000   1.0000        square
 60.1000    0    1.200   1.0000          NULL 
 61.3000    2    2.000   1.0000        square
 63.3000    0    1.100   1.0000          NULL 
 64.4000    2    2.000   1.0000        square
 66.4000    0    1.400   1.0000          NULL 
 67.8000    2    2.000   1.0000        square
 69.8000    0    1.100   1.0000          NULL 
 70.9000    1    2.000   1.0000          line
 72.9000    0    1.000   1.0000          NULL 
 73.9000    1    2.000   1.0000          line
 75.9000    0    1.400   1.0000          NULL 
 77.3000    2    2.000   1.0000        square
 79.3000    0    1.800   1.0000          NULL 
 81.0999    1    2.000   1.0000          line
 83.0999    0    1.100   1.0000          NULL 
 84.1999    2    2.000   1.0000        square
 86.1999    0    1.900   1.0000          NULL 
 88.0999    2    2.000   1.0000        square
 90.0999    0    1.300   1.0000          NULL 
 91.3999    1    2.000   1.0000          line
 93.3999    0    1.100   1.0000          NULL 
 94.4999    2    2.000   1.0000        square
 96.4999    0    1.800   1.0000          NULL 
 98.2999    2    2.000   1.0000        square
100.2999    0    1.100   1.0000          NULL 
101.3999    2    2.000   1.0000        square
103.3999    0    1.100   1.0000          NULL 
104.4999    2    2.000   1.0000        square
106.4999    0    1.200   1.0000          NULL 
107.6999    1    2.000   1.0000          line
109.6999    0    1.100   1.0000          NULL 
110.7999    2    2.000   1.0000        square
112.7999    0    1.000   1.0000          NULL 
113.7999    2    2.000   1.0000        square
115.7999    0    1.100   1.0000          NULL 
116.8999    2    2.000   1.0000        square
118.8999    0    1.600   1.0000          NULL 
120.4999    1    2.000   1.0000          line
122.4999    0    1.000   1.0000          NULL 
123.4999    2    2.000   1.0000        square
125.4999    0    1.300   1.0000          NULL 
126.7999    1    2.000   1.0000          line
128.7999    0    1.200   1.0000          NULL 
