  0.0000    2    2.000   1.0000        square
  2.0000    0    1.000   1.0000          NULL 
  3.0000    2    2.000   1.0000        square
  5.0000    0    1.000   1.0000          NULL 
  6.0000    1    2.000   1.0000          line
  8.0000    0    0.500   1.0000          NULL 
  8.5000    2    2.000   1.0000        square
 10.5000    0    1.000   1.0000          NULL 
 11.5000    1    2.000   1.0000          line
 13.5000    0    1.000   1.0000          NULL 
 14.5000    1    2.000   1.0000          line
 16.5000    0    0.500   1.0000          NULL 
 17.0000    2    2.000   1.0000        square
 19.0000    0    3.500   1.0000          NULL 
 22.5000    2    2.000   1.0000        square
 24.5000    0    0.500   1.0000          NULL 
 25.0000    1    2.000   1.0000          line
 27.0000    0    1.500   1.0000          NULL 
 28.5000    1    2.000   1.0000          line
 30.5000    0    1.000   1.0000          NULL 
 31.5000    2    2.000   1.0000        square
 33.5000    0    0.500   1.0000          NULL 
 34.0000    1    2.000   1.0000          line
 36.0000    0    1.500   1.0000          NULL 
 37.5000    1    2.000   1.0000          line
 39.5000    0    2.000   1.0000          NULL 
 41.5000    2    2.000   1.0000        square
 43.5000    0    0.500   1.0000          NULL 
 44.0000    2    2.000   1.0000        square
 46.0000    0    0.500   1.0000          NULL 
 46.5000    1    2.000   1.0000          line
 48.5000    0    0.500   1.0000          NULL 
 49.0000    1    2.000   1.0000          line
 51.0000    0    1.000   1.0000          NULL 
 52.0000    1    2.000   1.0000          line
 54.0000    0    2.500   1.0000          NULL 
 56.5000    2    2.000   1.0000        square
 58.5000    0    1.000   1.0000          NULL 
 59.5000    1    2.000   1.0000          line
 61.5000    0    2.000   1.0000          NULL 
 63.5000    1    2.000   1.0000          line
 65.5000    0    1.000   1.0000          NULL 
 66.5000    2    2.000   1.0000        square
 68.5000    0    0.500   1.0000          NULL 
 69.0000    2    2.000   1.0000        square
 71.0000    0    0.500   1.0000          NULL 
 71.5000    2    2.000   1.0000        square
 73.5000    0    0.500   1.0000          NULL 
 74.0000    1    2.000   1.0000          line
 76.0000    0    3.500   1.0000          NULL 
 79.5000    1    2.000   1.0000          line
 81.5000    0    1.000   1.0000          NULL 
 82.5000    2    2.000   1.0000        square
 84.5000    0    3.500   1.0000          NULL 
 88.0000    1    2.000   1.0000          line
 90.0000    0    2.500   1.0000          NULL 
 92.5000    1    2.000   1.0000          line
 94.5000    0    1.000   1.0000          NULL 
 95.5000    2    2.000   1.0000        square
 97.5000    0    1.000   1.0000          NULL 
 98.5000    1    2.000   1.0000          line
100.5000    0    0.500   1.0000          NULL 
101.0000    2    2.000   1.0000        square
103.0000    0    2.000   1.0000          NULL 
105.0000    2    2.000   1.0000        square
107.0000    0    1.500   1.0000          NULL 
108.5000    2    2.000   1.0000        square
110.5000    0    0.500   1.0000          NULL 
111.0000    2    2.000   1.0000        square
113.0000    0    1.500   1.0000          NULL 
114.5000    1    2.000   1.0000          line
116.5000    0    0.500   1.0000          NULL 
117.0000    1    2.000   1.0000          line
119.0000    0    1.500   1.0000          NULL 
120.5000    2    2.000   1.0000        square
122.5000    0    0.500   1.0000          NULL 
123.0000    2    2.000   1.0000        square
125.0000    0    3.500   1.0000          NULL 
128.5000    2    2.000   1.0000        square
130.5000    0    1.500   1.0000          NULL 
132.0000    2    2.000   1.0000        square
134.0000    0    0.500   1.0000          NULL 
134.5000    2    2.000   1.0000        square
136.5000    0    0.500   1.0000          NULL 
137.0000    1    2.000   1.0000          line
139.0000    0    1.000   1.0000          NULL 
140.0000    1    2.000   1.0000          line
142.0000    0    0.500   1.0000          NULL 
142.5000    2    2.000   1.0000        square
144.5000    0    3.500   1.0000          NULL 
148.0000    1    2.000   1.0000          line
150.0000    0    1.000   1.0000          NULL 
151.0000    1    2.000   1.0000          line
153.0000    0    1.000   1.0000          NULL 
154.0000    1    2.000   1.0000          line
156.0000    0    1.000   1.0000          NULL 
157.0000    1    2.000   1.0000          line
159.0000    0    1.500   1.0000          NULL 
160.5000    2    2.000   1.0000        square
162.5000    0    0.500   1.0000          NULL 
163.0000    1    2.000   1.0000          line
165.0000    0    2.000   1.0000          NULL 
167.0000    2    2.000   1.0000        square
169.0000    0    1.000   1.0000          NULL 
170.0000    1    2.000   1.0000          line
172.0000    0    0.500   1.0000          NULL 
172.5000    1    2.000   1.0000          line
174.5000    0    2.000   1.0000          NULL 
176.5000    1    2.000   1.0000          line
178.5000    0    3.500   1.0000          NULL 
182.0000    1    2.000   1.0000          line
184.0000    0    1.000   1.0000          NULL 
185.0000    2    2.000   1.0000        square
187.0000    0    0.500   1.0000          NULL 
187.5000    2    2.000   1.0000        square
189.5000    0    3.500   1.0000          NULL 
193.0000    2    2.000   1.0000        square
195.0000    0    2.000   1.0000          NULL 
197.0000    2    2.000   1.0000        square
199.0000    0    0.500   1.0000          NULL 
199.5000    2    2.000   1.0000        square
201.5000    0    3.500   1.0000          NULL 
205.0000    1    2.000   1.0000          line
207.0000    0    3.500   1.0000          NULL 
210.5000    1    2.000   1.0000          line
212.5000    0    1.000   1.0000          NULL 
213.5000    1    2.000   1.0000          line
215.5000    0    2.000   1.0000          NULL 
217.5000    1    2.000   1.0000          line
219.5000    0    1.500   1.0000          NULL 
221.0000    1    2.000   1.0000          line
223.0000    0    1.000   1.0000          NULL 
224.0000    1    2.000   1.0000          line
226.0000    0    0.500   1.0000          NULL 
226.5000    1    2.000   1.0000          line
228.5000    0    3.000   1.0000          NULL 
231.5000    2    2.000   1.0000        square
233.5000    0    2.000   1.0000          NULL 
235.5000    2    2.000   1.0000        square
237.5000    0    1.000   1.0000          NULL 
238.5000    1    2.000   1.0000          line
240.5000    0    0.500   1.0000          NULL 
241.0000    1    2.000   1.0000          line
243.0000    0    4.000   1.0000          NULL 
247.0000    2    2.000   1.0000        square
249.0000    0    1.000   1.0000          NULL 
250.0000    1    2.000   1.0000          line
252.0000    0    1.500   1.0000          NULL 
253.5000    2    2.000   1.0000        square
255.5000    0    1.500   1.0000          NULL 
257.0000    2    2.000   1.0000        square
259.0000    0    1.500   1.0000          NULL 
260.5000    2    2.000   1.0000        square
262.5000    0    1.000   1.0000          NULL 
263.5000    1    2.000   1.0000          line
265.5000    0    0.500   1.0000          NULL 
266.0000    2    2.000   1.0000        square
268.0000    0    3.500   1.0000          NULL 
271.5000    1    2.000   1.0000          line
273.5000    0    1.500   1.0000          NULL 
275.0000    2    2.000   1.0000        square
277.0000    0    0.500   1.0000          NULL 
277.5000    1    2.000   1.0000          line
279.5000    0    2.500   1.0000          NULL 
282.0000    2    2.000   1.0000        square
284.0000    0    0.500   1.0000          NULL 
284.5000    2    2.000   1.0000        square
286.5000    0    0.500   1.0000          NULL 
287.0000    2    2.000   1.0000        square
289.0000    0    1.000   1.0000          NULL 
290.0000    1    2.000   1.0000          line
292.0000    0    1.000   1.0000          NULL 
293.0000    1    2.000   1.0000          line
295.0000    0    1.000   1.0000          NULL 
296.0000    2    2.000   1.0000        square
298.0000    0    0.500   1.0000          NULL 
298.5000    2    2.000   1.0000        square
300.5000    0    0.500   1.0000          NULL 
301.0000    2    2.000   1.0000        square
303.0000    0    1.000   1.0000          NULL 
304.0000    2    2.000   1.0000        square
306.0000    0    1.500   1.0000          NULL 
307.5000    2    2.000   1.0000        square
309.5000    0    1.000   1.0000          NULL 
310.5000    2    2.000   1.0000        square
312.5000    0    1.000   1.0000          NULL 
313.5000    1    2.000   1.0000          line
315.5000    0    0.500   1.0000          NULL 
316.0000    1    2.000   1.0000          line
318.0000    0    0.500   1.0000          NULL 
318.5000    2    2.000   1.0000        square
320.5000    0    3.500   1.0000          NULL 
324.0000    1    2.000   1.0000          line
326.0000    0    2.500   1.0000          NULL 
328.5000    1    2.000   1.0000          line
330.5000    0    1.000   1.0000          NULL 
331.5000    2    2.000   1.0000        square
333.5000    0    3.000   1.0000          NULL 
336.5000    2    2.000   1.0000        square
338.5000    0    2.000   1.0000          NULL 
340.5000    1    2.000   1.0000          line
342.5000    0    1.500   1.0000          NULL 
344.0000    1    2.000   1.0000          line
346.0000    0    0.500   1.0000          NULL 
346.5000    1    2.000   1.0000          line
348.5000    0    0.500   1.0000          NULL 
349.0000    2    2.000   1.0000        square
351.0000    0    0.500   1.0000          NULL 
351.5000    1    2.000   1.0000          line
353.5000    0    0.500   1.0000          NULL 
354.0000    2    2.000   1.0000        square
356.0000    0    1.000   1.0000          NULL 
357.0000    1    2.000   1.0000          line
359.0000    0    1.500   1.0000          NULL 
360.5000    2    2.000   1.0000        square
362.5000    0    0.500   1.0000          NULL 
363.0000    1    2.000   1.0000          line
365.0000    0    1.000   1.0000          NULL 
366.0000    2    2.000   1.0000        square
368.0000    0    2.000   1.0000          NULL 
370.0000    2    2.000   1.0000        square
372.0000    0    1.000   1.0000          NULL 
373.0000    1    2.000   1.0000          line
375.0000    0    0.500   1.0000          NULL 
375.5000    2    2.000   1.0000        square
377.5000    0    3.000   1.0000          NULL 
380.5000    2    2.000   1.0000        square
382.5000    0    1.500   1.0000          NULL 
384.0000    1    2.000   1.0000          line
386.0000    0    0.500   1.0000          NULL 
386.5000    1    2.000   1.0000          line
388.5000    0    1.000   1.0000          NULL 
389.5000    2    2.000   1.0000        square
391.5000    0    0.500   1.0000          NULL 
392.0000    2    2.000   1.0000        square
394.0000    0    0.500   1.0000          NULL 
394.5000    1    2.000   1.0000          line
396.5000    0    1.000   1.0000          NULL 
397.5000    1    2.000   1.0000          line
399.5000    0    0.500   1.0000          NULL 
