  0.0000    2    2.000   1.0000        square
  2.0000    0    0.500   1.0000          NULL 
  2.5000    1    2.000   1.0000          line
  4.5000    0    0.500   1.0000          NULL 
  5.0000    1    2.000   1.0000          line
  7.0000    0    1.500   1.0000          NULL 
  8.5000    2    2.000   1.0000        square
 10.5000    0    2.000   1.0000          NULL 
 12.5000    1    2.000   1.0000          line
 14.5000    0    1.000   1.0000          NULL 
 15.5000    2    2.000   1.0000        square
 17.5000    0    1.000   1.0000          NULL 
 18.5000    1    2.000   1.0000          line
 20.5000    0    4.000   1.0000          NULL 
 24.5000    1    2.000   1.0000          line
 26.5000    0    2.000   1.0000          NULL 
 28.5000    1    2.000   1.0000          line
 30.5000    0    3.000   1.0000          NULL 
 33.5000    1    2.000   1.0000          line
 35.5000    0    2.500   1.0000          NULL 
 38.0000    2    2.000   1.0000        square
 40.0000    0    1.000   1.0000          NULL 
 41.0000    1    2.000   1.0000          line
 43.0000    0    1.500   1.0000          NULL 
 44.5000    2    2.000   1.0000        square
 46.5000    0    0.500   1.0000          NULL 
 47.0000    1    2.000   1.0000          line
 49.0000    0    0.500   1.0000          NULL 
 49.5000    1    2.000   1.0000          line
 51.5000    0    1.500   1.0000          NULL 
 53.0000    1    2.000   1.0000          line
 55.0000    0    0.500   1.0000          NULL 
 55.5000    1    2.000   1.0000          line
 57.5000    0    2.000   1.0000          NULL 
 59.5000    2    2.000   1.0000        square
 61.5000    0    1.500   1.0000          NULL 
 63.0000    2    2.000   1.0000        square
 65.0000    0    2.000   1.0000          NULL 
 67.0000    1    2.000   1.0000          line
 69.0000    0    0.500   1.0000          NULL 
 69.5000    1    2.000   1.0000          line
 71.5000    0    0.500   1.0000          NULL 
 72.0000    2    2.000   1.0000        square
 74.0000    0    1.000   1.0000          NULL 
 75.0000    1    2.000   1.0000          line
 77.0000    0    2.000   1.0000          NULL 
 79.0000    1    2.000   1.0000          line
 81.0000    0    1.000   1.0000          NULL 
 82.0000    1    2.000   1.0000          line
 84.0000    0    0.500   1.0000          NULL 
 84.5000    1    2.000   1.0000          line
 86.5000    0    2.000   1.0000          NULL 
 88.5000    1    2.000   1.0000          line
 90.5000    0    2.500   1.0000          NULL 
 93.0000    2    2.000   1.0000        square
 95.0000    0    0.500   1.0000          NULL 
 95.5000    2    2.000   1.0000        square
 97.5000    0    1.500   1.0000          NULL 
 99.0000    1    2.000   1.0000          line
101.0000    0    1.500   1.0000          NULL 
102.5000    1    2.000   1.0000          line
104.5000    0    1.000   1.0000          NULL 
105.5000    2    2.000   1.0000        square
107.5000    0    2.000   1.0000          NULL 
109.5000    2    2.000   1.0000        square
111.5000    0    1.500   1.0000          NULL 
113.0000    2    2.000   1.0000        square
115.0000    0    3.500   1.0000          NULL 
118.5000    1    2.000   1.0000          line
120.5000    0    1.000   1.0000          NULL 
121.5000    2    2.000   1.0000        square
123.5000    0    0.500   1.0000          NULL 
124.0000    2    2.000   1.0000        square
126.0000    0    0.500   1.0000          NULL 
126.5000    2    2.000   1.0000        square
128.5000    0    1.000   1.0000          NULL 
129.5000    2    2.000   1.0000        square
131.5000    0    1.000   1.0000          NULL 
132.5000    1    2.000   1.0000          line
134.5000    0    1.500   1.0000          NULL 
136.0000    2    2.000   1.0000        square
138.0000    0    0.500   1.0000          NULL 
138.5000    2    2.000   1.0000        square
140.5000    0    1.500   1.0000          NULL 
142.0000    1    2.000   1.0000          line
144.0000    0    3.500   1.0000          NULL 
147.5000    1    2.000   1.0000          line
149.5000    0    2.000   1.0000          NULL 
151.5000    1    2.000   1.0000          line
153.5000    0    0.500   1.0000          NULL 
154.0000    1    2.000   1.0000          line
156.0000    0    1.500   1.0000          NULL 
157.5000    2    2.000   1.0000        square
159.5000    0    2.500   1.0000          NULL 
162.0000    2    2.000   1.0000        square
164.0000    0    0.500   1.0000          NULL 
164.5000    2    2.000   1.0000        square
166.5000    0    1.500   1.0000          NULL 
168.0000    1    2.000   1.0000          line
170.0000    0    1.000   1.0000          NULL 
171.0000    1    2.000   1.0000          line
173.0000    0    1.000   1.0000          NULL 
174.0000    1    2.000   1.0000          line
176.0000    0    1.000   1.0000          NULL 
177.0000    2    2.000   1.0000        square
179.0000    0    0.500   1.0000          NULL 
179.5000    2    2.000   1.0000        square
181.5000    0    0.500   1.0000          NULL 
182.0000    1    2.000   1.0000          line
184.0000    0    1.500   1.0000          NULL 
185.5000    1    2.000   1.0000          line
187.5000    0    3.000   1.0000          NULL 
190.5000    1    2.000   1.0000          line
192.5000    0    0.500   1.0000          NULL 
193.0000    2    2.000   1.0000        square
195.0000    0    0.500   1.0000          NULL 
195.5000    1    2.000   1.0000          line
197.5000    0    4.000   1.0000          NULL 
201.5000    1    2.000   1.0000          line
203.5000    0    0.500   1.0000          NULL 
204.0000    2    2.000   1.0000        square
206.0000    0    1.500   1.0000          NULL 
207.5000    1    2.000   1.0000          line
209.5000    0    0.500   1.0000          NULL 
210.0000    1    2.000   1.0000          line
212.0000    0    0.500   1.0000          NULL 
212.5000    2    2.000   1.0000        square
214.5000    0    0.500   1.0000          NULL 
215.0000    2    2.000   1.0000        square
217.0000    0    0.500   1.0000          NULL 
217.5000    2    2.000   1.0000        square
219.5000    0    1.500   1.0000          NULL 
221.0000    2    2.000   1.0000        square
223.0000    0    0.500   1.0000          NULL 
223.5000    1    2.000   1.0000          line
225.5000    0    3.500   1.0000          NULL 
229.0000    1    2.000   1.0000          line
231.0000    0    1.000   1.0000          NULL 
232.0000    2    2.000   1.0000        square
234.0000    0    1.000   1.0000          NULL 
235.0000    2    2.000   1.0000        square
237.0000    0    1.000   1.0000          NULL 
238.0000    1    2.000   1.0000          line
240.0000    0    3.500   1.0000          NULL 
243.5000    1    2.000   1.0000          line
245.5000    0    1.000   1.0000          NULL 
246.5000    1    2.000   1.0000          line
248.5000    0    1.000   1.0000          NULL 
249.5000    2    2.000   1.0000        square
251.5000    0    0.500   1.0000          NULL 
252.0000    2    2.000   1.0000        square
254.0000    0    0.500   1.0000          NULL 
254.5000    1    2.000   1.0000          line
256.5000    0    0.500   1.0000          NULL 
257.0000    1    2.000   1.0000          line
259.0000    0    3.000   1.0000          NULL 
262.0000    1    2.000   1.0000          line
264.0000    0    2.500   1.0000          NULL 
266.5000    2    2.000   1.0000        square
268.5000    0    1.000   1.0000          NULL 
269.5000    2    2.000   1.0000        square
271.5000    0    1.000   1.0000          NULL 
272.5000    2    2.000   1.0000        square
274.5000    0    4.000   1.0000          NULL 
278.5000    2    2.000   1.0000        square
280.5000    0    2.500   1.0000          NULL 
283.0000    2    2.000   1.0000        square
285.0000    0    1.500   1.0000          NULL 
286.5000    2    2.000   1.0000        square
288.5000    0    0.500   1.0000          NULL 
289.0000    1    2.000   1.0000          line
291.0000    0    1.000   1.0000          NULL 
292.0000    1    2.000   1.0000          line
294.0000    0    0.500   1.0000          NULL 
294.5000    2    2.000   1.0000        square
296.5000    0    0.500   1.0000          NULL 
297.0000    2    2.000   1.0000        square
299.0000    0    0.500   1.0000          NULL 
299.5000    1    2.000   1.0000          line
301.5000    0    0.500   1.0000          NULL 
302.0000    2    2.000   1.0000        square
304.0000    0    0.500   1.0000          NULL 
304.5000    2    2.000   1.0000        square
306.5000    0    2.000   1.0000          NULL 
308.5000    2    2.000   1.0000        square
310.5000    0    0.500   1.0000          NULL 
311.0000    2    2.000   1.0000        square
313.0000    0    2.500   1.0000          NULL 
315.5000    2    2.000   1.0000        square
317.5000    0    0.500   1.0000          NULL 
318.0000    2    2.000   1.0000        square
320.0000    0    0.500   1.0000          NULL 
320.5000    1    2.000   1.0000          line
322.5000    0    0.500   1.0000          NULL 
323.0000    1    2.000   1.0000          line
325.0000    0    2.500   1.0000          NULL 
327.5000    1    2.000   1.0000          line
329.5000    0    1.500   1.0000          NULL 
331.0000    2    2.000   1.0000        square
333.0000    0    1.000   1.0000          NULL 
334.0000    1    2.000   1.0000          line
336.0000    0    1.000   1.0000          NULL 
337.0000    1    2.000   1.0000          line
339.0000    0    1.500   1.0000          NULL 
340.5000    2    2.000   1.0000        square
342.5000    0    1.000   1.0000          NULL 
343.5000    1    2.000   1.0000          line
345.5000    0    1.000   1.0000          NULL 
346.5000    2    2.000   1.0000        square
348.5000    0    0.500   1.0000          NULL 
349.0000    2    2.000   1.0000        square
351.0000    0    1.500   1.0000          NULL 
352.5000    1    2.000   1.0000          line
354.5000    0    2.500   1.0000          NULL 
357.0000    1    2.000   1.0000          line
359.0000    0    0.500   1.0000          NULL 
359.5000    2    2.000   1.0000        square
361.5000    0    0.500   1.0000          NULL 
362.0000    2    2.000   1.0000        square
364.0000    0    3.000   1.0000          NULL 
367.0000    2    2.000   1.0000        square
369.0000    0    1.000   1.0000          NULL 
370.0000    1    2.000   1.0000          line
372.0000    0    2.000   1.0000          NULL 
374.0000    1    2.000   1.0000          line
376.0000    0    1.000   1.0000          NULL 
377.0000    2    2.000   1.0000        square
379.0000    0    2.500   1.0000          NULL 
381.5000    2    2.000   1.0000        square
383.5000    0    0.500   1.0000          NULL 
384.0000    1    2.000   1.0000          line
386.0000    0    1.500   1.0000          NULL 
387.5000    2    2.000   1.0000        square
389.5000    0    1.500   1.0000          NULL 
391.0000    2    2.000   1.0000        square
393.0000    0    1.000   1.0000          NULL 
394.0000    2    2.000   1.0000        square
396.0000    0    1.500   1.0000          NULL 
397.5000    1    2.000   1.0000          line
399.5000    0    0.500   1.0000          NULL 
