  0.0000    1    2.000   1.0000          line
  2.0000    0    1.000   1.0000          NULL 
  3.0000    1    2.000   1.0000          line
  5.0000    0    1.000   1.0000          NULL 
  6.0000    1    2.000   1.0000          line
  8.0000    0    1.000   1.0000          NULL 
  9.0000    1    2.000   1.0000          line
 11.0000    0    1.000   1.0000          NULL 
 12.0000    1    2.000   1.0000          line
 14.0000    0    4.000   1.0000          NULL 
 18.0000    1    2.000   1.0000          line
 20.0000    0    0.500   1.0000          NULL 
 20.5000    1    2.000   1.0000          line
 22.5000    0    1.500   1.0000          NULL 
 24.0000    1    2.000   1.0000          line
 26.0000    0    1.000   1.0000          NULL 
 27.0000    1    2.000   1.0000          line
 29.0000    0    2.500   1.0000          NULL 
 31.5000    2    2.000   1.0000        square
 33.5000    0    1.500   1.0000          NULL 
 35.0000    2    2.000   1.0000        square
 37.0000    0    0.500   1.0000          NULL 
 37.5000    1    2.000   1.0000          line
 39.5000    0    1.500   1.0000          NULL 
 41.0000    1    2.000   1.0000          line
 43.0000    0    2.500   1.0000          NULL 
 45.5000    1    2.000   1.0000          line
 47.5000    0    1.000   1.0000          NULL 
 48.5000    1    2.000   1.0000          line
 50.5000    0    2.000   1.0000          NULL 
 52.5000    2    2.000   1.0000        square
 54.5000    0    3.500   1.0000          NULL 
 58.0000    2    2.000   1.0000        square
 60.0000    0    1.500   1.0000          NULL 
 61.5000    2    2.000   1.0000        square
 63.5000    0    0.500   1.0000          NULL 
 64.0000    1    2.000   1.0000          line
 66.0000    0    0.500   1.0000          NULL 
 66.5000    2    2.000   1.0000        square
 68.5000    0    1.000   1.0000          NULL 
 69.5000    1    2.000   1.0000          line
 71.5000    0    1.500   1.0000          NULL 
 73.0000    1    2.000   1.0000          line
 75.0000    0    1.000   1.0000          NULL 
 76.0000    1    2.000   1.0000          line
 78.0000    0    0.500   1.0000          NULL 
 78.5000    2    2.000   1.0000        square
 80.5000    0    3.000   1.0000          NULL 
 83.5000    2    2.000   1.0000        square
 85.5000    0    0.500   1.0000          NULL 
 86.0000    1    2.000   1.0000          line
 88.0000    0    0.500   1.0000          NULL 
 88.5000    1    2.000   1.0000          line
 90.5000    0    0.500   1.0000          NULL 
 91.0000    1    2.000   1.0000          line
 93.0000    0    1.500   1.0000          NULL 
 94.5000    1    2.000   1.0000          line
 96.5000    0    3.500   1.0000          NULL 
100.0000    2    2.000   1.0000        square
102.0000    0    0.500   1.0000          NULL 
102.5000    1    2.000   1.0000          line
104.5000    0    0.500   1.0000          NULL 
105.0000    1    2.000   1.0000          line
107.0000    0    2.000   1.0000          NULL 
109.0000    2    2.000   1.0000        square
111.0000    0    1.000   1.0000          NULL 
112.0000    1    2.000   1.0000          line
114.0000    0    0.500   1.0000          NULL 
114.5000    2    2.000   1.0000        square
116.5000    0    3.000   1.0000          NULL 
119.5000    2    2.000   1.0000        square
121.5000    0    0.500   1.0000          NULL 
122.0000    2    2.000   1.0000        square
124.0000    0    2.000   1.0000          NULL 
126.0000    2    2.000   1.0000        square
128.0000    0    0.500   1.0000          NULL 
128.5000    1    2.000   1.0000          line
130.5000    0    0.500   1.0000          NULL 
131.0000    2    2.000   1.0000        square
133.0000    0    1.500   1.0000          NULL 
134.5000    2    2.000   1.0000        square
136.5000    0    2.000   1.0000          NULL 
138.5000    2    2.000   1.0000        square
140.5000    0    0.500   1.0000          NULL 
141.0000    1    2.000   1.0000          line
143.0000    0    0.500   1.0000          NULL 
143.5000    2    2.000   1.0000        square
145.5000    0    1.000   1.0000          NULL 
146.5000    1    2.000   1.0000          line
148.5000    0    1.500   1.0000          NULL 
150.0000    1    2.000   1.0000          line
152.0000    0    1.000   1.0000          NULL 
153.0000    2    2.000   1.0000        square
155.0000    0    0.500   1.0000          NULL 
155.5000    1    2.000   1.0000          line
157.5000    0    2.000   1.0000          NULL 
159.5000    1    2.000   1.0000          line
161.5000    0    1.000   1.0000          NULL 
162.5000    2    2.000   1.0000        square
164.5000    0    2.500   1.0000          NULL 
167.0000    2    2.000   1.0000        square
169.0000    0    2.500   1.0000          NULL 
171.5000    2    2.000   1.0000        square
173.5000    0    1.000   1.0000          NULL 
174.5000    2    2.000   1.0000        square
176.5000    0    1.000   1.0000          NULL 
177.5000    2    2.000   1.0000        square
179.5000    0    3.000   1.0000          NULL 
182.5000    2    2.000   1.0000        square
184.5000    0    1.000   1.0000          NULL 
185.5000    1    2.000   1.0000          line
187.5000    0    0.500   1.0000          NULL 
188.0000    1    2.000   1.0000          line
190.0000    0    3.000   1.0000          NULL 
193.0000    1    2.000   1.0000          line
195.0000    0    4.000   1.0000          NULL 
199.0000    2    2.000   1.0000        square
201.0000    0    0.500   1.0000          NULL 
201.5000    1    2.000   1.0000          line
203.5000    0    0.500   1.0000          NULL 
204.0000    2    2.000   1.0000        square
206.0000    0    0.500   1.0000          NULL 
206.5000    2    2.000   1.0000        square
208.5000    0    2.000   1.0000          NULL 
210.5000    2    2.000   1.0000        square
212.5000    0    1.500   1.0000          NULL 
214.0000    1    2.000   1.0000          line
216.0000    0    4.000   1.0000          NULL 
220.0000    1    2.000   1.0000          line
222.0000    0    2.000   1.0000          NULL 
224.0000    2    2.000   1.0000        square
226.0000    0    0.500   1.0000          NULL 
226.5000    1    2.000   1.0000          line
228.5000    0    1.000   1.0000          NULL 
229.5000    1    2.000   1.0000          line
231.5000    0    0.500   1.0000          NULL 
232.0000    2    2.000   1.0000        square
234.0000    0    1.500   1.0000          NULL 
235.5000    2    2.000   1.0000        square
237.5000    0    1.500   1.0000          NULL 
239.0000    1    2.000   1.0000          line
241.0000    0    0.500   1.0000          NULL 
241.5000    2    2.000   1.0000        square
243.5000    0    0.500   1.0000          NULL 
244.0000    2    2.000   1.0000        square
246.0000    0    2.500   1.0000          NULL 
248.5000    2    2.000   1.0000        square
250.5000    0    3.500   1.0000          NULL 
254.0000    2    2.000   1.0000        square
256.0000    0    0.500   1.0000          NULL 
256.5000    2    2.000   1.0000        square
258.5000    0    0.500   1.0000          NULL 
259.0000    2    2.000   1.0000        square
261.0000    0    0.500   1.0000          NULL 
261.5000    2    2.000   1.0000        square
263.5000    0    3.000   1.0000          NULL 
266.5000    2    2.000   1.0000        square
268.5000    0    0.500   1.0000          NULL 
269.0000    2    2.000   1.0000        square
271.0000    0    2.500   1.0000          NULL 
273.5000    2    2.000   1.0000        square
275.5000    0    1.500   1.0000          NULL 
277.0000    2    2.000   1.0000        square
279.0000    0    3.500   1.0000          NULL 
282.5000    1    2.000   1.0000          line
284.5000    0    1.000   1.0000          NULL 
285.5000    1    2.000   1.0000          line
287.5000    0    2.500   1.0000          NULL 
290.0000    2    2.000   1.0000        square
292.0000    0    0.500   1.0000          NULL 
292.5000    1    2.000   1.0000          line
294.5000    0    0.500   1.0000          NULL 
295.0000    1    2.000   1.0000          line
297.0000    0    1.000   1.0000          NULL 
298.0000    2    2.000   1.0000        square
300.0000    0    1.000   1.0000          NULL 
301.0000    2    2.000   1.0000        square
303.0000    0    0.500   1.0000          NULL 
303.5000    2    2.000   1.0000        square
305.5000    0    0.500   1.0000          NULL 
306.0000    2    2.000   1.0000        square
308.0000    0    1.500   1.0000          NULL 
309.5000    1    2.000   1.0000          line
311.5000    0    4.000   1.0000          NULL 
315.5000    2    2.000   1.0000        square
317.5000    0    1.000   1.0000          NULL 
318.5000    2    2.000   1.0000        square
320.5000    0    3.000   1.0000          NULL 
323.5000    1    2.000   1.0000          line
325.5000    0    1.000   1.0000          NULL 
326.5000    1    2.000   1.0000          line
328.5000    0    1.000   1.0000          NULL 
329.5000    2    2.000   1.0000        square
331.5000    0    2.500   1.0000          NULL 
334.0000    1    2.000   1.0000          line
336.0000    0    0.500   1.0000          NULL 
336.5000    2    2.000   1.0000        square
338.5000    0    1.500   1.0000          NULL 
340.0000    1    2.000   1.0000          line
342.0000    0    0.500   1.0000          NULL 
342.5000    2    2.000   1.0000        square
344.5000    0    0.500   1.0000          NULL 
345.0000    1    2.000   1.0000          line
347.0000    0    1.500   1.0000          NULL 
348.5000    1    2.000   1.0000          line
350.5000    0    1.000   1.0000          NULL 
351.5000    1    2.000   1.0000          line
353.5000    0    0.500   1.0000          NULL 
354.0000    1    2.000   1.0000          line
356.0000    0    0.500   1.0000          NULL 
356.5000    1    2.000   1.0000          line
358.5000    0    1.500   1.0000          NULL 
360.0000    2    2.000   1.0000        square
362.0000    0    0.500   1.0000          NULL 
362.5000    2    2.000   1.0000        square
364.5000    0    2.000   1.0000          NULL 
366.5000    2    2.000   1.0000        square
368.5000    0    1.000   1.0000          NULL 
369.5000    2    2.000   1.0000        square
371.5000    0    1.000   1.0000          NULL 
372.5000    1    2.000   1.0000          line
374.5000    0    0.500   1.0000          NULL 
375.0000    2    2.000   1.0000        square
377.0000    0    1.000   1.0000          NULL 
378.0000    1    2.000   1.0000          line
380.0000    0    0.500   1.0000          NULL 
380.5000    2    2.000   1.0000        square
382.5000    0    0.500   1.0000          NULL 
383.0000    1    2.000   1.0000          line
385.0000    0    2.000   1.0000          NULL 
387.0000    1    2.000   1.0000          line
389.0000    0    0.500   1.0000          NULL 
389.5000    1    2.000   1.0000          line
391.5000    0    1.000   1.0000          NULL 
392.5000    1    2.000   1.0000          line
394.5000    0    0.500   1.0000          NULL 
395.0000    1    2.000   1.0000          line
397.0000    0    0.500   1.0000          NULL 
397.5000    2    2.000   1.0000        square
399.5000    0    0.500   1.0000          NULL 
