  0.0000    1    2.000   1.0000          line
  2.0000    0    1.000   1.0000          NULL 
  3.0000    2    2.000   1.0000        square
  5.0000    0    0.500   1.0000          NULL 
  5.5000    1    2.000   1.0000          line
  7.5000    0    0.500   1.0000          NULL 
  8.0000    1    2.000   1.0000          line
 10.0000    0    1.500   1.0000          NULL 
 11.5000    1    2.000   1.0000          line
 13.5000    0    0.500   1.0000          NULL 
 14.0000    1    2.000   1.0000          line
 16.0000    0    0.500   1.0000          NULL 
 16.5000    2    2.000   1.0000        square
 18.5000    0    1.000   1.0000          NULL 
 19.5000    2    2.000   1.0000        square
 21.5000    0    3.000   1.0000          NULL 
 24.5000    2    2.000   1.0000        square
 26.5000    0    2.000   1.0000          NULL 
 28.5000    2    2.000   1.0000        square
 30.5000    0    0.500   1.0000          NULL 
 31.0000    1    2.000   1.0000          line
 33.0000    0    0.500   1.0000          NULL 
 33.5000    1    2.000   1.0000          line
 35.5000    0    2.500   1.0000          NULL 
 38.0000    1    2.000   1.0000          line
 40.0000    0    1.000   1.0000          NULL 
 41.0000    1    2.000   1.0000          line
 43.0000    0    2.000   1.0000          NULL 
 45.0000    2    2.000   1.0000        square
 47.0000    0    2.000   1.0000          NULL 
 49.0000    1    2.000   1.0000          line
 51.0000    0    1.000   1.0000          NULL 
 52.0000    2    2.000   1.0000        square
 54.0000    0    0.500   1.0000          NULL 
 54.5000    2    2.000   1.0000        square
 56.5000    0    1.500   1.0000          NULL 
 58.0000    1    2.000   1.0000          line
 60.0000    0    0.500   1.0000          NULL 
 60.5000    1    2.000   1.0000          line
 62.5000    0    2.000   1.0000          NULL 
 64.5000    2    2.000   1.0000        square
 66.5000    0    1.000   1.0000          NULL 
 67.5000    1    2.000   1.0000          line
 69.5000    0    3.500   1.0000          NULL 
 73.0000    1    2.000   1.0000          line
 75.0000    0    0.500   1.0000          NULL 
 75.5000    2    2.000   1.0000        square
 77.5000    0    0.500   1.0000          NULL 
 78.0000    2    2.000   1.0000        square
 80.0000    0    1.500   1.0000          NULL 
 81.5000    2    2.000   1.0000        square
 83.5000    0    0.500   1.0000          NULL 
 84.0000    2    2.000   1.0000        square
 86.0000    0    1.000   1.0000          NULL 
 87.0000    1    2.000   1.0000          line
 89.0000    0    1.000   1.0000          NULL 
 90.0000    2    2.000   1.0000        square
 92.0000    0    1.000   1.0000          NULL 
 93.0000    2    2.000   1.0000        square
 95.0000    0    1.000   1.0000          NULL 
 96.0000    1    2.000   1.0000          line
 98.0000    0    1.000   1.0000          NULL 
 99.0000    2    2.000   1.0000        square
101.0000    0    0.500   1.0000          NULL 
101.5000    2    2.000   1.0000        square
103.5000    0    0.500   1.0000          NULL 
104.0000    1    2.000   1.0000          line
106.0000    0    1.000   1.0000          NULL 
107.0000    2    2.000   1.0000        square
109.0000    0    0.500   1.0000          NULL 
109.5000    2    2.000   1.0000        square
111.5000    0    2.000   1.0000          NULL 
113.5000    2    2.000   1.0000        square
115.5000    0    2.500   1.0000          NULL 
118.0000    2    2.000   1.0000        square
120.0000    0    0.500   1.0000          NULL 
120.5000    1    2.000   1.0000          line
122.5000    0    1.000   1.0000          NULL 
123.5000    2    2.000   1.0000        square
125.5000    0    0.500   1.0000          NULL 
126.0000    1    2.000   1.0000          line
128.0000    0    1.500   1.0000          NULL 
129.5000    2    2.000   1.0000        square
131.5000    0    0.500   1.0000          NULL 
132.0000    2    2.000   1.0000        square
134.0000    0    2.000   1.0000          NULL 
136.0000    2    2.000   1.0000        square
138.0000    0    1.000   1.0000          NULL 
139.0000    1    2.000   1.0000          line
141.0000    0    1.000   1.0000          NULL 
142.0000    2    2.000   1.0000        square
144.0000    0    2.000   1.0000          NULL 
146.0000    1    2.000   1.0000          line
148.0000    0    0.500   1.0000          NULL 
148.5000    1    2.000   1.0000          line
150.5000    0    2.000   1.0000          NULL 
152.5000    1    2.000   1.0000          line
154.5000    0    0.500   1.0000          NULL 
155.0000    2    2.000   1.0000        square
157.0000    0    1.000   1.0000          NULL 
158.0000    1    2.000   1.0000          line
160.0000    0    1.000   1.0000          NULL 
161.0000    2    2.000   1.0000        square
163.0000    0    3.000   1.0000          NULL 
166.0000    1    2.000   1.0000          line
168.0000    0    0.500   1.0000          NULL 
168.5000    1    2.000   1.0000          line
170.5000    0    2.000   1.0000          NULL 
172.5000    1    2.000   1.0000          line
174.5000    0    1.500   1.0000          NULL 
176.0000    1    2.000   1.0000          line
178.0000    0    3.000   1.0000          NULL 
181.0000    2    2.000   1.0000        square
183.0000    0    0.500   1.0000          NULL 
183.5000    2    2.000   1.0000        square
185.5000    0    1.500   1.0000          NULL 
187.0000    1    2.000   1.0000          line
189.0000    0    1.000   1.0000          NULL 
190.0000    1    2.000   1.0000          line
192.0000    0    1.000   1.0000          NULL 
193.0000    1    2.000   1.0000          line
195.0000    0    0.500   1.0000          NULL 
195.5000    1    2.000   1.0000          line
197.5000    0    1.500   1.0000          NULL 
199.0000    1    2.000   1.0000          line
201.0000    0    0.500   1.0000          NULL 
201.5000    2    2.000   1.0000        square
203.5000    0    3.500   1.0000          NULL 
207.0000    2    2.000   1.0000        square
209.0000    0    0.500   1.0000          NULL 
209.5000    2    2.000   1.0000        square
211.5000    0    4.000   1.0000          NULL 
215.5000    1    2.000   1.0000          line
217.5000    0    1.000   1.0000          NULL 
218.5000    2    2.000   1.0000        square
220.5000    0    1.000   1.0000          NULL 
221.5000    1    2.000   1.0000          line
223.5000    0    0.500   1.0000          NULL 
224.0000    2    2.000   1.0000        square
226.0000    0    0.500   1.0000          NULL 
226.5000    2    2.000   1.0000        square
228.5000    0    0.500   1.0000          NULL 
229.0000    1    2.000   1.0000          line
231.0000    0    2.000   1.0000          NULL 
233.0000    1    2.000   1.0000          line
235.0000    0    3.000   1.0000          NULL 
238.0000    2    2.000   1.0000        square
240.0000    0    0.500   1.0000          NULL 
240.5000    2    2.000   1.0000        square
242.5000    0    0.500   1.0000          NULL 
243.0000    2    2.000   1.0000        square
245.0000    0    1.000   1.0000          NULL 
246.0000    1    2.000   1.0000          line
248.0000    0    1.000   1.0000          NULL 
249.0000    2    2.000   1.0000        square
251.0000    0    0.500   1.0000          NULL 
251.5000    2    2.000   1.0000        square
253.5000    0    0.500   1.0000          NULL 
254.0000    2    2.000   1.0000        square
256.0000    0    0.500   1.0000          NULL 
256.5000    2    2.000   1.0000        square
258.5000    0    4.000   1.0000          NULL 
262.5000    1    2.000   1.0000          line
264.5000    0    1.000   1.0000          NULL 
265.5000    1    2.000   1.0000          line
267.5000    0    1.500   1.0000          NULL 
269.0000    1    2.000   1.0000          line
271.0000    0    1.000   1.0000          NULL 
272.0000    1    2.000   1.0000          line
274.0000    0    3.000   1.0000          NULL 
277.0000    1    2.000   1.0000          line
279.0000    0    1.500   1.0000          NULL 
280.5000    1    2.000   1.0000          line
282.5000    0    0.500   1.0000          NULL 
283.0000    1    2.000   1.0000          line
285.0000    0    0.500   1.0000          NULL 
285.5000    2    2.000   1.0000        square
287.5000    0    1.500   1.0000          NULL 
289.0000    1    2.000   1.0000          line
291.0000    0    1.000   1.0000          NULL 
292.0000    1    2.000   1.0000          line
294.0000    0    1.000   1.0000          NULL 
295.0000    1    2.000   1.0000          line
297.0000    0    0.500   1.0000          NULL 
297.5000    2    2.000   1.0000        square
299.5000    0    4.000   1.0000          NULL 
303.5000    1    2.000   1.0000          line
305.5000    0    1.000   1.0000          NULL 
306.5000    2    2.000   1.0000        square
308.5000    0    4.000   1.0000          NULL 
312.5000    2    2.000   1.0000        square
314.5000    0    4.000   1.0000          NULL 
318.5000    2    2.000   1.0000        square
320.5000    0    0.500   1.0000          NULL 
321.0000    2    2.000   1.0000        square
323.0000    0    0.500   1.0000          NULL 
323.5000    2    2.000   1.0000        square
325.5000    0    2.000   1.0000          NULL 
327.5000    2    2.000   1.0000        square
329.5000    0    0.500   1.0000          NULL 
330.0000    1    2.000   1.0000          line
332.0000    0    3.500   1.0000          NULL 
335.5000    1    2.000   1.0000          line
337.5000    0    3.000   1.0000          NULL 
340.5000    1    2.000   1.0000          line
342.5000    0    3.000   1.0000          NULL 
345.5000    2    2.000   1.0000        square
347.5000    0    1.000   1.0000          NULL 
348.5000    1    2.000   1.0000          line
350.5000    0    0.500   1.0000          NULL 
351.0000    1    2.000   1.0000          line
353.0000    0    1.500   1.0000          NULL 
354.5000    1    2.000   1.0000          line
356.5000    0    1.000   1.0000          NULL 
357.5000    2    2.000   1.0000        square
359.5000    0    0.500   1.0000          NULL 
360.0000    2    2.000   1.0000        square
362.0000    0    1.000   1.0000          NULL 
363.0000    2    2.000   1.0000        square
365.0000    0    0.500   1.0000          NULL 
365.5000    2    2.000   1.0000        square
367.5000    0    1.000   1.0000          NULL 
368.5000    1    2.000   1.0000          line
370.5000    0    1.000   1.0000          NULL 
371.5000    2    2.000   1.0000        square
373.5000    0    0.500   1.0000          NULL 
374.0000    1    2.000   1.0000          line
376.0000    0    0.500   1.0000          NULL 
376.5000    1    2.000   1.0000          line
378.5000    0    0.500   1.0000          NULL 
379.0000    2    2.000   1.0000        square
381.0000    0    4.000   1.0000          NULL 
385.0000    1    2.000   1.0000          line
387.0000    0    1.000   1.0000          NULL 
388.0000    1    2.000   1.0000          line
390.0000    0    0.500   1.0000          NULL 
390.5000    2    2.000   1.0000        square
392.5000    0    2.500   1.0000          NULL 
395.0000    2    2.000   1.0000        square
397.0000    0    3.000   1.0000          NULL 
