  0.0000    1    2.000   1.0000          line
  2.0000    0    1.200   1.0000          NULL 
  3.2000    2    2.000   1.0000        square
  5.2000    0    1.300   1.0000          NULL 
  6.5000    2    2.000   1.0000        square
  8.5000    0    1.900   1.0000          NULL 
 10.4000    1    2.000   1.0000          line
 12.4000    0    1.100   1.0000          NULL 
 13.5000    1    2.000   1.0000          line
 15.5000    0    1.100   1.0000          NULL 
 16.6000    1    2.000   1.0000          line
 18.6000    0    1.200   1.0000          NULL 
 19.8000    1    2.000   1.0000          line
 21.8000    0    1.000   1.0000          NULL 
 22.8000    2    2.000   1.0000        square
 24.8000    0    1.700   1.0000          NULL 
 26.5000    1    2.000   1.0000          line
 28.5000    0    1.200   1.0000          NULL 
 29.7000    2    2.000   1.0000        square
 31.7000    0    1.000   1.0000          NULL 
 32.7000    2    2.000   1.0000        square
 34.7000    0    1.100   1.0000          NULL 
 35.8000    1    2.000   1.0000          line
 37.8000    0    1.200   1.0000          NULL 
 39.0000    2    2.000   1.0000        square
 41.0000    0    1.000   1.0000          NULL 
 42.0000    2    2.000   1.0000        square
 44.0000    0    1.400   1.0000          NULL 
 45.4000    2    2.000   1.0000        square
 47.4000    0    1.000   1.0000          NULL 
 48.4000    2    2.000   1.0000        square
 50.4000    0    1.100   1.0000          NULL 
 51.5000    1    2.000   1.0000          line
 53.5000    0    1.000   1.0000          NULL 
 54.5000    2    2.000   1.0000        square
 56.5000    0    1.000   1.0000          NULL 
 57.5000    2    2.000   1.0000        square
 59.5000    0    1.800   1.0000          NULL 
 61.3000    2    2.000   1.0000        square
 63.3000    0    1.200   1.0000          NULL 
 64.5000    2    2.000   1.0000        square
 66.5000    0    1.100   1.0000          NULL 
 67.6000    2    2.000   1.0000        square
 69.6000    0    1.000   1.0000          NULL 
 70.6000    1    2.000   1.0000          line
 72.6000    0    1.300   1.0000          NULL 
 73.9000    1    2.000   1.0000          line
 75.9000    0    2.000   1.0000          NULL 
 77.9000    2    2.000   1.0000        square
 79.9000    0    1.500   1.0000          NULL 
 81.4000    1    2.000   1.0000          line
 83.4000    0    1.400   1.0000          NULL 
 84.7999    1    2.000   1.0000          line
 86.7999    0    1.000   1.0000          NULL 
 87.7999    1    2.000   1.0000          line
 89.7999    0    1.300   1.0000          NULL 
 91.0999    2    2.000   1.0000        square
 93.0999    0    1.200   1.0000          NULL 
 94.2999    1    2.000   1.0000          line
 96.2999    0    1.000   1.0000          NULL 
 97.2999    1    2.000   1.0000          line
 99.2999    0    1.000   1.0000          NULL 
100.2999    2    2.000   1.0000        square
102.2999    0    1.800   1.0000          NULL 
104.0999    2    2.000   1.0000        square
106.0999    0    1.000   1.0000          NULL 
107.0999    1    2.000   1.0000          line
109.0999    0    1.800   1.0000          NULL 
110.8999    1    2.000   1.0000          line
112.8999    0    1.300   1.0000          NULL 
114.1999    1    2.000   1.0000          line
116.1999    0    1.100   1.0000          NULL 
117.2999    1    2.000   1.0000          line
119.2999    0    1.300   1.0000          NULL 
120.5999    2    2.000   1.0000        square
122.5999    0    1.200   1.0000          NULL 
123.7999    1    2.000   1.0000          line
125.7999    0    1.100   1.0000          NULL 
126.8999    2    2.000   1.0000        square
128.8999    0    1.100   1.0000          NULL 
