  0.0000    1    2.000   1.0000          line
  2.0000    0    1.200   1.0000          NULL 
  3.2000    1    2.000   1.0000          line
  5.2000    0    1.500   1.0000          NULL 
  6.7000    2    2.000   1.0000        square
  8.7000    0    2.000   1.0000          NULL 
 10.7000    2    2.000   1.0000        square
 12.7000    0    1.300   1.0000          NULL 
 14.0000    1    2.000   1.0000          line
 16.0000    0    1.100   1.0000          NULL 
 17.1000    2    2.000   1.0000        square
 19.1000    0    1.100   1.0000          NULL 
 20.2000    2    2.000   1.0000        square
 22.2000    0    1.000   1.0000          NULL 
 23.2000    2    2.000   1.0000        square
 25.2000    0    1.100   1.0000          NULL 
 26.3000    2    2.000   1.0000        square
 28.3000    0    1.100   1.0000          NULL 
 29.4000    1    2.000   1.0000          line
 31.4000    0    1.000   1.0000          NULL 
 32.4000    2    2.000   1.0000        square
 34.4000    0    1.000   1.0000          NULL 
 35.4000    1    2.000   1.0000          line
 37.4000    0    1.900   1.0000          NULL 
 39.3000    2    2.000   1.0000        square
 41.3000    0    1.000   1.0000          NULL 
 42.3000    2    2.000   1.0000        square
 44.3000    0    1.200   1.0000          NULL 
 45.5000    2    2.000   1.0000        square
 47.5000    0    1.400   1.0000          NULL 
 48.9000    2    2.000   1.0000        square
 50.9000    0    1.000   1.0000          NULL 
 51.9000    2    2.000   1.0000        square
 53.9000    0    1.000   1.0000          NULL 
 54.9000    1    2.000   1.0000          line
 56.9000    0    1.300   1.0000          NULL 
 58.2000    1    2.000   1.0000          line
 60.2000    0    1.100   1.0000          NULL 
 61.3000    1    2.000   1.0000          line
 63.3000    0    2.000   1.0000          NULL 
 65.3000    2    2.000   1.0000        square
 67.3000    0    1.000   1.0000          NULL 
 68.3000    2    2.000   1.0000        square
 70.3000    0    1.500   1.0000          NULL 
 71.7999    1    2.000   1.0000          line
 73.7999    0    1.000   1.0000          NULL 
 74.7999    1    2.000   1.0000          line
 76.7999    0    1.100   1.0000          NULL 
 77.8999    1    2.000   1.0000          line
 79.8999    0    1.000   1.0000          NULL 
 80.8999    1    2.000   1.0000          line
 82.8999    0    1.200   1.0000          NULL 
 84.0999    2    2.000   1.0000        square
 86.0999    0    1.200   1.0000          NULL 
 87.2999    1    2.000   1.0000          line
 89.2999    0    1.000   1.0000          NULL 
 90.2999    1    2.000   1.0000          line
 92.2999    0    1.600   1.0000          NULL 
 93.8999    1    2.000   1.0000          line
 95.8999    0    1.000   1.0000          NULL 
 96.8999    2    2.000   1.0000        square
 98.8999    0    1.500   1.0000          NULL 
100.3999    2    2.000   1.0000        square
102.3999    0    1.600   1.0000          NULL 
103.9999    1    2.000   1.0000          line
105.9999    0    1.000   1.0000          NULL 
106.9999    1    2.000   1.0000          line
108.9999    0    1.100   1.0000          NULL 
110.0999    2    2.000   1.0000        square
112.0999    0    1.300   1.0000          NULL 
113.3999    2    2.000   1.0000        square
115.3999    0    1.200   1.0000          NULL 
116.5999    1    2.000   1.0000          line
118.5999    0    1.000   1.0000          NULL 
119.5999    2    2.000   1.0000        square
121.5999    0    2.000   1.0000          NULL 
123.5999    1    2.000   1.0000          line
125.5999    0    1.100   1.0000          NULL 
126.6999    1    2.000   1.0000          line
128.6999    0    1.300   1.0000          NULL 
