  0.0000    2    2.000   1.0000        square
  2.0000    0    0.500   1.0000          NULL 
  2.5000    1    2.000   1.0000          line
  4.5000    0    0.500   1.0000          NULL 
  5.0000    2    2.000   1.0000        square
  7.0000    0    1.500   1.0000          NULL 
  8.5000    1    2.000   1.0000          line
 10.5000    0    0.500   1.0000          NULL 
 11.0000    1    2.000   1.0000          line
 13.0000    0    0.500   1.0000          NULL 
 13.5000    2    2.000   1.0000        square
 15.5000    0    0.500   1.0000          NULL 
 16.0000    2    2.000   1.0000        square
 18.0000    0    1.000   1.0000          NULL 
 19.0000    1    2.000   1.0000          line
 21.0000    0    1.500   1.0000          NULL 
 22.5000    2    2.000   1.0000        square
 24.5000    0    1.000   1.0000          NULL 
 25.5000    1    2.000   1.0000          line
 27.5000    0    1.500   1.0000          NULL 
 29.0000    2    2.000   1.0000        square
 31.0000    0    1.000   1.0000          NULL 
 32.0000    1    2.000   1.0000          line
 34.0000    0    4.000   1.0000          NULL 
 38.0000    1    2.000   1.0000          line
 40.0000    0    0.500   1.0000          NULL 
 40.5000    2    2.000   1.0000        square
 42.5000    0    2.500   1.0000          NULL 
 45.0000    1    2.000   1.0000          line
 47.0000    0    0.500   1.0000          NULL 
 47.5000    2    2.000   1.0000        square
 49.5000    0    0.500   1.0000          NULL 
 50.0000    1    2.000   1.0000          line
 52.0000    0    2.000   1.0000          NULL 
 54.0000    1    2.000   1.0000          line
 56.0000    0    2.000   1.0000          NULL 
 58.0000    1    2.000   1.0000          line
 60.0000    0    0.500   1.0000          NULL 
 60.5000    1    2.000   1.0000          line
 62.5000    0    0.500   1.0000          NULL 
 63.0000    2    2.000   1.0000        square
 65.0000    0    1.500   1.0000          NULL 
 66.5000    2    2.000   1.0000        square
 68.5000    0    1.000   1.0000          NULL 
 69.5000    2    2.000   1.0000        square
 71.5000    0    2.000   1.0000          NULL 
 73.5000    1    2.000   1.0000          line
 75.5000    0    3.000   1.0000          NULL 
 78.5000    2    2.000   1.0000        square
 80.5000    0    1.000   1.0000          NULL 
 81.5000    1    2.000   1.0000          line
 83.5000    0    1.500   1.0000          NULL 
 85.0000    1    2.000   1.0000          line
 87.0000    0    0.500   1.0000          NULL 
 87.5000    1    2.000   1.0000          line
 89.5000    0    2.000   1.0000          NULL 
 91.5000    1    2.000   1.0000          line
 93.5000    0    1.000   1.0000          NULL 
 94.5000    2    2.000   1.0000        square
 96.5000    0    2.500   1.0000          NULL 
 99.0000    2    2.000   1.0000        square
101.0000    0    1.500   1.0000          NULL 
102.5000    1    2.000   1.0000          line
104.5000    0    1.500   1.0000          NULL 
106.0000    2    2.000   1.0000        square
108.0000    0    1.500   1.0000          NULL 
109.5000    1    2.000   1.0000          line
111.5000    0    1.000   1.0000          NULL 
112.5000    1    2.000   1.0000          line
114.5000    0    2.000   1.0000          NULL 
116.5000    1    2.000   1.0000          line
118.5000    0    2.000   1.0000          NULL 
120.5000    2    2.000   1.0000        square
122.5000    0    0.500   1.0000          NULL 
123.0000    1    2.000   1.0000          line
125.0000    0    0.500   1.0000          NULL 
125.5000    2    2.000   1.0000        square
127.5000    0    2.000   1.0000          NULL 
129.5000    2    2.000   1.0000        square
131.5000    0    1.500   1.0000          NULL 
133.0000    1    2.000   1.0000          line
135.0000    0    0.500   1.0000          NULL 
135.5000    1    2.000   1.0000          line
137.5000    0    1.000   1.0000          NULL 
138.5000    2    2.000   1.0000        square
140.5000    0    4.000   1.0000          NULL 
144.5000    1    2.000   1.0000          line
146.5000    0    3.000   1.0000          NULL 
149.5000    2    2.000   1.0000        square
151.5000    0    0.500   1.0000          NULL 
152.0000    2    2.000   1.0000        square
154.0000    0    0.500   1.0000          NULL 
154.5000    2    2.000   1.0000        square
156.5000    0    3.500   1.0000          NULL 
160.0000    2    2.000   1.0000        square
162.0000    0    2.500   1.0000          NULL 
164.5000    2    2.000   1.0000        square
166.5000    0    0.500   1.0000          NULL 
167.0000    1    2.000   1.0000          line
169.0000    0    0.500   1.0000          NULL 
169.5000    1    2.000   1.0000          line
171.5000    0    0.500   1.0000          NULL 
172.0000    2    2.000   1.0000        square
174.0000    0    4.000   1.0000          NULL 
178.0000    2    2.000   1.0000        square
180.0000    0    1.500   1.0000          NULL 
181.5000    2    2.000   1.0000        square
183.5000    0    0.500   1.0000          NULL 
184.0000    1    2.000   1.0000          line
186.0000    0    1.500   1.0000          NULL 
187.5000    2    2.000   1.0000        square
189.5000    0    1.000   1.0000          NULL 
190.5000    1    2.000   1.0000          line
192.5000    0    0.500   1.0000          NULL 
193.0000    2    2.000   1.0000        square
195.0000    0    1.000   1.0000          NULL 
196.0000    1    2.000   1.0000          line
198.0000    0    0.500   1.0000          NULL 
198.5000    2    2.000   1.0000        square
200.5000    0    3.000   1.0000          NULL 
203.5000    2    2.000   1.0000        square
205.5000    0    0.500   1.0000          NULL 
206.0000    1    2.000   1.0000          line
208.0000    0    0.500   1.0000          NULL 
208.5000    1    2.000   1.0000          line
210.5000    0    1.000   1.0000          NULL 
211.5000    2    2.000   1.0000        square
213.5000    0    1.500   1.0000          NULL 
215.0000    2    2.000   1.0000        square
217.0000    0    0.500   1.0000          NULL 
217.5000    1    2.000   1.0000          line
219.5000    0    1.000   1.0000          NULL 
220.5000    1    2.000   1.0000          line
222.5000    0    1.000   1.0000          NULL 
223.5000    1    2.000   1.0000          line
225.5000    0    2.500   1.0000          NULL 
228.0000    1    2.000   1.0000          line
230.0000    0    0.500   1.0000          NULL 
230.5000    2    2.000   1.0000        square
232.5000    0    1.500   1.0000          NULL 
234.0000    1    2.000   1.0000          line
236.0000    0    0.500   1.0000          NULL 
236.5000    2    2.000   1.0000        square
238.5000    0    3.000   1.0000          NULL 
241.5000    2    2.000   1.0000        square
243.5000    0    0.500   1.0000          NULL 
244.0000    2    2.000   1.0000        square
246.0000    0    0.500   1.0000          NULL 
246.5000    2    2.000   1.0000        square
248.5000    0    2.500   1.0000          NULL 
251.0000    1    2.000   1.0000          line
253.0000    0    1.500   1.0000          NULL 
254.5000    1    2.000   1.0000          line
256.5000    0    1.000   1.0000          NULL 
257.5000    1    2.000   1.0000          line
259.5000    0    3.000   1.0000          NULL 
262.5000    2    2.000   1.0000        square
264.5000    0    1.000   1.0000          NULL 
265.5000    2    2.000   1.0000        square
267.5000    0    2.500   1.0000          NULL 
270.0000    2    2.000   1.0000        square
272.0000    0    0.500   1.0000          NULL 
272.5000    1    2.000   1.0000          line
274.5000    0    2.000   1.0000          NULL 
276.5000    2    2.000   1.0000        square
278.5000    0    0.500   1.0000          NULL 
279.0000    2    2.000   1.0000        square
281.0000    0    1.500   1.0000          NULL 
282.5000    1    2.000   1.0000          line
284.5000    0    2.500   1.0000          NULL 
287.0000    1    2.000   1.0000          line
289.0000    0    3.500   1.0000          NULL 
292.5000    2    2.000   1.0000        square
294.5000    0    0.500   1.0000          NULL 
295.0000    2    2.000   1.0000        square
297.0000    0    0.500   1.0000          NULL 
297.5000    1    2.000   1.0000          line
299.5000    0    0.500   1.0000          NULL 
300.0000    1    2.000   1.0000          line
302.0000    0    1.000   1.0000          NULL 
303.0000    1    2.000   1.0000          line
305.0000    0    4.000   1.0000          NULL 
309.0000    1    2.000   1.0000          line
311.0000    0    1.000   1.0000          NULL 
312.0000    1    2.000   1.0000          line
314.0000    0    1.000   1.0000          NULL 
315.0000    2    2.000   1.0000        square
317.0000    0    0.500   1.0000          NULL 
317.5000    2    2.000   1.0000        square
319.5000    0    0.500   1.0000          NULL 
320.0000    2    2.000   1.0000        square
322.0000    0    0.500   1.0000          NULL 
322.5000    1    2.000   1.0000          line
324.5000    0    0.500   1.0000          NULL 
325.0000    2    2.000   1.0000        square
327.0000    0    2.000   1.0000          NULL 
329.0000    2    2.000   1.0000        square
331.0000    0    2.000   1.0000          NULL 
333.0000    1    2.000   1.0000          line
335.0000    0    1.500   1.0000          NULL 
336.5000    2    2.000   1.0000        square
338.5000    0    1.500   1.0000          NULL 
340.0000    1    2.000   1.0000          line
342.0000    0    0.500   1.0000          NULL 
342.5000    1    2.000   1.0000          line
344.5000    0    1.500   1.0000          NULL 
346.0000    2    2.000   1.0000        square
348.0000    0    0.500   1.0000          NULL 
348.5000    2    2.000   1.0000        square
350.5000    0    0.500   1.0000          NULL 
351.0000    1    2.000   1.0000          line
353.0000    0    1.000   1.0000          NULL 
354.0000    1    2.000   1.0000          line
356.0000    0    1.000   1.0000          NULL 
357.0000    1    2.000   1.0000          line
359.0000    0    2.000   1.0000          NULL 
361.0000    2    2.000   1.0000        square
363.0000    0    0.500   1.0000          NULL 
363.5000    1    2.000   1.0000          line
365.5000    0    3.500   1.0000          NULL 
369.0000    1    2.000   1.0000          line
371.0000    0    1.000   1.0000          NULL 
372.0000    2    2.000   1.0000        square
374.0000    0    0.500   1.0000          NULL 
374.5000    2    2.000   1.0000        square
376.5000    0    3.000   1.0000          NULL 
379.5000    2    2.000   1.0000        square
381.5000    0    1.000   1.0000          NULL 
382.5000    1    2.000   1.0000          line
384.5000    0    0.500   1.0000          NULL 
385.0000    1    2.000   1.0000          line
387.0000    0    2.000   1.0000          NULL 
389.0000    2    2.000   1.0000        square
391.0000    0    1.000   1.0000          NULL 
392.0000    1    2.000   1.0000          line
394.0000    0    1.000   1.0000          NULL 
395.0000    2    2.000   1.0000        square
397.0000    0    0.500   1.0000          NULL 
397.5000    2    2.000   1.0000        square
399.5000    0    0.500   1.0000          NULL 
