  0.0000    1    2.000   1.0000          line
  2.0000    0    1.000   1.0000          NULL 
  3.0000    1    2.000   1.0000          line
  5.0000    0    1.000   1.0000          NULL 
  6.0000    2    2.000   1.0000        square
  8.0000    0    1.200   1.0000          NULL 
  9.2000    2    2.000   1.0000        square
 11.2000    0    1.100   1.0000          NULL 
 12.3000    2    2.000   1.0000        square
 14.3000    0    1.000   1.0000          NULL 
 15.3000    1    2.000   1.0000          line
 17.3000    0    1.400   1.0000          NULL 
 18.7000    2    2.000   1.0000        square
 20.7000    0    1.300   1.0000          NULL 
 22.0000    2    2.000   1.0000        square
 24.0000    0    1.000   1.0000          NULL 
 25.0000    2    2.000   1.0000        square
 27.0000    0    1.100   1.0000          NULL 
 28.1000    2    2.000   1.0000        square
 30.1000    0    1.100   1.0000          NULL 
 31.2000    2    2.000   1.0000        square
 33.2000    0    2.000   1.0000          NULL 
 35.2000    1    2.000   1.0000          line
 37.2000    0    1.100   1.0000          NULL 
 38.3000    2    2.000   1.0000        square
 40.3000    0    1.500   1.0000          NULL 
 41.8000    1    2.000   1.0000          line
 43.8000    0    1.400   1.0000          NULL 
 45.2000    2    2.000   1.0000        square
 47.2000    0    1.000   1.0000          NULL 
 48.2000    2    2.000   1.0000        square
 50.2000    0    1.600   1.0000          NULL 
 51.8000    1    2.000   1.0000          line
 53.8000    0    1.000   1.0000          NULL 
 54.8000    1    2.000   1.0000          line
 56.8000    0    1.400   1.0000          NULL 
 58.2000    1    2.000   1.0000          line
 60.2000    0    1.100   1.0000          NULL 
 61.3000    1    2.000   1.0000          line
 63.3000    0    1.200   1.0000          NULL 
 64.5000    2    2.000   1.0000        square
 66.5000    0    1.600   1.0000          NULL 
 68.0999    2    2.000   1.0000        square
 70.0999    0    1.700   1.0000          NULL 
 71.7999    2    2.000   1.0000        square
 73.7999    0    1.100   1.0000          NULL 
 74.8999    2    2.000   1.0000        square
 76.8999    0    1.100   1.0000          NULL 
 77.9999    1    2.000   1.0000          line
 79.9999    0    1.100   1.0000          NULL 
 81.0999    1    2.000   1.0000          line
 83.0999    0    1.300   1.0000          NULL 
 84.3999    1    2.000   1.0000          line
 86.3999    0    1.300   1.0000          NULL 
 87.6999    2    2.000   1.0000        square
 89.6999    0    1.000   1.0000          NULL 
 90.6999    1    2.000   1.0000          line
 92.6999    0    1.800   1.0000          NULL 
 94.4999    1    2.000   1.0000          line
 96.4999    0    1.000   1.0000          NULL 
 97.4999    1    2.000   1.0000          line
 99.4999    0    1.200   1.0000          NULL 
100.6999    1    2.000   1.0000          line
102.6999    0    1.400   1.0000          NULL 
104.0999    1    2.000   1.0000          line
106.0999    0    1.000   1.0000          NULL 
107.0999    2    2.000   1.0000        square
109.0999    0    1.200   1.0000          NULL 
110.2999    2    2.000   1.0000        square
112.2999    0    1.200   1.0000          NULL 
113.4999    1    2.000   1.0000          line
115.4999    0    1.200   1.0000          NULL 
116.6999    1    2.000   1.0000          line
118.6999    0    1.800   1.0000          NULL 
120.4999    2    2.000   1.0000        square
122.4999    0    1.100   1.0000          NULL 
123.5999    1    2.000   1.0000          line
125.5999    0    1.000   1.0000          NULL 
126.5999    2    2.000   1.0000        square
128.5999    0    1.400   1.0000          NULL 
