  0.0000    2    2.000   1.0000        square
  2.0000    0    1.100   1.0000          NULL 
  3.1000    1    2.000   1.0000          line
  5.1000    0    1.000   1.0000          NULL 
  6.1000    2    2.000   1.0000        square
  8.1000    0    1.000   1.0000          NULL 
  9.1000    2    2.000   1.0000        square
 11.1000    0    1.400   1.0000          NULL 
 12.5000    2    2.000   1.0000        square
 14.5000    0    1.500   1.0000          NULL 
 16.0000    2    2.000   1.0000        square
 18.0000    0    1.100   1.0000          NULL 
 19.1000    2    2.000   1.0000        square
 21.1000    0    1.000   1.0000          NULL 
 22.1000    2    2.000   1.0000        square
 24.1000    0    1.500   1.0000          NULL 
 25.6000    1    2.000   1.0000          line
 27.6000    0    1.000   1.0000          NULL 
 28.6000    1    2.000   1.0000          line
 30.6000    0    1.400   1.0000          NULL 
 32.0000    2    2.000   1.0000        square
 34.0000    0    1.000   1.0000          NULL 
 35.0000    1    2.000   1.0000          line
 37.0000    0    1.500   1.0000          NULL 
 38.5000    1    2.000   1.0000          line
 40.5000    0    1.300   1.0000          NULL 
 41.8000    2    2.000   1.0000        square
 43.8000    0    1.000   1.0000          NULL 
 44.8000    2    2.000   1.0000        square
 46.8000    0    1.000   1.0000          NULL 
 47.8000    2    2.000   1.0000        square
 49.8000    0    1.400   1.0000          NULL 
 51.2000    2    2.000   1.0000        square
 53.2000    0    1.300   1.0000          NULL 
 54.5000    1    2.000   1.0000          line
 56.5000    0    1.400   1.0000          NULL 
 57.9000    1    2.000   1.0000          line
 59.9000    0    1.100   1.0000          NULL 
 61.0000    1    2.000   1.0000          line
 63.0000    0    1.800   1.0000          NULL 
 64.8000    2    2.000   1.0000        square
 66.8000    0    1.900   1.0000          NULL 
 68.7000    1    2.000   1.0000          line
 70.7000    0    1.100   1.0000          NULL 
 71.7999    2    2.000   1.0000        square
 73.7999    0    2.000   1.0000          NULL 
 75.7999    1    2.000   1.0000          line
 77.7999    0    1.000   1.0000          NULL 
 78.7999    2    2.000   1.0000        square
 80.7999    0    1.000   1.0000          NULL 
 81.7999    1    2.000   1.0000          line
 83.7999    0    1.300   1.0000          NULL 
 85.0999    1    2.000   1.0000          line
 87.0999    0    1.000   1.0000          NULL 
 88.0999    1    2.000   1.0000          line
 90.0999    0    1.200   1.0000          NULL 
 91.2999    2    2.000   1.0000        square
 93.2999    0    1.000   1.0000          NULL 
 94.2999    1    2.000   1.0000          line
 96.2999    0    1.000   1.0000          NULL 
 97.2999    1    2.000   1.0000          line
 99.2999    0    1.500   1.0000          NULL 
100.7999    2    2.000   1.0000        square
102.7999    0    1.100   1.0000          NULL 
103.8999    1    2.000   1.0000          line
105.8999    0    1.200   1.0000          NULL 
107.0999    1    2.000   1.0000          line
109.0999    0    1.100   1.0000          NULL 
110.1999    2    2.000   1.0000        square
112.1999    0    1.300   1.0000          NULL 
113.4999    1    2.000   1.0000          line
115.4999    0    1.100   1.0000          NULL 
116.5999    2    2.000   1.0000        square
118.5999    0    1.300   1.0000          NULL 
119.8999    1    2.000   1.0000          line
121.8999    0    1.600   1.0000          NULL 
123.4999    2    2.000   1.0000        square
125.4999    0    1.300   1.0000          NULL 
126.7999    1    2.000   1.0000          line
128.7999    0    1.200   1.0000          NULL 
