  0.0000    2    2.000   1.0000        square
  2.0000    0    1.100   1.0000          NULL 
  3.1000    2    2.000   1.0000        square
  5.1000    0    1.000   1.0000          NULL 
  6.1000    1    2.000   1.0000          line
  8.1000    0    1.800   1.0000          NULL 
  9.9000    2    2.000   1.0000        square
 11.9000    0    1.200   1.0000          NULL 
 13.1000    1    2.000   1.0000          line
 15.1000    0    1.200   1.0000          NULL 
 16.3000    2    2.000   1.0000        square
 18.3000    0    1.100   1.0000          NULL 
 19.4000    1    2.000   1.0000          line
 21.4000    0    1.100   1.0000          NULL 
 22.5000    2    2.000   1.0000        square
 24.5000    0    1.200   1.0000          NULL 
 25.7000    2    2.000   1.0000        square
 27.7000    0    1.100   1.0000          NULL 
 28.8000    1    2.000   1.0000          line
 30.8000    0    1.300   1.0000          NULL 
 32.1000    2    2.000   1.0000        square
 34.1000    0    1.000   1.0000          NULL 
 35.1000    2    2.000   1.0000        square
 37.1000    0    1.700   1.0000          NULL 
 38.8000    2    2.000   1.0000        square
 40.8000    0    1.000   1.0000          NULL 
 41.8000    2    2.000   1.0000        square
 43.8000    0    1.400   1.0000          NULL 
 45.2000    1    2.000   1.0000          line
 47.2000    0    1.400   1.0000          NULL 
 48.6000    2    2.000   1.0000        square
 50.6000    0    1.700   1.0000          NULL 
 52.3000    1    2.000   1.0000          line
 54.3000    0    1.100   1.0000          NULL 
 55.4000    2    2.000   1.0000        square
 57.4000    0    1.300   1.0000          NULL 
 58.7000    2    2.000   1.0000        square
 60.7000    0    1.000   1.0000          NULL 
 61.7000    2    2.000   1.0000        square
 63.7000    0    1.000   1.0000          NULL 
 64.7000    1    2.000   1.0000          line
 66.7000    0    1.400   1.0000          NULL 
 68.1000    1    2.000   1.0000          line
 70.1000    0    1.400   1.0000          NULL 
 71.5000    1    2.000   1.0000          line
 73.5000    0    1.000   1.0000          NULL 
 74.5000    1    2.000   1.0000          line
 76.5000    0    1.900   1.0000          NULL 
 78.3999    1    2.000   1.0000          line
 80.3999    0    1.000   1.0000          NULL 
 81.3999    1    2.000   1.0000          line
 83.3999    0    1.200   1.0000          NULL 
 84.5999    1    2.000   1.0000          line
 86.5999    0    1.000   1.0000          NULL 
 87.5999    2    2.000   1.0000        square
 89.5999    0    1.800   1.0000          NULL 
 91.3999    2    2.000   1.0000        square
 93.3999    0    1.900   1.0000          NULL 
 95.2999    1    2.000   1.0000          line
 97.2999    0    1.200   1.0000          NULL 
 98.4999    2    2.000   1.0000        square
100.4999    0    1.200   1.0000          NULL 
101.6999    1    2.000   1.0000          line
103.6999    0    1.300   1.0000          NULL 
104.9999    2    2.000   1.0000        square
106.9999    0    1.400   1.0000          NULL 
108.3999    2    2.000   1.0000        square
110.3999    0    1.000   1.0000          NULL 
111.3999    2    2.000   1.0000        square
113.3999    0    1.300   1.0000          NULL 
114.6999    1    2.000   1.0000          line
116.6999    0    1.200   1.0000          NULL 
117.8999    1    2.000   1.0000          line
119.8999    0    1.000   1.0000          NULL 
120.8999    1    2.000   1.0000          line
122.8999    0    1.000   1.0000          NULL 
123.8999    1    2.000   1.0000          line
125.8999    0    1.000   1.0000          NULL 
126.8999    1    2.000   1.0000          line
128.8999    0    1.100   1.0000          NULL 
