  0.0000    1    2.000   1.0000          line
  2.0000    0    1.000   1.0000          NULL 
  3.0000    1    2.000   1.0000          line
  5.0000    0    1.500   1.0000          NULL 
  6.5000    2    2.000   1.0000        square
  8.5000    0    0.500   1.0000          NULL 
  9.0000    2    2.000   1.0000        square
 11.0000    0    1.000   1.0000          NULL 
 12.0000    2    2.000   1.0000        square
 14.0000    0    0.500   1.0000          NULL 
 14.5000    1    2.000   1.0000          line
 16.5000    0    1.000   1.0000          NULL 
 17.5000    2    2.000   1.0000        square
 19.5000    0    0.500   1.0000          NULL 
 20.0000    1    2.000   1.0000          line
 22.0000    0    2.000   1.0000          NULL 
 24.0000    1    2.000   1.0000          line
 26.0000    0    0.500   1.0000          NULL 
 26.5000    1    2.000   1.0000          line
 28.5000    0    1.000   1.0000          NULL 
 29.5000    1    2.000   1.0000          line
 31.5000    0    0.500   1.0000          NULL 
 32.0000    1    2.000   1.0000          line
 34.0000    0    1.500   1.0000          NULL 
 35.5000    1    2.000   1.0000          line
 37.5000    0    1.500   1.0000          NULL 
 39.0000    1    2.000   1.0000          line
 41.0000    0    1.000   1.0000          NULL 
 42.0000    1    2.000   1.0000          line
 44.0000    0    1.000   1.0000          NULL 
 45.0000    2    2.000   1.0000        square
 47.0000    0    1.500   1.0000          NULL 
 48.5000    1    2.000   1.0000          line
 50.5000    0    2.000   1.0000          NULL 
 52.5000    1    2.000   1.0000          line
 54.5000    0    3.000   1.0000          NULL 
 57.5000    1    2.000   1.0000          line
 59.5000    0    1.500   1.0000          NULL 
 61.0000    2    2.000   1.0000        square
 63.0000    0    0.500   1.0000          NULL 
 63.5000    2    2.000   1.0000        square
 65.5000    0    0.500   1.0000          NULL 
 66.0000    2    2.000   1.0000        square
 68.0000    0    1.000   1.0000          NULL 
 69.0000    1    2.000   1.0000          line
 71.0000    0    3.000   1.0000          NULL 
 74.0000    1    2.000   1.0000          line
 76.0000    0    1.000   1.0000          NULL 
 77.0000    2    2.000   1.0000        square
 79.0000    0    2.000   1.0000          NULL 
 81.0000    1    2.000   1.0000          line
 83.0000    0    1.500   1.0000          NULL 
 84.5000    2    2.000   1.0000        square
 86.5000    0    2.500   1.0000          NULL 
 89.0000    1    2.000   1.0000          line
 91.0000    0    0.500   1.0000          NULL 
 91.5000    2    2.000   1.0000        square
 93.5000    0    3.000   1.0000          NULL 
 96.5000    2    2.000   1.0000        square
 98.5000    0    0.500   1.0000          NULL 
 99.0000    1    2.000   1.0000          line
101.0000    0    2.500   1.0000          NULL 
103.5000    2    2.000   1.0000        square
105.5000    0    2.000   1.0000          NULL 
107.5000    1    2.000   1.0000          line
109.5000    0    1.000   1.0000          NULL 
110.5000    2    2.000   1.0000        square
112.5000    0    1.500   1.0000          NULL 
114.0000    2    2.000   1.0000        square
116.0000    0    1.500   1.0000          NULL 
117.5000    1    2.000   1.0000          line
119.5000    0    1.000   1.0000          NULL 
120.5000    1    2.000   1.0000          line
122.5000    0    0.500   1.0000          NULL 
123.0000    2    2.000   1.0000        square
125.0000    0    3.500   1.0000          NULL 
128.5000    2    2.000   1.0000        square
130.5000    0    1.000   1.0000          NULL 
131.5000    1    2.000   1.0000          line
133.5000    0    1.000   1.0000          NULL 
134.5000    1    2.000   1.0000          line
136.5000    0    1.500   1.0000          NULL 
138.0000    2    2.000   1.0000        square
140.0000    0    0.500   1.0000          NULL 
140.5000    1    2.000   1.0000          line
142.5000    0    0.500   1.0000          NULL 
143.0000    1    2.000   1.0000          line
145.0000    0    0.500   1.0000          NULL 
145.5000    2    2.000   1.0000        square
147.5000    0    1.000   1.0000          NULL 
148.5000    2    2.000   1.0000        square
150.5000    0    1.500   1.0000          NULL 
152.0000    2    2.000   1.0000        square
154.0000    0    2.000   1.0000          NULL 
156.0000    1    2.000   1.0000          line
158.0000    0    0.500   1.0000          NULL 
158.5000    2    2.000   1.0000        square
160.5000    0    0.500   1.0000          NULL 
161.0000    1    2.000   1.0000          line
163.0000    0    0.500   1.0000          NULL 
163.5000    1    2.000   1.0000          line
165.5000    0    2.500   1.0000          NULL 
168.0000    1    2.000   1.0000          line
170.0000    0    0.500   1.0000          NULL 
170.5000    2    2.000   1.0000        square
172.5000    0    0.500   1.0000          NULL 
173.0000    2    2.000   1.0000        square
175.0000    0    0.500   1.0000          NULL 
175.5000    1    2.000   1.0000          line
177.5000    0    1.000   1.0000          NULL 
178.5000    1    2.000   1.0000          line
180.5000    0    3.000   1.0000          NULL 
183.5000    1    2.000   1.0000          line
185.5000    0    0.500   1.0000          NULL 
186.0000    2    2.000   1.0000        square
188.0000    0    0.500   1.0000          NULL 
188.5000    1    2.000   1.0000          line
190.5000    0    0.500   1.0000          NULL 
191.0000    1    2.000   1.0000          line
193.0000    0    3.500   1.0000          NULL 
196.5000    2    2.000   1.0000        square
198.5000    0    0.500   1.0000          NULL 
199.0000    2    2.000   1.0000        square
201.0000    0    1.000   1.0000          NULL 
202.0000    2    2.000   1.0000        square
204.0000    0    0.500   1.0000          NULL 
204.5000    2    2.000   1.0000        square
206.5000    0    0.500   1.0000          NULL 
207.0000    2    2.000   1.0000        square
209.0000    0    2.500   1.0000          NULL 
211.5000    2    2.000   1.0000        square
213.5000    0    1.000   1.0000          NULL 
214.5000    2    2.000   1.0000        square
216.5000    0    0.500   1.0000          NULL 
217.0000    2    2.000   1.0000        square
219.0000    0    1.000   1.0000          NULL 
220.0000    2    2.000   1.0000        square
222.0000    0    4.000   1.0000          NULL 
226.0000    2    2.000   1.0000        square
228.0000    0    2.500   1.0000          NULL 
230.5000    2    2.000   1.0000        square
232.5000    0    1.000   1.0000          NULL 
233.5000    2    2.000   1.0000        square
235.5000    0    1.500   1.0000          NULL 
237.0000    1    2.000   1.0000          line
239.0000    0    0.500   1.0000          NULL 
239.5000    2    2.000   1.0000        square
241.5000    0    0.500   1.0000          NULL 
242.0000    1    2.000   1.0000          line
244.0000    0    0.500   1.0000          NULL 
244.5000    1    2.000   1.0000          line
246.5000    0    0.500   1.0000          NULL 
247.0000    2    2.000   1.0000        square
249.0000    0    1.000   1.0000          NULL 
250.0000    2    2.000   1.0000        square
252.0000    0    3.500   1.0000          NULL 
255.5000    1    2.000   1.0000          line
257.5000    0    0.500   1.0000          NULL 
258.0000    1    2.000   1.0000          line
260.0000    0    1.000   1.0000          NULL 
261.0000    2    2.000   1.0000        square
263.0000    0    2.000   1.0000          NULL 
265.0000    2    2.000   1.0000        square
267.0000    0    2.000   1.0000          NULL 
269.0000    2    2.000   1.0000        square
271.0000    0    1.000   1.0000          NULL 
272.0000    2    2.000   1.0000        square
274.0000    0    4.000   1.0000          NULL 
278.0000    1    2.000   1.0000          line
280.0000    0    2.000   1.0000          NULL 
282.0000    1    2.000   1.0000          line
284.0000    0    2.000   1.0000          NULL 
286.0000    2    2.000   1.0000        square
288.0000    0    0.500   1.0000          NULL 
288.5000    1    2.000   1.0000          line
290.5000    0    2.500   1.0000          NULL 
293.0000    2    2.000   1.0000        square
295.0000    0    0.500   1.0000          NULL 
295.5000    2    2.000   1.0000        square
297.5000    0    1.500   1.0000          NULL 
299.0000    1    2.000   1.0000          line
301.0000    0    0.500   1.0000          NULL 
301.5000    2    2.000   1.0000        square
303.5000    0    0.500   1.0000          NULL 
304.0000    1    2.000   1.0000          line
306.0000    0    2.500   1.0000          NULL 
308.5000    1    2.000   1.0000          line
310.5000    0    0.500   1.0000          NULL 
311.0000    2    2.000   1.0000        square
313.0000    0    1.000   1.0000          NULL 
314.0000    1    2.000   1.0000          line
316.0000    0    0.500   1.0000          NULL 
316.5000    2    2.000   1.0000        square
318.5000    0    3.000   1.0000          NULL 
321.5000    2    2.000   1.0000        square
323.5000    0    0.500   1.0000          NULL 
324.0000    1    2.000   1.0000          line
326.0000    0    0.500   1.0000          NULL 
326.5000    2    2.000   1.0000        square
328.5000    0    3.500   1.0000          NULL 
332.0000    1    2.000   1.0000          line
334.0000    0    0.500   1.0000          NULL 
334.5000    2    2.000   1.0000        square
336.5000    0    2.500   1.0000          NULL 
339.0000    2    2.000   1.0000        square
341.0000    0    2.500   1.0000          NULL 
343.5000    1    2.000   1.0000          line
345.5000    0    3.000   1.0000          NULL 
348.5000    2    2.000   1.0000        square
350.5000    0    0.500   1.0000          NULL 
351.0000    1    2.000   1.0000          line
353.0000    0    0.500   1.0000          NULL 
353.5000    2    2.000   1.0000        square
355.5000    0    1.000   1.0000          NULL 
356.5000    2    2.000   1.0000        square
358.5000    0    0.500   1.0000          NULL 
359.0000    1    2.000   1.0000          line
361.0000    0    1.500   1.0000          NULL 
362.5000    1    2.000   1.0000          line
364.5000    0    3.000   1.0000          NULL 
367.5000    2    2.000   1.0000        square
369.5000    0    0.500   1.0000          NULL 
370.0000    1    2.000   1.0000          line
372.0000    0    3.000   1.0000          NULL 
375.0000    1    2.000   1.0000          line
377.0000    0    3.000   1.0000          NULL 
380.0000    2    2.000   1.0000        square
382.0000    0    1.500   1.0000          NULL 
383.5000    1    2.000   1.0000          line
385.5000    0    0.500   1.0000          NULL 
386.0000    2    2.000   1.0000        square
388.0000    0    1.000   1.0000          NULL 
389.0000    1    2.000   1.0000          line
391.0000    0    0.500   1.0000          NULL 
391.5000    1    2.000   1.0000          line
393.5000    0    1.000   1.0000          NULL 
394.5000    1    2.000   1.0000          line
396.5000    0    0.500   1.0000          NULL 
397.0000    1    2.000   1.0000          line
399.0000    0    1.000   1.0000          NULL 
