  0.0000    1    2.000   1.0000          line
  2.0000    0    1.000   1.0000          NULL 
  3.0000    1    2.000   1.0000          line
  5.0000    0    0.500   1.0000          NULL 
  5.5000    1    2.000   1.0000          line
  7.5000    0    0.500   1.0000          NULL 
  8.0000    2    2.000   1.0000        square
 10.0000    0    0.500   1.0000          NULL 
 10.5000    2    2.000   1.0000        square
 12.5000    0    3.000   1.0000          NULL 
 15.5000    1    2.000   1.0000          line
 17.5000    0    2.000   1.0000          NULL 
 19.5000    2    2.000   1.0000        square
 21.5000    0    2.500   1.0000          NULL 
 24.0000    2    2.000   1.0000        square
 26.0000    0    0.500   1.0000          NULL 
 26.5000    1    2.000   1.0000          line
 28.5000    0    0.500   1.0000          NULL 
 29.0000    2    2.000   1.0000        square
 31.0000    0    2.500   1.0000          NULL 
 33.5000    1    2.000   1.0000          line
 35.5000    0    2.500   1.0000          NULL 
 38.0000    1    2.000   1.0000          line
 40.0000    0    1.000   1.0000          NULL 
 41.0000    1    2.000   1.0000          line
 43.0000    0    3.500   1.0000          NULL 
 46.5000    1    2.000   1.0000          line
 48.5000    0    1.500   1.0000          NULL 
 50.0000    2    2.000   1.0000        square
 52.0000    0    0.500   1.0000          NULL 
 52.5000    2    2.000   1.0000        square
 54.5000    0    0.500   1.0000          NULL 
 55.0000    1    2.000   1.0000          line
 57.0000    0    2.000   1.0000          NULL 
 59.0000    1    2.000   1.0000          line
 61.0000    0    1.500   1.0000          NULL 
 62.5000    1    2.000   1.0000          line
 64.5000    0    1.000   1.0000          NULL 
 65.5000    1    2.000   1.0000          line
 67.5000    0    1.000   1.0000          NULL 
 68.5000    1    2.000   1.0000          line
 70.5000    0    2.000   1.0000          NULL 
 72.5000    1    2.000   1.0000          line
 74.5000    0    1.000   1.0000          NULL 
 75.5000    1    2.000   1.0000          line
 77.5000    0    2.500   1.0000          NULL 
 80.0000    1    2.000   1.0000          line
 82.0000    0    2.000   1.0000          NULL 
 84.0000    2    2.000   1.0000        square
 86.0000    0    2.000   1.0000          NULL 
 88.0000    2    2.000   1.0000        square
 90.0000    0    0.500   1.0000          NULL 
 90.5000    1    2.000   1.0000          line
 92.5000    0    1.000   1.0000          NULL 
 93.5000    2    2.000   1.0000        square
 95.5000    0    1.000   1.0000          NULL 
 96.5000    1    2.000   1.0000          line
 98.5000    0    1.500   1.0000          NULL 
100.0000    2    2.000   1.0000        square
102.0000    0    2.500   1.0000          NULL 
104.5000    2    2.000   1.0000        square
106.5000    0    0.500   1.0000          NULL 
107.0000    2    2.000   1.0000        square
109.0000    0    1.000   1.0000          NULL 
110.0000    2    2.000   1.0000        square
112.0000    0    1.000   1.0000          NULL 
113.0000    2    2.000   1.0000        square
115.0000    0    2.500   1.0000          NULL 
117.5000    1    2.000   1.0000          line
119.5000    0    0.500   1.0000          NULL 
120.0000    1    2.000   1.0000          line
122.0000    0    0.500   1.0000          NULL 
122.5000    1    2.000   1.0000          line
124.5000    0    3.500   1.0000          NULL 
128.0000    2    2.000   1.0000        square
130.0000    0    1.500   1.0000          NULL 
131.5000    1    2.000   1.0000          line
133.5000    0    0.500   1.0000          NULL 
134.0000    2    2.000   1.0000        square
136.0000    0    0.500   1.0000          NULL 
136.5000    2    2.000   1.0000        square
138.5000    0    2.500   1.0000          NULL 
141.0000    2    2.000   1.0000        square
143.0000    0    1.500   1.0000          NULL 
144.5000    2    2.000   1.0000        square
146.5000    0    2.000   1.0000          NULL 
148.5000    2    2.000   1.0000        square
150.5000    0    0.500   1.0000          NULL 
151.0000    2    2.000   1.0000        square
153.0000    0    1.500   1.0000          NULL 
154.5000    2    2.000   1.0000        square
156.5000    0    1.500   1.0000          NULL 
158.0000    1    2.000   1.0000          line
160.0000    0    0.500   1.0000          NULL 
160.5000    1    2.000   1.0000          line
162.5000    0    1.000   1.0000          NULL 
163.5000    2    2.000   1.0000        square
165.5000    0    0.500   1.0000          NULL 
166.0000    1    2.000   1.0000          line
168.0000    0    2.000   1.0000          NULL 
170.0000    2    2.000   1.0000        square
172.0000    0    2.000   1.0000          NULL 
174.0000    2    2.000   1.0000        square
176.0000    0    1.500   1.0000          NULL 
177.5000    2    2.000   1.0000        square
179.5000    0    0.500   1.0000          NULL 
180.0000    1    2.000   1.0000          line
182.0000    0    0.500   1.0000          NULL 
182.5000    2    2.000   1.0000        square
184.5000    0    4.000   1.0000          NULL 
188.5000    1    2.000   1.0000          line
190.5000    0    0.500   1.0000          NULL 
191.0000    2    2.000   1.0000        square
193.0000    0    1.500   1.0000          NULL 
194.5000    1    2.000   1.0000          line
196.5000    0    0.500   1.0000          NULL 
197.0000    1    2.000   1.0000          line
199.0000    0    0.500   1.0000          NULL 
199.5000    2    2.000   1.0000        square
201.5000    0    2.500   1.0000          NULL 
204.0000    1    2.000   1.0000          line
206.0000    0    1.000   1.0000          NULL 
207.0000    2    2.000   1.0000        square
209.0000    0    0.500   1.0000          NULL 
209.5000    2    2.000   1.0000        square
211.5000    0    0.500   1.0000          NULL 
212.0000    2    2.000   1.0000        square
214.0000    0    1.000   1.0000          NULL 
215.0000    1    2.000   1.0000          line
217.0000    0    0.500   1.0000          NULL 
217.5000    2    2.000   1.0000        square
219.5000    0    0.500   1.0000          NULL 
220.0000    2    2.000   1.0000        square
222.0000    0    3.000   1.0000          NULL 
225.0000    1    2.000   1.0000          line
227.0000    0    0.500   1.0000          NULL 
227.5000    2    2.000   1.0000        square
229.5000    0    4.000   1.0000          NULL 
233.5000    2    2.000   1.0000        square
235.5000    0    1.500   1.0000          NULL 
237.0000    1    2.000   1.0000          line
239.0000    0    0.500   1.0000          NULL 
239.5000    1    2.000   1.0000          line
241.5000    0    3.500   1.0000          NULL 
245.0000    2    2.000   1.0000        square
247.0000    0    0.500   1.0000          NULL 
247.5000    2    2.000   1.0000        square
249.5000    0    0.500   1.0000          NULL 
250.0000    2    2.000   1.0000        square
252.0000    0    2.500   1.0000          NULL 
254.5000    2    2.000   1.0000        square
256.5000    0    0.500   1.0000          NULL 
257.0000    1    2.000   1.0000          line
259.0000    0    0.500   1.0000          NULL 
259.5000    1    2.000   1.0000          line
261.5000    0    0.500   1.0000          NULL 
262.0000    1    2.000   1.0000          line
264.0000    0    0.500   1.0000          NULL 
264.5000    1    2.000   1.0000          line
266.5000    0    0.500   1.0000          NULL 
267.0000    1    2.000   1.0000          line
269.0000    0    2.000   1.0000          NULL 
271.0000    1    2.000   1.0000          line
273.0000    0    1.000   1.0000          NULL 
274.0000    1    2.000   1.0000          line
276.0000    0    0.500   1.0000          NULL 
276.5000    1    2.000   1.0000          line
278.5000    0    1.500   1.0000          NULL 
280.0000    1    2.000   1.0000          line
282.0000    0    1.000   1.0000          NULL 
283.0000    1    2.000   1.0000          line
285.0000    0    0.500   1.0000          NULL 
285.5000    2    2.000   1.0000        square
287.5000    0    3.000   1.0000          NULL 
290.5000    2    2.000   1.0000        square
292.5000    0    0.500   1.0000          NULL 
293.0000    1    2.000   1.0000          line
295.0000    0    1.000   1.0000          NULL 
296.0000    1    2.000   1.0000          line
298.0000    0    1.000   1.0000          NULL 
299.0000    2    2.000   1.0000        square
301.0000    0    1.500   1.0000          NULL 
302.5000    2    2.000   1.0000        square
304.5000    0    1.000   1.0000          NULL 
305.5000    1    2.000   1.0000          line
307.5000    0    2.500   1.0000          NULL 
310.0000    2    2.000   1.0000        square
312.0000    0    0.500   1.0000          NULL 
312.5000    1    2.000   1.0000          line
314.5000    0    0.500   1.0000          NULL 
315.0000    1    2.000   1.0000          line
317.0000    0    0.500   1.0000          NULL 
317.5000    1    2.000   1.0000          line
319.5000    0    2.500   1.0000          NULL 
322.0000    2    2.000   1.0000        square
324.0000    0    4.000   1.0000          NULL 
328.0000    2    2.000   1.0000        square
330.0000    0    1.000   1.0000          NULL 
331.0000    1    2.000   1.0000          line
333.0000    0    2.500   1.0000          NULL 
335.5000    2    2.000   1.0000        square
337.5000    0    0.500   1.0000          NULL 
338.0000    1    2.000   1.0000          line
340.0000    0    1.500   1.0000          NULL 
341.5000    1    2.000   1.0000          line
343.5000    0    2.000   1.0000          NULL 
345.5000    2    2.000   1.0000        square
347.5000    0    1.000   1.0000          NULL 
348.5000    2    2.000   1.0000        square
350.5000    0    1.500   1.0000          NULL 
352.0000    1    2.000   1.0000          line
354.0000    0    4.000   1.0000          NULL 
358.0000    2    2.000   1.0000        square
360.0000    0    4.000   1.0000          NULL 
364.0000    1    2.000   1.0000          line
366.0000    0    0.500   1.0000          NULL 
366.5000    2    2.000   1.0000        square
368.5000    0    0.500   1.0000          NULL 
369.0000    2    2.000   1.0000        square
371.0000    0    1.000   1.0000          NULL 
372.0000    2    2.000   1.0000        square
374.0000    0    0.500   1.0000          NULL 
374.5000    1    2.000   1.0000          line
376.5000    0    0.500   1.0000          NULL 
377.0000    2    2.000   1.0000        square
379.0000    0    0.500   1.0000          NULL 
379.5000    2    2.000   1.0000        square
381.5000    0    1.000   1.0000          NULL 
382.5000    1    2.000   1.0000          line
384.5000    0    1.000   1.0000          NULL 
385.5000    1    2.000   1.0000          line
387.5000    0    1.500   1.0000          NULL 
389.0000    1    2.000   1.0000          line
391.0000    0    0.500   1.0000          NULL 
391.5000    2    2.000   1.0000        square
393.5000    0    0.500   1.0000          NULL 
394.0000    2    2.000   1.0000        square
396.0000    0    0.500   1.0000          NULL 
396.5000    2    2.000   1.0000        square
398.5000    0    1.500   1.0000          NULL 
