  0.0000    1    2.000   1.0000          line
  2.0000    0    1.000   1.0000          NULL 
  3.0000    1    2.000   1.0000          line
  5.0000    0    1.100   1.0000          NULL 
  6.1000    1    2.000   1.0000          line
  8.1000    0    1.300   1.0000          NULL 
  9.4000    2    2.000   1.0000        square
 11.4000    0    1.400   1.0000          NULL 
 12.8000    2    2.000   1.0000        square
 14.8000    0    1.000   1.0000          NULL 
 15.8000    2    2.000   1.0000        square
 17.8000    0    1.300   1.0000          NULL 
 19.1000    2    2.000   1.0000        square
 21.1000    0    1.900   1.0000          NULL 
 23.0000    1    2.000   1.0000          line
 25.0000    0    1.000   1.0000          NULL 
 26.0000    2    2.000   1.0000        square
 28.0000    0    1.000   1.0000          NULL 
 29.0000    1    2.000   1.0000          line
 31.0000    0    1.500   1.0000          NULL 
 32.5000    2    2.000   1.0000        square
 34.5000    0    1.000   1.0000          NULL 
 35.5000    2    2.000   1.0000        square
 37.5000    0    1.000   1.0000          NULL 
 38.5000    1    2.000   1.0000          line
 40.5000    0    1.100   1.0000          NULL 
 41.6000    1    2.000   1.0000          line
 43.6000    0    1.400   1.0000          NULL 
 45.0000    1    2.000   1.0000          line
 47.0000    0    1.000   1.0000          NULL 
 48.0000    2    2.000   1.0000        square
 50.0000    0    1.600   1.0000          NULL 
 51.6000    1    2.000   1.0000          line
 53.6000    0    1.000   1.0000          NULL 
 54.6000    1    2.000   1.0000          line
 56.6000    0    1.100   1.0000          NULL 
 57.7000    2    2.000   1.0000        square
 59.7000    0    1.200   1.0000          NULL 
 60.9000    1    2.000   1.0000          line
 62.9000    0    1.300   1.0000          NULL 
 64.2000    1    2.000   1.0000          line
 66.2000    0    1.600   1.0000          NULL 
 67.8000    2    2.000   1.0000        square
 69.8000    0    1.000   1.0000          NULL 
 70.8000    2    2.000   1.0000        square
 72.8000    0    1.400   1.0000          NULL 
 74.2000    2    2.000   1.0000        square
 76.2000    0    1.300   1.0000          NULL 
 77.5000    1    2.000   1.0000          line
 79.5000    0    1.000   1.0000          NULL 
 80.5000    2    2.000   1.0000        square
 82.5000    0    1.000   1.0000          NULL 
 83.5000    1    2.000   1.0000          line
 85.5000    0    1.100   1.0000          NULL 
 86.6000    1    2.000   1.0000          line
 88.6000    0    1.300   1.0000          NULL 
 89.8999    2    2.000   1.0000        square
 91.8999    0    2.000   1.0000          NULL 
 93.8999    1    2.000   1.0000          line
 95.8999    0    1.000   1.0000          NULL 
 96.8999    2    2.000   1.0000        square
 98.8999    0    1.100   1.0000          NULL 
 99.9999    1    2.000   1.0000          line
101.9999    0    1.900   1.0000          NULL 
103.8999    1    2.000   1.0000          line
105.8999    0    1.000   1.0000          NULL 
106.8999    1    2.000   1.0000          line
108.8999    0    1.900   1.0000          NULL 
110.7999    2    2.000   1.0000        square
112.7999    0    1.000   1.0000          NULL 
113.7999    1    2.000   1.0000          line
115.7999    0    1.000   1.0000          NULL 
116.7999    2    2.000   1.0000        square
118.7999    0    1.700   1.0000          NULL 
120.4999    2    2.000   1.0000        square
122.4999    0    1.200   1.0000          NULL 
123.6999    2    2.000   1.0000        square
125.6999    0    1.100   1.0000          NULL 
126.7999    2    2.000   1.0000        square
128.7999    0    1.200   1.0000          NULL 
