  0.0000    1    2.000   1.0000          line
  2.0000    0    1.000   1.0000          NULL 
  3.0000    2    2.000   1.0000        square
  5.0000    0    1.200   1.0000          NULL 
  6.2000    1    2.000   1.0000          line
  8.2000    0    1.000   1.0000          NULL 
  9.2000    2    2.000   1.0000        square
 11.2000    0    1.000   1.0000          NULL 
 12.2000    2    2.000   1.0000        square
 14.2000    0    2.000   1.0000          NULL 
 16.2000    1    2.000   1.0000          line
 18.2000    0    1.000   1.0000          NULL 
 19.2000    1    2.000   1.0000          line
 21.2000    0    1.500   1.0000          NULL 
 22.7000    2    2.000   1.0000        square
 24.7000    0    1.100   1.0000          NULL 
 25.8000    1    2.000   1.0000          line
 27.8000    0    1.900   1.0000          NULL 
 29.7000    2    2.000   1.0000        square
 31.7000    0    1.000   1.0000          NULL 
 32.7000    2    2.000   1.0000        square
 34.7000    0    1.100   1.0000          NULL 
 35.8000    1    2.000   1.0000          line
 37.8000    0    1.600   1.0000          NULL 
 39.4000    2    2.000   1.0000        square
 41.4000    0    1.000   1.0000          NULL 
 42.4000    1    2.000   1.0000          line
 44.4000    0    1.400   1.0000          NULL 
 45.8000    1    2.000   1.0000          line
 47.8000    0    1.300   1.0000          NULL 
 49.1000    2    2.000   1.0000        square
 51.1000    0    1.500   1.0000          NULL 
 52.6000    1    2.000   1.0000          line
 54.6000    0    1.000   1.0000          NULL 
 55.6000    2    2.000   1.0000        square
 57.6000    0    1.000   1.0000          NULL 
 58.6000    1    2.000   1.0000          line
 60.6000    0    1.000   1.0000          NULL 
 61.6000    1    2.000   1.0000          line
 63.6000    0    1.700   1.0000          NULL 
 65.3000    2    2.000   1.0000        square
 67.3000    0    1.600   1.0000          NULL 
 68.9000    1    2.000   1.0000          line
 70.9000    0    1.000   1.0000          NULL 
 71.9000    1    2.000   1.0000          line
 73.9000    0    1.400   1.0000          NULL 
 75.2999    2    2.000   1.0000        square
 77.2999    0    1.500   1.0000          NULL 
 78.7999    1    2.000   1.0000          line
 80.7999    0    1.700   1.0000          NULL 
 82.4999    1    2.000   1.0000          line
 84.4999    0    1.500   1.0000          NULL 
 85.9999    1    2.000   1.0000          line
 87.9999    0    1.100   1.0000          NULL 
 89.0999    2    2.000   1.0000        square
 91.0999    0    1.300   1.0000          NULL 
 92.3999    2    2.000   1.0000        square
 94.3999    0    1.000   1.0000          NULL 
 95.3999    2    2.000   1.0000        square
 97.3999    0    1.500   1.0000          NULL 
 98.8999    1    2.000   1.0000          line
100.8999    0    1.000   1.0000          NULL 
101.8999    2    2.000   1.0000        square
103.8999    0    1.300   1.0000          NULL 
105.1999    1    2.000   1.0000          line
107.1999    0    1.400   1.0000          NULL 
108.5999    2    2.000   1.0000        square
110.5999    0    1.100   1.0000          NULL 
111.6999    2    2.000   1.0000        square
113.6999    0    1.000   1.0000          NULL 
114.6999    2    2.000   1.0000        square
116.6999    0    1.100   1.0000          NULL 
117.7999    2    2.000   1.0000        square
119.7999    0    1.000   1.0000          NULL 
120.7999    1    2.000   1.0000          line
122.7999    0    1.000   1.0000          NULL 
123.7999    1    2.000   1.0000          line
125.7999    0    1.000   1.0000          NULL 
126.7999    2    2.000   1.0000        square
128.7999    0    1.200   1.0000          NULL 
