  0.0000    1    2.000   1.0000          line
  2.0000    0    3.000   1.0000          NULL 
  5.0000    1    2.000   1.0000          line
  7.0000    0    0.500   1.0000          NULL 
  7.5000    1    2.000   1.0000          line
  9.5000    0    3.000   1.0000          NULL 
 12.5000    2    2.000   1.0000        square
 14.5000    0    0.500   1.0000          NULL 
 15.0000    2    2.000   1.0000        square
 17.0000    0    1.000   1.0000          NULL 
 18.0000    1    2.000   1.0000          line
 20.0000    0    1.500   1.0000          NULL 
 21.5000    1    2.000   1.0000          line
 23.5000    0    1.000   1.0000          NULL 
 24.5000    1    2.000   1.0000          line
 26.5000    0    0.500   1.0000          NULL 
 27.0000    2    2.000   1.0000        square
 29.0000    0    1.000   1.0000          NULL 
 30.0000    1    2.000   1.0000          line
 32.0000    0    2.000   1.0000          NULL 
 34.0000    1    2.000   1.0000          line
 36.0000    0    0.500   1.0000          NULL 
 36.5000    2    2.000   1.0000        square
 38.5000    0    2.000   1.0000          NULL 
 40.5000    2    2.000   1.0000        square
 42.5000    0    1.500   1.0000          NULL 
 44.0000    2    2.000   1.0000        square
 46.0000    0    0.500   1.0000          NULL 
 46.5000    2    2.000   1.0000        square
 48.5000    0    2.500   1.0000          NULL 
 51.0000    2    2.000   1.0000        square
 53.0000    0    2.000   1.0000          NULL 
 55.0000    1    2.000   1.0000          line
 57.0000    0    1.000   1.0000          NULL 
 58.0000    1    2.000   1.0000          line
 60.0000    0    1.000   1.0000          NULL 
 61.0000    1    2.000   1.0000          line
 63.0000    0    3.000   1.0000          NULL 
 66.0000    1    2.000   1.0000          line
 68.0000    0    1.500   1.0000          NULL 
 69.5000    2    2.000   1.0000        square
 71.5000    0    1.000   1.0000          NULL 
 72.5000    1    2.000   1.0000          line
 74.5000    0    3.500   1.0000          NULL 
 78.0000    2    2.000   1.0000        square
 80.0000    0    1.500   1.0000          NULL 
 81.5000    1    2.000   1.0000          line
 83.5000    0    1.000   1.0000          NULL 
 84.5000    2    2.000   1.0000        square
 86.5000    0    1.000   1.0000          NULL 
 87.5000    1    2.000   1.0000          line
 89.5000    0    1.500   1.0000          NULL 
 91.0000    1    2.000   1.0000          line
 93.0000    0    0.500   1.0000          NULL 
 93.5000    1    2.000   1.0000          line
 95.5000    0    0.500   1.0000          NULL 
 96.0000    1    2.000   1.0000          line
 98.0000    0    1.000   1.0000          NULL 
 99.0000    2    2.000   1.0000        square
101.0000    0    0.500   1.0000          NULL 
101.5000    2    2.000   1.0000        square
103.5000    0    0.500   1.0000          NULL 
104.0000    1    2.000   1.0000          line
106.0000    0    0.500   1.0000          NULL 
106.5000    1    2.000   1.0000          line
108.5000    0    1.000   1.0000          NULL 
109.5000    1    2.000   1.0000          line
111.5000    0    0.500   1.0000          NULL 
112.0000    1    2.000   1.0000          line
114.0000    0    0.500   1.0000          NULL 
114.5000    1    2.000   1.0000          line
116.5000    0    0.500   1.0000          NULL 
117.0000    2    2.000   1.0000        square
119.0000    0    2.500   1.0000          NULL 
121.5000    2    2.000   1.0000        square
123.5000    0    4.000   1.0000          NULL 
127.5000    2    2.000   1.0000        square
129.5000    0    1.500   1.0000          NULL 
131.0000    2    2.000   1.0000        square
133.0000    0    1.500   1.0000          NULL 
134.5000    1    2.000   1.0000          line
136.5000    0    1.000   1.0000          NULL 
137.5000    2    2.000   1.0000        square
139.5000    0    2.500   1.0000          NULL 
142.0000    2    2.000   1.0000        square
144.0000    0    3.000   1.0000          NULL 
147.0000    1    2.000   1.0000          line
149.0000    0    3.000   1.0000          NULL 
152.0000    1    2.000   1.0000          line
154.0000    0    1.000   1.0000          NULL 
155.0000    2    2.000   1.0000        square
157.0000    0    1.000   1.0000          NULL 
158.0000    2    2.000   1.0000        square
160.0000    0    1.500   1.0000          NULL 
161.5000    2    2.000   1.0000        square
163.5000    0    0.500   1.0000          NULL 
164.0000    2    2.000   1.0000        square
166.0000    0    1.000   1.0000          NULL 
167.0000    2    2.000   1.0000        square
169.0000    0    0.500   1.0000          NULL 
169.5000    1    2.000   1.0000          line
171.5000    0    0.500   1.0000          NULL 
172.0000    2    2.000   1.0000        square
174.0000    0    3.000   1.0000          NULL 
177.0000    2    2.000   1.0000        square
179.0000    0    2.500   1.0000          NULL 
181.5000    2    2.000   1.0000        square
183.5000    0    1.500   1.0000          NULL 
185.0000    1    2.000   1.0000          line
187.0000    0    0.500   1.0000          NULL 
187.5000    2    2.000   1.0000        square
189.5000    0    1.000   1.0000          NULL 
190.5000    1    2.000   1.0000          line
192.5000    0    2.000   1.0000          NULL 
194.5000    2    2.000   1.0000        square
196.5000    0    0.500   1.0000          NULL 
197.0000    2    2.000   1.0000        square
199.0000    0    0.500   1.0000          NULL 
199.5000    2    2.000   1.0000        square
201.5000    0    0.500   1.0000          NULL 
202.0000    1    2.000   1.0000          line
204.0000    0    4.000   1.0000          NULL 
208.0000    1    2.000   1.0000          line
210.0000    0    1.000   1.0000          NULL 
211.0000    2    2.000   1.0000        square
213.0000    0    2.500   1.0000          NULL 
215.5000    2    2.000   1.0000        square
217.5000    0    1.000   1.0000          NULL 
218.5000    1    2.000   1.0000          line
220.5000    0    1.500   1.0000          NULL 
222.0000    2    2.000   1.0000        square
224.0000    0    2.500   1.0000          NULL 
226.5000    2    2.000   1.0000        square
228.5000    0    0.500   1.0000          NULL 
229.0000    2    2.000   1.0000        square
231.0000    0    1.000   1.0000          NULL 
232.0000    2    2.000   1.0000        square
234.0000    0    1.000   1.0000          NULL 
235.0000    2    2.000   1.0000        square
237.0000    0    0.500   1.0000          NULL 
237.5000    1    2.000   1.0000          line
239.5000    0    0.500   1.0000          NULL 
240.0000    2    2.000   1.0000        square
242.0000    0    3.000   1.0000          NULL 
245.0000    1    2.000   1.0000          line
247.0000    0    0.500   1.0000          NULL 
247.5000    2    2.000   1.0000        square
249.5000    0    1.500   1.0000          NULL 
251.0000    2    2.000   1.0000        square
253.0000    0    2.000   1.0000          NULL 
255.0000    2    2.000   1.0000        square
257.0000    0    1.000   1.0000          NULL 
258.0000    2    2.000   1.0000        square
260.0000    0    0.500   1.0000          NULL 
260.5000    1    2.000   1.0000          line
262.5000    0    0.500   1.0000          NULL 
263.0000    2    2.000   1.0000        square
265.0000    0    0.500   1.0000          NULL 
265.5000    1    2.000   1.0000          line
267.5000    0    0.500   1.0000          NULL 
268.0000    2    2.000   1.0000        square
270.0000    0    1.000   1.0000          NULL 
271.0000    1    2.000   1.0000          line
273.0000    0    3.000   1.0000          NULL 
276.0000    2    2.000   1.0000        square
278.0000    0    2.000   1.0000          NULL 
280.0000    2    2.000   1.0000        square
282.0000    0    2.000   1.0000          NULL 
284.0000    2    2.000   1.0000        square
286.0000    0    0.500   1.0000          NULL 
286.5000    2    2.000   1.0000        square
288.5000    0    3.500   1.0000          NULL 
292.0000    1    2.000   1.0000          line
294.0000    0    0.500   1.0000          NULL 
294.5000    1    2.000   1.0000          line
296.5000    0    0.500   1.0000          NULL 
297.0000    2    2.000   1.0000        square
299.0000    0    1.000   1.0000          NULL 
300.0000    2    2.000   1.0000        square
302.0000    0    3.500   1.0000          NULL 
305.5000    1    2.000   1.0000          line
307.5000    0    1.000   1.0000          NULL 
308.5000    2    2.000   1.0000        square
310.5000    0    1.500   1.0000          NULL 
312.0000    2    2.000   1.0000        square
314.0000    0    1.000   1.0000          NULL 
315.0000    2    2.000   1.0000        square
317.0000    0    0.500   1.0000          NULL 
317.5000    2    2.000   1.0000        square
319.5000    0    1.500   1.0000          NULL 
321.0000    1    2.000   1.0000          line
323.0000    0    0.500   1.0000          NULL 
323.5000    1    2.000   1.0000          line
325.5000    0    1.500   1.0000          NULL 
327.0000    2    2.000   1.0000        square
329.0000    0    0.500   1.0000          NULL 
329.5000    1    2.000   1.0000          line
331.5000    0    0.500   1.0000          NULL 
332.0000    1    2.000   1.0000          line
334.0000    0    1.500   1.0000          NULL 
335.5000    1    2.000   1.0000          line
337.5000    0    2.000   1.0000          NULL 
339.5000    2    2.000   1.0000        square
341.5000    0    1.000   1.0000          NULL 
342.5000    2    2.000   1.0000        square
344.5000    0    0.500   1.0000          NULL 
345.0000    1    2.000   1.0000          line
347.0000    0    4.000   1.0000          NULL 
351.0000    1    2.000   1.0000          line
353.0000    0    0.500   1.0000          NULL 
353.5000    1    2.000   1.0000          line
355.5000    0    1.000   1.0000          NULL 
356.5000    1    2.000   1.0000          line
358.5000    0    0.500   1.0000          NULL 
359.0000    1    2.000   1.0000          line
361.0000    0    0.500   1.0000          NULL 
361.5000    1    2.000   1.0000          line
363.5000    0    0.500   1.0000          NULL 
364.0000    1    2.000   1.0000          line
366.0000    0    0.500   1.0000          NULL 
366.5000    1    2.000   1.0000          line
368.5000    0    1.000   1.0000          NULL 
369.5000    1    2.000   1.0000          line
371.5000    0    1.000   1.0000          NULL 
372.5000    1    2.000   1.0000          line
374.5000    0    2.500   1.0000          NULL 
377.0000    1    2.000   1.0000          line
379.0000    0    2.500   1.0000          NULL 
381.5000    1    2.000   1.0000          line
383.5000    0    1.000   1.0000          NULL 
384.5000    1    2.000   1.0000          line
386.5000    0    0.500   1.0000          NULL 
387.0000    1    2.000   1.0000          line
389.0000    0    0.500   1.0000          NULL 
389.5000    2    2.000   1.0000        square
391.5000    0    1.000   1.0000          NULL 
392.5000    2    2.000   1.0000        square
394.5000    0    0.500   1.0000          NULL 
395.0000    1    2.000   1.0000          line
397.0000    0    3.000   1.0000          NULL 
