  0.0000    1    2.000   1.0000          line
  2.0000    0    1.000   1.0000          NULL 
  3.0000    1    2.000   1.0000          line
  5.0000    0    1.000   1.0000          NULL 
  6.0000    1    2.000   1.0000          line
  8.0000    0    1.000   1.0000          NULL 
  9.0000    2    2.000   1.0000        square
 11.0000    0    1.200   1.0000          NULL 
 12.2000    2    2.000   1.0000        square
 14.2000    0    1.200   1.0000          NULL 
 15.4000    2    2.000   1.0000        square
 17.4000    0    1.800   1.0000          NULL 
 19.2000    1    2.000   1.0000          line
 21.2000    0    1.100   1.0000          NULL 
 22.3000    1    2.000   1.0000          line
 24.3000    0    1.000   1.0000          NULL 
 25.3000    2    2.000   1.0000        square
 27.3000    0    1.900   1.0000          NULL 
 29.2000    1    2.000   1.0000          line
 31.2000    0    1.000   1.0000          NULL 
 32.2000    2    2.000   1.0000        square
 34.2000    0    1.300   1.0000          NULL 
 35.5000    2    2.000   1.0000        square
 37.5000    0    1.200   1.0000          NULL 
 38.7000    1    2.000   1.0000          line
 40.7000    0    1.500   1.0000          NULL 
 42.2000    1    2.000   1.0000          line
 44.2000    0    1.200   1.0000          NULL 
 45.4000    2    2.000   1.0000        square
 47.4000    0    1.000   1.0000          NULL 
 48.4000    1    2.000   1.0000          line
 50.4000    0    1.600   1.0000          NULL 
 52.0000    2    2.000   1.0000        square
 54.0000    0    1.000   1.0000          NULL 
 55.0000    2    2.000   1.0000        square
 57.0000    0    1.900   1.0000          NULL 
 58.9000    2    2.000   1.0000        square
 60.9000    0    1.200   1.0000          NULL 
 62.1000    1    2.000   1.0000          line
 64.1000    0    1.200   1.0000          NULL 
 65.3000    1    2.000   1.0000          line
 67.3000    0    1.000   1.0000          NULL 
 68.3000    2    2.000   1.0000        square
 70.3000    0    1.400   1.0000          NULL 
 71.7000    2    2.000   1.0000        square
 73.7000    0    1.700   1.0000          NULL 
 75.3999    1    2.000   1.0000          line
 77.3999    0    1.100   1.0000          NULL 
 78.4999    1    2.000   1.0000          line
 80.4999    0    1.400   1.0000          NULL 
 81.8999    2    2.000   1.0000        square
 83.8999    0    1.200   1.0000          NULL 
 85.0999    2    2.000   1.0000        square
 87.0999    0    1.000   1.0000          NULL 
 88.0999    2    2.000   1.0000        square
 90.0999    0    1.000   1.0000          NULL 
 91.0999    1    2.000   1.0000          line
 93.0999    0    1.100   1.0000          NULL 
 94.1999    2    2.000   1.0000        square
 96.1999    0    1.500   1.0000          NULL 
 97.6999    1    2.000   1.0000          line
 99.6999    0    1.200   1.0000          NULL 
100.8999    1    2.000   1.0000          line
102.8999    0    1.100   1.0000          NULL 
103.9999    2    2.000   1.0000        square
105.9999    0    1.900   1.0000          NULL 
107.8999    2    2.000   1.0000        square
109.8999    0    1.300   1.0000          NULL 
111.1999    1    2.000   1.0000          line
113.1999    0    1.000   1.0000          NULL 
114.1999    1    2.000   1.0000          line
116.1999    0    1.100   1.0000          NULL 
117.2999    1    2.000   1.0000          line
119.2999    0    1.100   1.0000          NULL 
120.3999    1    2.000   1.0000          line
122.3999    0    1.100   1.0000          NULL 
123.4999    2    2.000   1.0000        square
125.4999    0    1.500   1.0000          NULL 
126.9999    2    2.000   1.0000        square
128.9999    0    1.000   1.0000          NULL 
