  0.0000    2    2.000   1.0000        square
  2.0000    0    0.500   1.0000          NULL 
  2.5000    2    2.000   1.0000        square
  4.5000    0    0.500   1.0000          NULL 
  5.0000    2    2.000   1.0000        square
  7.0000    0    0.500   1.0000          NULL 
  7.5000    1    2.000   1.0000          line
  9.5000    0    1.500   1.0000          NULL 
 11.0000    1    2.000   1.0000          line
 13.0000    0    1.000   1.0000          NULL 
 14.0000    2    2.000   1.0000        square
 16.0000    0    1.000   1.0000          NULL 
 17.0000    1    2.000   1.0000          line
 19.0000    0    1.000   1.0000          NULL 
 20.0000    1    2.000   1.0000          line
 22.0000    0    3.000   1.0000          NULL 
 25.0000    1    2.000   1.0000          line
 27.0000    0    1.000   1.0000          NULL 
 28.0000    2    2.000   1.0000        square
 30.0000    0    2.500   1.0000          NULL 
 32.5000    1    2.000   1.0000          line
 34.5000    0    1.500   1.0000          NULL 
 36.0000    2    2.000   1.0000        square
 38.0000    0    0.500   1.0000          NULL 
 38.5000    2    2.000   1.0000        square
 40.5000    0    2.000   1.0000          NULL 
 42.5000    2    2.000   1.0000        square
 44.5000    0    0.500   1.0000          NULL 
 45.0000    1    2.000   1.0000          line
 47.0000    0    1.000   1.0000          NULL 
 48.0000    2    2.000   1.0000        square
 50.0000    0    0.500   1.0000          NULL 
 50.5000    1    2.000   1.0000          line
 52.5000    0    0.500   1.0000          NULL 
 53.0000    1    2.000   1.0000          line
 55.0000    0    4.000   1.0000          NULL 
 59.0000    1    2.000   1.0000          line
 61.0000    0    3.000   1.0000          NULL 
 64.0000    1    2.000   1.0000          line
 66.0000    0    1.000   1.0000          NULL 
 67.0000    2    2.000   1.0000        square
 69.0000    0    1.000   1.0000          NULL 
 70.0000    2    2.000   1.0000        square
 72.0000    0    0.500   1.0000          NULL 
 72.5000    1    2.000   1.0000          line
 74.5000    0    1.500   1.0000          NULL 
 76.0000    2    2.000   1.0000        square
 78.0000    0    0.500   1.0000          NULL 
 78.5000    1    2.000   1.0000          line
 80.5000    0    1.000   1.0000          NULL 
 81.5000    1    2.000   1.0000          line
 83.5000    0    0.500   1.0000          NULL 
 84.0000    2    2.000   1.0000        square
 86.0000    0    3.500   1.0000          NULL 
 89.5000    1    2.000   1.0000          line
 91.5000    0    1.500   1.0000          NULL 
 93.0000    1    2.000   1.0000          line
 95.0000    0    0.500   1.0000          NULL 
 95.5000    2    2.000   1.0000        square
 97.5000    0    0.500   1.0000          NULL 
 98.0000    2    2.000   1.0000        square
100.0000    0    2.500   1.0000          NULL 
102.5000    2    2.000   1.0000        square
104.5000    0    1.500   1.0000          NULL 
106.0000    2    2.000   1.0000        square
108.0000    0    2.000   1.0000          NULL 
110.0000    1    2.000   1.0000          line
112.0000    0    0.500   1.0000          NULL 
112.5000    2    2.000   1.0000        square
114.5000    0    2.000   1.0000          NULL 
116.5000    1    2.000   1.0000          line
118.5000    0    3.000   1.0000          NULL 
121.5000    2    2.000   1.0000        square
123.5000    0    0.500   1.0000          NULL 
124.0000    2    2.000   1.0000        square
126.0000    0    0.500   1.0000          NULL 
126.5000    1    2.000   1.0000          line
128.5000    0    1.000   1.0000          NULL 
129.5000    1    2.000   1.0000          line
131.5000    0    2.000   1.0000          NULL 
133.5000    2    2.000   1.0000        square
135.5000    0    1.000   1.0000          NULL 
136.5000    1    2.000   1.0000          line
138.5000    0    1.000   1.0000          NULL 
139.5000    2    2.000   1.0000        square
141.5000    0    0.500   1.0000          NULL 
142.0000    1    2.000   1.0000          line
144.0000    0    3.000   1.0000          NULL 
147.0000    2    2.000   1.0000        square
149.0000    0    0.500   1.0000          NULL 
149.5000    2    2.000   1.0000        square
151.5000    0    3.500   1.0000          NULL 
155.0000    2    2.000   1.0000        square
157.0000    0    0.500   1.0000          NULL 
157.5000    2    2.000   1.0000        square
159.5000    0    2.000   1.0000          NULL 
161.5000    1    2.000   1.0000          line
163.5000    0    4.000   1.0000          NULL 
167.5000    1    2.000   1.0000          line
169.5000    0    0.500   1.0000          NULL 
170.0000    2    2.000   1.0000        square
172.0000    0    4.000   1.0000          NULL 
176.0000    2    2.000   1.0000        square
178.0000    0    1.000   1.0000          NULL 
179.0000    1    2.000   1.0000          line
181.0000    0    2.500   1.0000          NULL 
183.5000    1    2.000   1.0000          line
185.5000    0    0.500   1.0000          NULL 
186.0000    1    2.000   1.0000          line
188.0000    0    1.000   1.0000          NULL 
189.0000    1    2.000   1.0000          line
191.0000    0    2.000   1.0000          NULL 
193.0000    2    2.000   1.0000        square
195.0000    0    3.000   1.0000          NULL 
198.0000    2    2.000   1.0000        square
200.0000    0    2.500   1.0000          NULL 
202.5000    1    2.000   1.0000          line
204.5000    0    1.500   1.0000          NULL 
206.0000    2    2.000   1.0000        square
208.0000    0    1.000   1.0000          NULL 
209.0000    2    2.000   1.0000        square
211.0000    0    3.000   1.0000          NULL 
214.0000    2    2.000   1.0000        square
216.0000    0    1.500   1.0000          NULL 
217.5000    2    2.000   1.0000        square
219.5000    0    3.000   1.0000          NULL 
222.5000    2    2.000   1.0000        square
224.5000    0    1.000   1.0000          NULL 
225.5000    2    2.000   1.0000        square
227.5000    0    2.000   1.0000          NULL 
229.5000    1    2.000   1.0000          line
231.5000    0    0.500   1.0000          NULL 
232.0000    2    2.000   1.0000        square
234.0000    0    0.500   1.0000          NULL 
234.5000    1    2.000   1.0000          line
236.5000    0    2.500   1.0000          NULL 
239.0000    1    2.000   1.0000          line
241.0000    0    2.000   1.0000          NULL 
243.0000    2    2.000   1.0000        square
245.0000    0    1.500   1.0000          NULL 
246.5000    1    2.000   1.0000          line
248.5000    0    0.500   1.0000          NULL 
249.0000    1    2.000   1.0000          line
251.0000    0    0.500   1.0000          NULL 
251.5000    2    2.000   1.0000        square
253.5000    0    1.500   1.0000          NULL 
255.0000    2    2.000   1.0000        square
257.0000    0    2.000   1.0000          NULL 
259.0000    1    2.000   1.0000          line
261.0000    0    0.500   1.0000          NULL 
261.5000    1    2.000   1.0000          line
263.5000    0    1.500   1.0000          NULL 
265.0000    2    2.000   1.0000        square
267.0000    0    1.000   1.0000          NULL 
268.0000    2    2.000   1.0000        square
270.0000    0    3.000   1.0000          NULL 
273.0000    1    2.000   1.0000          line
275.0000    0    2.000   1.0000          NULL 
277.0000    2    2.000   1.0000        square
279.0000    0    0.500   1.0000          NULL 
279.5000    2    2.000   1.0000        square
281.5000    0    0.500   1.0000          NULL 
282.0000    2    2.000   1.0000        square
284.0000    0    0.500   1.0000          NULL 
284.5000    1    2.000   1.0000          line
286.5000    0    1.500   1.0000          NULL 
288.0000    1    2.000   1.0000          line
290.0000    0    2.500   1.0000          NULL 
292.5000    2    2.000   1.0000        square
294.5000    0    0.500   1.0000          NULL 
295.0000    2    2.000   1.0000        square
297.0000    0    0.500   1.0000          NULL 
297.5000    1    2.000   1.0000          line
299.5000    0    1.000   1.0000          NULL 
300.5000    2    2.000   1.0000        square
302.5000    0    1.000   1.0000          NULL 
303.5000    1    2.000   1.0000          line
305.5000    0    0.500   1.0000          NULL 
306.0000    2    2.000   1.0000        square
308.0000    0    2.500   1.0000          NULL 
310.5000    2    2.000   1.0000        square
312.5000    0    0.500   1.0000          NULL 
313.0000    2    2.000   1.0000        square
315.0000    0    1.500   1.0000          NULL 
316.5000    1    2.000   1.0000          line
318.5000    0    2.000   1.0000          NULL 
320.5000    2    2.000   1.0000        square
322.5000    0    2.000   1.0000          NULL 
324.5000    2    2.000   1.0000        square
326.5000    0    0.500   1.0000          NULL 
327.0000    1    2.000   1.0000          line
329.0000    0    0.500   1.0000          NULL 
329.5000    1    2.000   1.0000          line
331.5000    0    3.000   1.0000          NULL 
334.5000    1    2.000   1.0000          line
336.5000    0    1.000   1.0000          NULL 
337.5000    2    2.000   1.0000        square
339.5000    0    0.500   1.0000          NULL 
340.0000    1    2.000   1.0000          line
342.0000    0    0.500   1.0000          NULL 
342.5000    1    2.000   1.0000          line
344.5000    0    1.000   1.0000          NULL 
345.5000    1    2.000   1.0000          line
347.5000    0    1.500   1.0000          NULL 
349.0000    2    2.000   1.0000        square
351.0000    0    0.500   1.0000          NULL 
351.5000    1    2.000   1.0000          line
353.5000    0    1.000   1.0000          NULL 
354.5000    2    2.000   1.0000        square
356.5000    0    1.000   1.0000          NULL 
357.5000    1    2.000   1.0000          line
359.5000    0    0.500   1.0000          NULL 
360.0000    1    2.000   1.0000          line
362.0000    0    0.500   1.0000          NULL 
362.5000    2    2.000   1.0000        square
364.5000    0    1.500   1.0000          NULL 
366.0000    1    2.000   1.0000          line
368.0000    0    1.000   1.0000          NULL 
369.0000    2    2.000   1.0000        square
371.0000    0    0.500   1.0000          NULL 
371.5000    1    2.000   1.0000          line
373.5000    0    0.500   1.0000          NULL 
374.0000    1    2.000   1.0000          line
376.0000    0    1.500   1.0000          NULL 
377.5000    2    2.000   1.0000        square
379.5000    0    0.500   1.0000          NULL 
380.0000    1    2.000   1.0000          line
382.0000    0    0.500   1.0000          NULL 
382.5000    1    2.000   1.0000          line
384.5000    0    0.500   1.0000          NULL 
385.0000    1    2.000   1.0000          line
387.0000    0    1.000   1.0000          NULL 
388.0000    1    2.000   1.0000          line
390.0000    0    1.500   1.0000          NULL 
391.5000    1    2.000   1.0000          line
393.5000    0    1.000   1.0000          NULL 
394.5000    2    2.000   1.0000        square
396.5000    0    1.000   1.0000          NULL 
397.5000    1    2.000   1.0000          line
399.5000    0    0.500   1.0000          NULL 
