  0.0000    1    2.000   1.0000          line
  2.0000    0    1.100   1.0000          NULL 
  3.1000    1    2.000   1.0000          line
  5.1000    0    1.000   1.0000          NULL 
  6.1000    2    2.000   1.0000        square
  8.1000    0    1.200   1.0000          NULL 
  9.3000    2    2.000   1.0000        square
 11.3000    0    2.000   1.0000          NULL 
 13.3000    2    2.000   1.0000        square
 15.3000    0    1.000   1.0000          NULL 
 16.3000    2    2.000   1.0000        square
 18.3000    0    1.000   1.0000          NULL 
 19.3000    1    2.000   1.0000          line
 21.3000    0    2.000   1.0000          NULL 
 23.3000    1    2.000   1.0000          line
 25.3000    0    1.400   1.0000          NULL 
 26.7000    2    2.000   1.0000        square
 28.7000    0    1.300   1.0000          NULL 
 30.0000    2    2.000   1.0000        square
 32.0000    0    1.500   1.0000          NULL 
 33.5000    2    2.000   1.0000        square
 35.5000    0    1.000   1.0000          NULL 
 36.5000    2    2.000   1.0000        square
 38.5000    0    1.100   1.0000          NULL 
 39.6000    2    2.000   1.0000        square
 41.6000    0    1.000   1.0000          NULL 
 42.6000    1    2.000   1.0000          line
 44.6000    0    1.200   1.0000          NULL 
 45.8000    1    2.000   1.0000          line
 47.8000    0    1.200   1.0000          NULL 
 49.0000    1    2.000   1.0000          line
 51.0000    0    1.000   1.0000          NULL 
 52.0000    2    2.000   1.0000        square
 54.0000    0    1.100   1.0000          NULL 
 55.1000    1    2.000   1.0000          line
 57.1000    0    1.000   1.0000          NULL 
 58.1000    1    2.000   1.0000          line
 60.1000    0    1.300   1.0000          NULL 
 61.4000    2    2.000   1.0000        square
 63.4000    0    1.000   1.0000          NULL 
 64.4000    2    2.000   1.0000        square
 66.4000    0    1.600   1.0000          NULL 
 68.0000    1    2.000   1.0000          line
 70.0000    0    1.000   1.0000          NULL 
 71.0000    1    2.000   1.0000          line
 73.0000    0    1.300   1.0000          NULL 
 74.3000    2    2.000   1.0000        square
 76.3000    0    1.800   1.0000          NULL 
 78.1000    2    2.000   1.0000        square
 80.1000    0    1.000   1.0000          NULL 
 81.1000    2    2.000   1.0000        square
 83.1000    0    1.300   1.0000          NULL 
 84.4000    1    2.000   1.0000          line
 86.4000    0    1.000   1.0000          NULL 
 87.4000    1    2.000   1.0000          line
 89.4000    0    1.800   1.0000          NULL 
 91.2000    1    2.000   1.0000          line
 93.2000    0    1.200   1.0000          NULL 
 94.3999    2    2.000   1.0000        square
 96.3999    0    1.100   1.0000          NULL 
 97.4999    1    2.000   1.0000          line
 99.4999    0    1.100   1.0000          NULL 
100.5999    2    2.000   1.0000        square
102.5999    0    1.000   1.0000          NULL 
103.5999    2    2.000   1.0000        square
105.5999    0    1.900   1.0000          NULL 
107.4999    2    2.000   1.0000        square
109.4999    0    1.300   1.0000          NULL 
110.7999    1    2.000   1.0000          line
112.7999    0    1.100   1.0000          NULL 
113.8999    1    2.000   1.0000          line
115.8999    0    1.500   1.0000          NULL 
117.3999    1    2.000   1.0000          line
119.3999    0    1.300   1.0000          NULL 
120.6999    1    2.000   1.0000          line
122.6999    0    1.000   1.0000          NULL 
123.6999    2    2.000   1.0000        square
125.6999    0    1.300   1.0000          NULL 
126.9999    1    2.000   1.0000          line
128.9999    0    1.000   1.0000          NULL 
