  0.0000    2    2.000   1.0000        square
  2.0000    0    0.500   1.0000          NULL 
  2.5000    1    2.000   1.0000          line
  4.5000    0    0.500   1.0000          NULL 
  5.0000    1    2.000   1.0000          line
  7.0000    0    1.500   1.0000          NULL 
  8.5000    2    2.000   1.0000        square
 10.5000    0    2.000   1.0000          NULL 
 12.5000    1    2.000   1.0000          line
 14.5000    0    0.500   1.0000          NULL 
 15.0000    1    2.000   1.0000          line
 17.0000    0    0.500   1.0000          NULL 
 17.5000    1    2.000   1.0000          line
 19.5000    0    0.500   1.0000          NULL 
 20.0000    1    2.000   1.0000          line
 22.0000    0    0.500   1.0000          NULL 
 22.5000    1    2.000   1.0000          line
 24.5000    0    0.500   1.0000          NULL 
 25.0000    1    2.000   1.0000          line
 27.0000    0    0.500   1.0000          NULL 
 27.5000    1    2.000   1.0000          line
 29.5000    0    2.000   1.0000          NULL 
 31.5000    1    2.000   1.0000          line
 33.5000    0    2.000   1.0000          NULL 
 35.5000    1    2.000   1.0000          line
 37.5000    0    0.500   1.0000          NULL 
 38.0000    1    2.000   1.0000          line
 40.0000    0    0.500   1.0000          NULL 
 40.5000    2    2.000   1.0000        square
 42.5000    0    2.500   1.0000          NULL 
 45.0000    1    2.000   1.0000          line
 47.0000    0    2.000   1.0000          NULL 
 49.0000    2    2.000   1.0000        square
 51.0000    0    4.000   1.0000          NULL 
 55.0000    1    2.000   1.0000          line
 57.0000    0    3.500   1.0000          NULL 
 60.5000    2    2.000   1.0000        square
 62.5000    0    0.500   1.0000          NULL 
 63.0000    2    2.000   1.0000        square
 65.0000    0    0.500   1.0000          NULL 
 65.5000    2    2.000   1.0000        square
 67.5000    0    2.500   1.0000          NULL 
 70.0000    1    2.000   1.0000          line
 72.0000    0    1.000   1.0000          NULL 
 73.0000    2    2.000   1.0000        square
 75.0000    0    1.000   1.0000          NULL 
 76.0000    2    2.000   1.0000        square
 78.0000    0    1.000   1.0000          NULL 
 79.0000    2    2.000   1.0000        square
 81.0000    0    1.000   1.0000          NULL 
 82.0000    2    2.000   1.0000        square
 84.0000    0    1.500   1.0000          NULL 
 85.5000    1    2.000   1.0000          line
 87.5000    0    2.000   1.0000          NULL 
 89.5000    1    2.000   1.0000          line
 91.5000    0    2.000   1.0000          NULL 
 93.5000    1    2.000   1.0000          line
 95.5000    0    1.000   1.0000          NULL 
 96.5000    1    2.000   1.0000          line
 98.5000    0    0.500   1.0000          NULL 
 99.0000    1    2.000   1.0000          line
101.0000    0    0.500   1.0000          NULL 
101.5000    2    2.000   1.0000        square
103.5000    0    1.500   1.0000          NULL 
105.0000    2    2.000   1.0000        square
107.0000    0    1.000   1.0000          NULL 
108.0000    1    2.000   1.0000          line
110.0000    0    2.000   1.0000          NULL 
112.0000    2    2.000   1.0000        square
114.0000    0    3.000   1.0000          NULL 
117.0000    1    2.000   1.0000          line
119.0000    0    2.500   1.0000          NULL 
121.5000    1    2.000   1.0000          line
123.5000    0    1.000   1.0000          NULL 
124.5000    2    2.000   1.0000        square
126.5000    0    0.500   1.0000          NULL 
127.0000    2    2.000   1.0000        square
129.0000    0    0.500   1.0000          NULL 
129.5000    2    2.000   1.0000        square
131.5000    0    1.500   1.0000          NULL 
133.0000    2    2.000   1.0000        square
135.0000    0    1.000   1.0000          NULL 
136.0000    1    2.000   1.0000          line
138.0000    0    4.000   1.0000          NULL 
142.0000    2    2.000   1.0000        square
144.0000    0    0.500   1.0000          NULL 
144.5000    2    2.000   1.0000        square
146.5000    0    1.500   1.0000          NULL 
148.0000    2    2.000   1.0000        square
150.0000    0    2.000   1.0000          NULL 
152.0000    1    2.000   1.0000          line
154.0000    0    0.500   1.0000          NULL 
154.5000    2    2.000   1.0000        square
156.5000    0    1.000   1.0000          NULL 
157.5000    2    2.000   1.0000        square
159.5000    0    0.500   1.0000          NULL 
160.0000    1    2.000   1.0000          line
162.0000    0    1.000   1.0000          NULL 
163.0000    2    2.000   1.0000        square
165.0000    0    1.500   1.0000          NULL 
166.5000    2    2.000   1.0000        square
168.5000    0    0.500   1.0000          NULL 
169.0000    2    2.000   1.0000        square
171.0000    0    0.500   1.0000          NULL 
171.5000    1    2.000   1.0000          line
173.5000    0    1.000   1.0000          NULL 
174.5000    2    2.000   1.0000        square
176.5000    0    1.000   1.0000          NULL 
177.5000    1    2.000   1.0000          line
179.5000    0    1.500   1.0000          NULL 
181.0000    1    2.000   1.0000          line
183.0000    0    0.500   1.0000          NULL 
183.5000    2    2.000   1.0000        square
185.5000    0    1.500   1.0000          NULL 
187.0000    2    2.000   1.0000        square
189.0000    0    0.500   1.0000          NULL 
189.5000    1    2.000   1.0000          line
191.5000    0    1.000   1.0000          NULL 
192.5000    2    2.000   1.0000        square
194.5000    0    2.000   1.0000          NULL 
196.5000    1    2.000   1.0000          line
198.5000    0    0.500   1.0000          NULL 
199.0000    1    2.000   1.0000          line
201.0000    0    1.000   1.0000          NULL 
202.0000    1    2.000   1.0000          line
204.0000    0    3.000   1.0000          NULL 
207.0000    1    2.000   1.0000          line
209.0000    0    0.500   1.0000          NULL 
209.5000    2    2.000   1.0000        square
211.5000    0    0.500   1.0000          NULL 
212.0000    2    2.000   1.0000        square
214.0000    0    0.500   1.0000          NULL 
214.5000    2    2.000   1.0000        square
216.5000    0    3.000   1.0000          NULL 
219.5000    1    2.000   1.0000          line
221.5000    0    4.000   1.0000          NULL 
225.5000    1    2.000   1.0000          line
227.5000    0    0.500   1.0000          NULL 
228.0000    2    2.000   1.0000        square
230.0000    0    0.500   1.0000          NULL 
230.5000    1    2.000   1.0000          line
232.5000    0    3.500   1.0000          NULL 
236.0000    2    2.000   1.0000        square
238.0000    0    0.500   1.0000          NULL 
238.5000    1    2.000   1.0000          line
240.5000    0    1.500   1.0000          NULL 
242.0000    1    2.000   1.0000          line
244.0000    0    1.000   1.0000          NULL 
245.0000    2    2.000   1.0000        square
247.0000    0    0.500   1.0000          NULL 
247.5000    2    2.000   1.0000        square
249.5000    0    1.000   1.0000          NULL 
250.5000    1    2.000   1.0000          line
252.5000    0    2.000   1.0000          NULL 
254.5000    1    2.000   1.0000          line
256.5000    0    0.500   1.0000          NULL 
257.0000    2    2.000   1.0000        square
259.0000    0    0.500   1.0000          NULL 
259.5000    1    2.000   1.0000          line
261.5000    0    1.000   1.0000          NULL 
262.5000    2    2.000   1.0000        square
264.5000    0    0.500   1.0000          NULL 
265.0000    1    2.000   1.0000          line
267.0000    0    1.000   1.0000          NULL 
268.0000    2    2.000   1.0000        square
270.0000    0    2.000   1.0000          NULL 
272.0000    2    2.000   1.0000        square
274.0000    0    1.000   1.0000          NULL 
275.0000    1    2.000   1.0000          line
277.0000    0    2.000   1.0000          NULL 
279.0000    2    2.000   1.0000        square
281.0000    0    3.000   1.0000          NULL 
284.0000    1    2.000   1.0000          line
286.0000    0    0.500   1.0000          NULL 
286.5000    1    2.000   1.0000          line
288.5000    0    1.500   1.0000          NULL 
290.0000    2    2.000   1.0000        square
292.0000    0    2.000   1.0000          NULL 
294.0000    2    2.000   1.0000        square
296.0000    0    3.000   1.0000          NULL 
299.0000    1    2.000   1.0000          line
301.0000    0    0.500   1.0000          NULL 
301.5000    2    2.000   1.0000        square
303.5000    0    0.500   1.0000          NULL 
304.0000    1    2.000   1.0000          line
306.0000    0    1.500   1.0000          NULL 
307.5000    2    2.000   1.0000        square
309.5000    0    3.000   1.0000          NULL 
312.5000    2    2.000   1.0000        square
314.5000    0    0.500   1.0000          NULL 
315.0000    2    2.000   1.0000        square
317.0000    0    0.500   1.0000          NULL 
317.5000    2    2.000   1.0000        square
319.5000    0    2.500   1.0000          NULL 
322.0000    1    2.000   1.0000          line
324.0000    0    2.000   1.0000          NULL 
326.0000    1    2.000   1.0000          line
328.0000    0    2.500   1.0000          NULL 
330.5000    1    2.000   1.0000          line
332.5000    0    1.500   1.0000          NULL 
334.0000    1    2.000   1.0000          line
336.0000    0    0.500   1.0000          NULL 
336.5000    2    2.000   1.0000        square
338.5000    0    0.500   1.0000          NULL 
339.0000    1    2.000   1.0000          line
341.0000    0    1.500   1.0000          NULL 
342.5000    1    2.000   1.0000          line
344.5000    0    4.000   1.0000          NULL 
348.5000    1    2.000   1.0000          line
350.5000    0    2.500   1.0000          NULL 
353.0000    2    2.000   1.0000        square
355.0000    0    0.500   1.0000          NULL 
355.5000    1    2.000   1.0000          line
357.5000    0    0.500   1.0000          NULL 
358.0000    2    2.000   1.0000        square
360.0000    0    2.000   1.0000          NULL 
362.0000    1    2.000   1.0000          line
364.0000    0    0.500   1.0000          NULL 
364.5000    2    2.000   1.0000        square
366.5000    0    0.500   1.0000          NULL 
367.0000    2    2.000   1.0000        square
369.0000    0    1.000   1.0000          NULL 
370.0000    2    2.000   1.0000        square
372.0000    0    0.500   1.0000          NULL 
372.5000    1    2.000   1.0000          line
374.5000    0    2.500   1.0000          NULL 
377.0000    1    2.000   1.0000          line
379.0000    0    2.000   1.0000          NULL 
381.0000    2    2.000   1.0000        square
383.0000    0    0.500   1.0000          NULL 
383.5000    2    2.000   1.0000        square
385.5000    0    1.000   1.0000          NULL 
386.5000    2    2.000   1.0000        square
388.5000    0    0.500   1.0000          NULL 
389.0000    1    2.000   1.0000          line
391.0000    0    3.500   1.0000          NULL 
394.5000    2    2.000   1.0000        square
396.5000    0    1.000   1.0000          NULL 
397.5000    2    2.000   1.0000        square
399.5000    0    0.500   1.0000          NULL 
