  0.0000    2    2.000   1.0000        square
  2.0000    0    2.000   1.0000          NULL 
  4.0000    2    2.000   1.0000        square
  6.0000    0    0.500   1.0000          NULL 
  6.5000    1    2.000   1.0000          line
  8.5000    0    3.000   1.0000          NULL 
 11.5000    1    2.000   1.0000          line
 13.5000    0    0.500   1.0000          NULL 
 14.0000    2    2.000   1.0000        square
 16.0000    0    0.500   1.0000          NULL 
 16.5000    1    2.000   1.0000          line
 18.5000    0    0.500   1.0000          NULL 
 19.0000    1    2.000   1.0000          line
 21.0000    0    1.500   1.0000          NULL 
 22.5000    2    2.000   1.0000        square
 24.5000    0    2.500   1.0000          NULL 
 27.0000    2    2.000   1.0000        square
 29.0000    0    0.500   1.0000          NULL 
 29.5000    2    2.000   1.0000        square
 31.5000    0    0.500   1.0000          NULL 
 32.0000    2    2.000   1.0000        square
 34.0000    0    0.500   1.0000          NULL 
 34.5000    2    2.000   1.0000        square
 36.5000    0    1.000   1.0000          NULL 
 37.5000    1    2.000   1.0000          line
 39.5000    0    0.500   1.0000          NULL 
 40.0000    1    2.000   1.0000          line
 42.0000    0    0.500   1.0000          NULL 
 42.5000    2    2.000   1.0000        square
 44.5000    0    0.500   1.0000          NULL 
 45.0000    1    2.000   1.0000          line
 47.0000    0    0.500   1.0000          NULL 
 47.5000    1    2.000   1.0000          line
 49.5000    0    3.500   1.0000          NULL 
 53.0000    1    2.000   1.0000          line
 55.0000    0    0.500   1.0000          NULL 
 55.5000    1    2.000   1.0000          line
 57.5000    0    1.500   1.0000          NULL 
 59.0000    2    2.000   1.0000        square
 61.0000    0    1.500   1.0000          NULL 
 62.5000    1    2.000   1.0000          line
 64.5000    0    0.500   1.0000          NULL 
 65.0000    2    2.000   1.0000        square
 67.0000    0    0.500   1.0000          NULL 
 67.5000    1    2.000   1.0000          line
 69.5000    0    0.500   1.0000          NULL 
 70.0000    2    2.000   1.0000        square
 72.0000    0    0.500   1.0000          NULL 
 72.5000    2    2.000   1.0000        square
 74.5000    0    2.500   1.0000          NULL 
 77.0000    1    2.000   1.0000          line
 79.0000    0    1.000   1.0000          NULL 
 80.0000    2    2.000   1.0000        square
 82.0000    0    0.500   1.0000          NULL 
 82.5000    2    2.000   1.0000        square
 84.5000    0    2.000   1.0000          NULL 
 86.5000    2    2.000   1.0000        square
 88.5000    0    0.500   1.0000          NULL 
 89.0000    1    2.000   1.0000          line
 91.0000    0    3.500   1.0000          NULL 
 94.5000    1    2.000   1.0000          line
 96.5000    0    1.500   1.0000          NULL 
 98.0000    1    2.000   1.0000          line
100.0000    0    0.500   1.0000          NULL 
100.5000    1    2.000   1.0000          line
102.5000    0    1.000   1.0000          NULL 
103.5000    2    2.000   1.0000        square
105.5000    0    1.000   1.0000          NULL 
106.5000    1    2.000   1.0000          line
108.5000    0    1.000   1.0000          NULL 
109.5000    1    2.000   1.0000          line
111.5000    0    0.500   1.0000          NULL 
112.0000    2    2.000   1.0000        square
114.0000    0    0.500   1.0000          NULL 
114.5000    2    2.000   1.0000        square
116.5000    0    0.500   1.0000          NULL 
117.0000    2    2.000   1.0000        square
119.0000    0    0.500   1.0000          NULL 
119.5000    2    2.000   1.0000        square
121.5000    0    2.000   1.0000          NULL 
123.5000    1    2.000   1.0000          line
125.5000    0    3.000   1.0000          NULL 
128.5000    1    2.000   1.0000          line
130.5000    0    0.500   1.0000          NULL 
131.0000    1    2.000   1.0000          line
133.0000    0    0.500   1.0000          NULL 
133.5000    1    2.000   1.0000          line
135.5000    0    0.500   1.0000          NULL 
136.0000    1    2.000   1.0000          line
138.0000    0    1.000   1.0000          NULL 
139.0000    1    2.000   1.0000          line
141.0000    0    1.000   1.0000          NULL 
142.0000    2    2.000   1.0000        square
144.0000    0    1.500   1.0000          NULL 
145.5000    2    2.000   1.0000        square
147.5000    0    0.500   1.0000          NULL 
148.0000    1    2.000   1.0000          line
150.0000    0    0.500   1.0000          NULL 
150.5000    1    2.000   1.0000          line
152.5000    0    3.500   1.0000          NULL 
156.0000    1    2.000   1.0000          line
158.0000    0    2.000   1.0000          NULL 
160.0000    1    2.000   1.0000          line
162.0000    0    3.000   1.0000          NULL 
165.0000    1    2.000   1.0000          line
167.0000    0    0.500   1.0000          NULL 
167.5000    2    2.000   1.0000        square
169.5000    0    0.500   1.0000          NULL 
170.0000    2    2.000   1.0000        square
172.0000    0    0.500   1.0000          NULL 
172.5000    1    2.000   1.0000          line
174.5000    0    3.500   1.0000          NULL 
178.0000    2    2.000   1.0000        square
180.0000    0    0.500   1.0000          NULL 
180.5000    2    2.000   1.0000        square
182.5000    0    1.000   1.0000          NULL 
183.5000    2    2.000   1.0000        square
185.5000    0    0.500   1.0000          NULL 
186.0000    2    2.000   1.0000        square
188.0000    0    0.500   1.0000          NULL 
188.5000    1    2.000   1.0000          line
190.5000    0    0.500   1.0000          NULL 
191.0000    1    2.000   1.0000          line
193.0000    0    3.000   1.0000          NULL 
196.0000    2    2.000   1.0000        square
198.0000    0    2.500   1.0000          NULL 
200.5000    2    2.000   1.0000        square
202.5000    0    1.500   1.0000          NULL 
204.0000    2    2.000   1.0000        square
206.0000    0    3.000   1.0000          NULL 
209.0000    2    2.000   1.0000        square
211.0000    0    0.500   1.0000          NULL 
211.5000    2    2.000   1.0000        square
213.5000    0    3.500   1.0000          NULL 
217.0000    1    2.000   1.0000          line
219.0000    0    1.500   1.0000          NULL 
220.5000    1    2.000   1.0000          line
222.5000    0    0.500   1.0000          NULL 
223.0000    2    2.000   1.0000        square
225.0000    0    3.500   1.0000          NULL 
228.5000    1    2.000   1.0000          line
230.5000    0    2.500   1.0000          NULL 
233.0000    2    2.000   1.0000        square
235.0000    0    0.500   1.0000          NULL 
235.5000    1    2.000   1.0000          line
237.5000    0    2.000   1.0000          NULL 
239.5000    1    2.000   1.0000          line
241.5000    0    1.000   1.0000          NULL 
242.5000    1    2.000   1.0000          line
244.5000    0    1.500   1.0000          NULL 
246.0000    2    2.000   1.0000        square
248.0000    0    1.000   1.0000          NULL 
249.0000    1    2.000   1.0000          line
251.0000    0    1.000   1.0000          NULL 
252.0000    1    2.000   1.0000          line
254.0000    0    1.500   1.0000          NULL 
255.5000    2    2.000   1.0000        square
257.5000    0    2.500   1.0000          NULL 
260.0000    1    2.000   1.0000          line
262.0000    0    1.000   1.0000          NULL 
263.0000    2    2.000   1.0000        square
265.0000    0    2.500   1.0000          NULL 
267.5000    1    2.000   1.0000          line
269.5000    0    1.500   1.0000          NULL 
271.0000    2    2.000   1.0000        square
273.0000    0    1.500   1.0000          NULL 
274.5000    2    2.000   1.0000        square
276.5000    0    3.000   1.0000          NULL 
279.5000    1    2.000   1.0000          line
281.5000    0    0.500   1.0000          NULL 
282.0000    1    2.000   1.0000          line
284.0000    0    1.500   1.0000          NULL 
285.5000    1    2.000   1.0000          line
287.5000    0    1.000   1.0000          NULL 
288.5000    1    2.000   1.0000          line
290.5000    0    0.500   1.0000          NULL 
291.0000    1    2.000   1.0000          line
293.0000    0    0.500   1.0000          NULL 
293.5000    2    2.000   1.0000        square
295.5000    0    1.500   1.0000          NULL 
297.0000    1    2.000   1.0000          line
299.0000    0    1.000   1.0000          NULL 
300.0000    2    2.000   1.0000        square
302.0000    0    3.000   1.0000          NULL 
305.0000    1    2.000   1.0000          line
307.0000    0    1.500   1.0000          NULL 
308.5000    2    2.000   1.0000        square
310.5000    0    2.000   1.0000          NULL 
312.5000    2    2.000   1.0000        square
314.5000    0    1.500   1.0000          NULL 
316.0000    2    2.000   1.0000        square
318.0000    0    0.500   1.0000          NULL 
318.5000    2    2.000   1.0000        square
320.5000    0    1.500   1.0000          NULL 
322.0000    2    2.000   1.0000        square
324.0000    0    1.500   1.0000          NULL 
325.5000    2    2.000   1.0000        square
327.5000    0    4.000   1.0000          NULL 
331.5000    2    2.000   1.0000        square
333.5000    0    2.000   1.0000          NULL 
335.5000    1    2.000   1.0000          line
337.5000    0    0.500   1.0000          NULL 
338.0000    1    2.000   1.0000          line
340.0000    0    0.500   1.0000          NULL 
340.5000    2    2.000   1.0000        square
342.5000    0    3.500   1.0000          NULL 
346.0000    1    2.000   1.0000          line
348.0000    0    1.000   1.0000          NULL 
349.0000    1    2.000   1.0000          line
351.0000    0    0.500   1.0000          NULL 
351.5000    2    2.000   1.0000        square
353.5000    0    2.000   1.0000          NULL 
355.5000    1    2.000   1.0000          line
357.5000    0    1.000   1.0000          NULL 
358.5000    2    2.000   1.0000        square
360.5000    0    1.000   1.0000          NULL 
361.5000    2    2.000   1.0000        square
363.5000    0    2.500   1.0000          NULL 
366.0000    2    2.000   1.0000        square
368.0000    0    0.500   1.0000          NULL 
368.5000    2    2.000   1.0000        square
370.5000    0    2.000   1.0000          NULL 
372.5000    2    2.000   1.0000        square
374.5000    0    1.500   1.0000          NULL 
376.0000    1    2.000   1.0000          line
378.0000    0    1.500   1.0000          NULL 
379.5000    1    2.000   1.0000          line
381.5000    0    0.500   1.0000          NULL 
382.0000    1    2.000   1.0000          line
384.0000    0    1.000   1.0000          NULL 
385.0000    2    2.000   1.0000        square
387.0000    0    1.500   1.0000          NULL 
388.5000    1    2.000   1.0000          line
390.5000    0    1.000   1.0000          NULL 
391.5000    2    2.000   1.0000        square
393.5000    0    1.500   1.0000          NULL 
395.0000    1    2.000   1.0000          line
397.0000    0    0.500   1.0000          NULL 
397.5000    2    2.000   1.0000        square
399.5000    0    0.500   1.0000          NULL 
