  0.0000    2    2.000   1.0000        square
  2.0000    0    1.000   1.0000          NULL 
  3.0000    2    2.000   1.0000        square
  5.0000    0    1.000   1.0000          NULL 
  6.0000    1    2.000   1.0000          line
  8.0000    0    1.500   1.0000          NULL 
  9.5000    2    2.000   1.0000        square
 11.5000    0    1.200   1.0000          NULL 
 12.7000    1    2.000   1.0000          line
 14.7000    0    1.200   1.0000          NULL 
 15.9000    2    2.000   1.0000        square
 17.9000    0    1.600   1.0000          NULL 
 19.5000    1    2.000   1.0000          line
 21.5000    0    1.000   1.0000          NULL 
 22.5000    2    2.000   1.0000        square
 24.5000    0    1.300   1.0000          NULL 
 25.8000    1    2.000   1.0000          line
 27.8000    0    1.100   1.0000          NULL 
 28.9000    2    2.000   1.0000        square
 30.9000    0    1.100   1.0000          NULL 
 32.0000    1    2.000   1.0000          line
 34.0000    0    1.000   1.0000          NULL 
 35.0000    1    2.000   1.0000          line
 37.0000    0    1.200   1.0000          NULL 
 38.2000    1    2.000   1.0000          line
 40.2000    0    2.000   1.0000          NULL 
 42.2000    1    2.000   1.0000          line
 44.2000    0    1.100   1.0000          NULL 
 45.3000    2    2.000   1.0000        square
 47.3000    0    1.000   1.0000          NULL 
 48.3000    2    2.000   1.0000        square
 50.3000    0    1.900   1.0000          NULL 
 52.2000    2    2.000   1.0000        square
 54.2000    0    1.300   1.0000          NULL 
 55.5000    1    2.000   1.0000          line
 57.5000    0    1.000   1.0000          NULL 
 58.5000    1    2.000   1.0000          line
 60.5000    0    1.100   1.0000          NULL 
 61.6000    1    2.000   1.0000          line
 63.6000    0    1.000   1.0000          NULL 
 64.6000    2    2.000   1.0000        square
 66.6000    0    1.500   1.0000          NULL 
 68.1000    2    2.000   1.0000        square
 70.1000    0    1.100   1.0000          NULL 
 71.2000    1    2.000   1.0000          line
 73.2000    0    1.300   1.0000          NULL 
 74.5000    1    2.000   1.0000          line
 76.5000    0    1.000   1.0000          NULL 
 77.5000    1    2.000   1.0000          line
 79.5000    0    1.000   1.0000          NULL 
 80.5000    2    2.000   1.0000        square
 82.5000    0    1.500   1.0000          NULL 
 83.9999    2    2.000   1.0000        square
 85.9999    0    1.400   1.0000          NULL 
 87.3999    1    2.000   1.0000          line
 89.3999    0    1.600   1.0000          NULL 
 90.9999    2    2.000   1.0000        square
 92.9999    0    1.500   1.0000          NULL 
 94.4999    2    2.000   1.0000        square
 96.4999    0    1.000   1.0000          NULL 
 97.4999    2    2.000   1.0000        square
 99.4999    0    1.800   1.0000          NULL 
101.2999    2    2.000   1.0000        square
103.2999    0    1.000   1.0000          NULL 
104.2999    1    2.000   1.0000          line
106.2999    0    1.900   1.0000          NULL 
108.1999    1    2.000   1.0000          line
110.1999    0    1.500   1.0000          NULL 
111.6999    1    2.000   1.0000          line
113.6999    0    1.000   1.0000          NULL 
114.6999    1    2.000   1.0000          line
116.6999    0    1.100   1.0000          NULL 
117.7999    2    2.000   1.0000        square
119.7999    0    1.100   1.0000          NULL 
120.8999    1    2.000   1.0000          line
122.8999    0    1.000   1.0000          NULL 
123.8999    2    2.000   1.0000        square
125.8999    0    1.100   1.0000          NULL 
126.9999    2    2.000   1.0000        square
128.9999    0    1.000   1.0000          NULL 
