  0.0000    1    2.000   1.0000          line
  2.0000    0    0.500   1.0000          NULL 
  2.5000    1    2.000   1.0000          line
  4.5000    0    0.500   1.0000          NULL 
  5.0000    1    2.000   1.0000          line
  7.0000    0    1.500   1.0000          NULL 
  8.5000    1    2.000   1.0000          line
 10.5000    0    0.500   1.0000          NULL 
 11.0000    1    2.000   1.0000          line
 13.0000    0    0.500   1.0000          NULL 
 13.5000    1    2.000   1.0000          line
 15.5000    0    2.500   1.0000          NULL 
 18.0000    1    2.000   1.0000          line
 20.0000    0    0.500   1.0000          NULL 
 20.5000    1    2.000   1.0000          line
 22.5000    0    2.500   1.0000          NULL 
 25.0000    1    2.000   1.0000          line
 27.0000    0    1.000   1.0000          NULL 
 28.0000    2    2.000   1.0000        square
 30.0000    0    0.500   1.0000          NULL 
 30.5000    2    2.000   1.0000        square
 32.5000    0    2.500   1.0000          NULL 
 35.0000    1    2.000   1.0000          line
 37.0000    0    0.500   1.0000          NULL 
 37.5000    2    2.000   1.0000        square
 39.5000    0    1.000   1.0000          NULL 
 40.5000    2    2.000   1.0000        square
 42.5000    0    1.500   1.0000          NULL 
 44.0000    2    2.000   1.0000        square
 46.0000    0    2.000   1.0000          NULL 
 48.0000    1    2.000   1.0000          line
 50.0000    0    0.500   1.0000          NULL 
 50.5000    1    2.000   1.0000          line
 52.5000    0    0.500   1.0000          NULL 
 53.0000    2    2.000   1.0000        square
 55.0000    0    0.500   1.0000          NULL 
 55.5000    2    2.000   1.0000        square
 57.5000    0    1.000   1.0000          NULL 
 58.5000    1    2.000   1.0000          line
 60.5000    0    0.500   1.0000          NULL 
 61.0000    2    2.000   1.0000        square
 63.0000    0    1.500   1.0000          NULL 
 64.5000    2    2.000   1.0000        square
 66.5000    0    3.000   1.0000          NULL 
 69.5000    2    2.000   1.0000        square
 71.5000    0    0.500   1.0000          NULL 
 72.0000    1    2.000   1.0000          line
 74.0000    0    0.500   1.0000          NULL 
 74.5000    1    2.000   1.0000          line
 76.5000    0    2.000   1.0000          NULL 
 78.5000    2    2.000   1.0000        square
 80.5000    0    0.500   1.0000          NULL 
 81.0000    1    2.000   1.0000          line
 83.0000    0    4.000   1.0000          NULL 
 87.0000    2    2.000   1.0000        square
 89.0000    0    0.500   1.0000          NULL 
 89.5000    1    2.000   1.0000          line
 91.5000    0    2.000   1.0000          NULL 
 93.5000    1    2.000   1.0000          line
 95.5000    0    1.500   1.0000          NULL 
 97.0000    2    2.000   1.0000        square
 99.0000    0    0.500   1.0000          NULL 
 99.5000    2    2.000   1.0000        square
101.5000    0    1.500   1.0000          NULL 
103.0000    1    2.000   1.0000          line
105.0000    0    2.500   1.0000          NULL 
107.5000    2    2.000   1.0000        square
109.5000    0    0.500   1.0000          NULL 
110.0000    1    2.000   1.0000          line
112.0000    0    3.500   1.0000          NULL 
115.5000    1    2.000   1.0000          line
117.5000    0    1.500   1.0000          NULL 
119.0000    2    2.000   1.0000        square
121.0000    0    0.500   1.0000          NULL 
121.5000    1    2.000   1.0000          line
123.5000    0    0.500   1.0000          NULL 
124.0000    1    2.000   1.0000          line
126.0000    0    1.500   1.0000          NULL 
127.5000    1    2.000   1.0000          line
129.5000    0    1.500   1.0000          NULL 
131.0000    1    2.000   1.0000          line
133.0000    0    1.000   1.0000          NULL 
134.0000    1    2.000   1.0000          line
136.0000    0    3.000   1.0000          NULL 
139.0000    1    2.000   1.0000          line
141.0000    0    1.500   1.0000          NULL 
142.5000    2    2.000   1.0000        square
144.5000    0    2.000   1.0000          NULL 
146.5000    1    2.000   1.0000          line
148.5000    0    2.000   1.0000          NULL 
150.5000    1    2.000   1.0000          line
152.5000    0    1.500   1.0000          NULL 
154.0000    1    2.000   1.0000          line
156.0000    0    1.000   1.0000          NULL 
157.0000    1    2.000   1.0000          line
159.0000    0    3.500   1.0000          NULL 
162.5000    1    2.000   1.0000          line
164.5000    0    0.500   1.0000          NULL 
165.0000    2    2.000   1.0000        square
167.0000    0    2.000   1.0000          NULL 
169.0000    2    2.000   1.0000        square
171.0000    0    0.500   1.0000          NULL 
171.5000    2    2.000   1.0000        square
173.5000    0    0.500   1.0000          NULL 
174.0000    2    2.000   1.0000        square
176.0000    0    1.500   1.0000          NULL 
177.5000    2    2.000   1.0000        square
179.5000    0    0.500   1.0000          NULL 
180.0000    2    2.000   1.0000        square
182.0000    0    1.500   1.0000          NULL 
183.5000    2    2.000   1.0000        square
185.5000    0    0.500   1.0000          NULL 
186.0000    2    2.000   1.0000        square
188.0000    0    1.500   1.0000          NULL 
189.5000    1    2.000   1.0000          line
191.5000    0    0.500   1.0000          NULL 
192.0000    2    2.000   1.0000        square
194.0000    0    3.000   1.0000          NULL 
197.0000    2    2.000   1.0000        square
199.0000    0    2.500   1.0000          NULL 
201.5000    1    2.000   1.0000          line
203.5000    0    0.500   1.0000          NULL 
204.0000    2    2.000   1.0000        square
206.0000    0    0.500   1.0000          NULL 
206.5000    2    2.000   1.0000        square
208.5000    0    4.000   1.0000          NULL 
212.5000    2    2.000   1.0000        square
214.5000    0    0.500   1.0000          NULL 
215.0000    1    2.000   1.0000          line
217.0000    0    3.000   1.0000          NULL 
220.0000    2    2.000   1.0000        square
222.0000    0    0.500   1.0000          NULL 
222.5000    2    2.000   1.0000        square
224.5000    0    0.500   1.0000          NULL 
225.0000    1    2.000   1.0000          line
227.0000    0    2.000   1.0000          NULL 
229.0000    2    2.000   1.0000        square
231.0000    0    3.000   1.0000          NULL 
234.0000    2    2.000   1.0000        square
236.0000    0    1.500   1.0000          NULL 
237.5000    1    2.000   1.0000          line
239.5000    0    1.500   1.0000          NULL 
241.0000    2    2.000   1.0000        square
243.0000    0    1.000   1.0000          NULL 
244.0000    2    2.000   1.0000        square
246.0000    0    1.000   1.0000          NULL 
247.0000    1    2.000   1.0000          line
249.0000    0    3.500   1.0000          NULL 
252.5000    1    2.000   1.0000          line
254.5000    0    2.000   1.0000          NULL 
256.5000    1    2.000   1.0000          line
258.5000    0    0.500   1.0000          NULL 
259.0000    2    2.000   1.0000        square
261.0000    0    0.500   1.0000          NULL 
261.5000    1    2.000   1.0000          line
263.5000    0    0.500   1.0000          NULL 
264.0000    1    2.000   1.0000          line
266.0000    0    1.000   1.0000          NULL 
267.0000    1    2.000   1.0000          line
269.0000    0    1.500   1.0000          NULL 
270.5000    1    2.000   1.0000          line
272.5000    0    2.000   1.0000          NULL 
274.5000    2    2.000   1.0000        square
276.5000    0    0.500   1.0000          NULL 
277.0000    2    2.000   1.0000        square
279.0000    0    0.500   1.0000          NULL 
279.5000    1    2.000   1.0000          line
281.5000    0    1.000   1.0000          NULL 
282.5000    2    2.000   1.0000        square
284.5000    0    2.000   1.0000          NULL 
286.5000    2    2.000   1.0000        square
288.5000    0    1.500   1.0000          NULL 
290.0000    2    2.000   1.0000        square
292.0000    0    4.000   1.0000          NULL 
296.0000    1    2.000   1.0000          line
298.0000    0    0.500   1.0000          NULL 
298.5000    1    2.000   1.0000          line
300.5000    0    1.000   1.0000          NULL 
301.5000    2    2.000   1.0000        square
303.5000    0    1.500   1.0000          NULL 
305.0000    1    2.000   1.0000          line
307.0000    0    1.000   1.0000          NULL 
308.0000    2    2.000   1.0000        square
310.0000    0    0.500   1.0000          NULL 
310.5000    2    2.000   1.0000        square
312.5000    0    1.000   1.0000          NULL 
313.5000    1    2.000   1.0000          line
315.5000    0    2.000   1.0000          NULL 
317.5000    1    2.000   1.0000          line
319.5000    0    0.500   1.0000          NULL 
320.0000    2    2.000   1.0000        square
322.0000    0    0.500   1.0000          NULL 
322.5000    2    2.000   1.0000        square
324.5000    0    0.500   1.0000          NULL 
325.0000    1    2.000   1.0000          line
327.0000    0    0.500   1.0000          NULL 
327.5000    1    2.000   1.0000          line
329.5000    0    2.000   1.0000          NULL 
331.5000    2    2.000   1.0000        square
333.5000    0    0.500   1.0000          NULL 
334.0000    1    2.000   1.0000          line
336.0000    0    2.000   1.0000          NULL 
338.0000    2    2.000   1.0000        square
340.0000    0    2.000   1.0000          NULL 
342.0000    1    2.000   1.0000          line
344.0000    0    0.500   1.0000          NULL 
344.5000    2    2.000   1.0000        square
346.5000    0    0.500   1.0000          NULL 
347.0000    1    2.000   1.0000          line
349.0000    0    0.500   1.0000          NULL 
349.5000    2    2.000   1.0000        square
351.5000    0    2.000   1.0000          NULL 
353.5000    2    2.000   1.0000        square
355.5000    0    2.000   1.0000          NULL 
357.5000    2    2.000   1.0000        square
359.5000    0    2.500   1.0000          NULL 
362.0000    2    2.000   1.0000        square
364.0000    0    0.500   1.0000          NULL 
364.5000    1    2.000   1.0000          line
366.5000    0    3.000   1.0000          NULL 
369.5000    2    2.000   1.0000        square
371.5000    0    1.000   1.0000          NULL 
372.5000    2    2.000   1.0000        square
374.5000    0    1.000   1.0000          NULL 
375.5000    1    2.000   1.0000          line
377.5000    0    1.000   1.0000          NULL 
378.5000    1    2.000   1.0000          line
380.5000    0    1.500   1.0000          NULL 
382.0000    2    2.000   1.0000        square
384.0000    0    1.000   1.0000          NULL 
385.0000    2    2.000   1.0000        square
387.0000    0    2.000   1.0000          NULL 
389.0000    2    2.000   1.0000        square
391.0000    0    0.500   1.0000          NULL 
391.5000    1    2.000   1.0000          line
393.5000    0    0.500   1.0000          NULL 
394.0000    2    2.000   1.0000        square
396.0000    0    1.500   1.0000          NULL 
397.5000    1    2.000   1.0000          line
399.5000    0    0.500   1.0000          NULL 
