  0.0000    1    2.000   1.0000          line
  2.0000    0    1.100   1.0000          NULL 
  3.1000    2    2.000   1.0000        square
  5.1000    0    1.100   1.0000          NULL 
  6.2000    2    2.000   1.0000        square
  8.2000    0    1.200   1.0000          NULL 
  9.4000    1    2.000   1.0000          line
 11.4000    0    1.300   1.0000          NULL 
 12.7000    1    2.000   1.0000          line
 14.7000    0    1.100   1.0000          NULL 
 15.8000    2    2.000   1.0000        square
 17.8000    0    1.000   1.0000          NULL 
 18.8000    2    2.000   1.0000        square
 20.8000    0    1.900   1.0000          NULL 
 22.7000    1    2.000   1.0000          line
 24.7000    0    1.100   1.0000          NULL 
 25.8000    2    2.000   1.0000        square
 27.8000    0    1.300   1.0000          NULL 
 29.1000    2    2.000   1.0000        square
 31.1000    0    1.100   1.0000          NULL 
 32.2000    2    2.000   1.0000        square
 34.2000    0    1.300   1.0000          NULL 
 35.5000    2    2.000   1.0000        square
 37.5000    0    1.000   1.0000          NULL 
 38.5000    1    2.000   1.0000          line
 40.5000    0    1.600   1.0000          NULL 
 42.1000    1    2.000   1.0000          line
 44.1000    0    1.100   1.0000          NULL 
 45.2000    1    2.000   1.0000          line
 47.2000    0    1.500   1.0000          NULL 
 48.7000    2    2.000   1.0000        square
 50.7000    0    1.900   1.0000          NULL 
 52.6000    2    2.000   1.0000        square
 54.6000    0    1.000   1.0000          NULL 
 55.6000    2    2.000   1.0000        square
 57.6000    0    1.000   1.0000          NULL 
 58.6000    1    2.000   1.0000          line
 60.6000    0    1.300   1.0000          NULL 
 61.9000    2    2.000   1.0000        square
 63.9000    0    1.100   1.0000          NULL 
 65.0000    2    2.000   1.0000        square
 67.0000    0    1.100   1.0000          NULL 
 68.1000    1    2.000   1.0000          line
 70.1000    0    1.000   1.0000          NULL 
 71.1000    2    2.000   1.0000        square
 73.1000    0    1.500   1.0000          NULL 
 74.6000    2    2.000   1.0000        square
 76.6000    0    1.200   1.0000          NULL 
 77.7999    2    2.000   1.0000        square
 79.7999    0    1.000   1.0000          NULL 
 80.7999    2    2.000   1.0000        square
 82.7999    0    1.200   1.0000          NULL 
 83.9999    1    2.000   1.0000          line
 85.9999    0    1.200   1.0000          NULL 
 87.1999    1    2.000   1.0000          line
 89.1999    0    1.000   1.0000          NULL 
 90.1999    1    2.000   1.0000          line
 92.1999    0    1.700   1.0000          NULL 
 93.8999    1    2.000   1.0000          line
 95.8999    0    1.100   1.0000          NULL 
 96.9999    1    2.000   1.0000          line
 98.9999    0    1.000   1.0000          NULL 
 99.9999    1    2.000   1.0000          line
101.9999    0    1.000   1.0000          NULL 
102.9999    2    2.000   1.0000        square
104.9999    0    1.000   1.0000          NULL 
105.9999    1    2.000   1.0000          line
107.9999    0    2.000   1.0000          NULL 
109.9999    1    2.000   1.0000          line
111.9999    0    2.000   1.0000          NULL 
113.9999    1    2.000   1.0000          line
115.9999    0    1.300   1.0000          NULL 
117.2999    1    2.000   1.0000          line
119.2999    0    1.000   1.0000          NULL 
120.2999    2    2.000   1.0000        square
122.2999    0    1.300   1.0000          NULL 
123.5999    2    2.000   1.0000        square
125.5999    0    1.400   1.0000          NULL 
126.9999    1    2.000   1.0000          line
128.9999    0    1.000   1.0000          NULL 
