  0.0000    1    2.000   1.0000          line
  2.0000    0    1.000   1.0000          NULL 
  3.0000    2    2.000   1.0000        square
  5.0000    0    1.100   1.0000          NULL 
  6.1000    1    2.000   1.0000          line
  8.1000    0    1.000   1.0000          NULL 
  9.1000    2    2.000   1.0000        square
 11.1000    0    1.400   1.0000          NULL 
 12.5000    2    2.000   1.0000        square
 14.5000    0    1.200   1.0000          NULL 
 15.7000    1    2.000   1.0000          line
 17.7000    0    1.500   1.0000          NULL 
 19.2000    1    2.000   1.0000          line
 21.2000    0    1.100   1.0000          NULL 
 22.3000    1    2.000   1.0000          line
 24.3000    0    1.200   1.0000          NULL 
 25.5000    1    2.000   1.0000          line
 27.5000    0    1.400   1.0000          NULL 
 28.9000    1    2.000   1.0000          line
 30.9000    0    1.400   1.0000          NULL 
 32.3000    2    2.000   1.0000        square
 34.3000    0    1.100   1.0000          NULL 
 35.4000    2    2.000   1.0000        square
 37.4000    0    1.100   1.0000          NULL 
 38.5000    1    2.000   1.0000          line
 40.5000    0    1.100   1.0000          NULL 
 41.6000    1    2.000   1.0000          line
 43.6000    0    2.000   1.0000          NULL 
 45.6000    1    2.000   1.0000          line
 47.6000    0    1.400   1.0000          NULL 
 49.0000    1    2.000   1.0000          line
 51.0000    0    1.000   1.0000          NULL 
 52.0000    1    2.000   1.0000          line
 54.0000    0    1.000   1.0000          NULL 
 55.0000    2    2.000   1.0000        square
 57.0000    0    1.300   1.0000          NULL 
 58.3000    2    2.000   1.0000        square
 60.3000    0    1.000   1.0000          NULL 
 61.3000    2    2.000   1.0000        square
 63.3000    0    1.000   1.0000          NULL 
 64.3000    1    2.000   1.0000          line
 66.3000    0    1.200   1.0000          NULL 
 67.5000    1    2.000   1.0000          line
 69.5000    0    1.000   1.0000          NULL 
 70.5000    1    2.000   1.0000          line
 72.5000    0    1.900   1.0000          NULL 
 74.4000    1    2.000   1.0000          line
 76.4000    0    1.100   1.0000          NULL 
 77.5000    1    2.000   1.0000          line
 79.5000    0    2.000   1.0000          NULL 
 81.4999    2    2.000   1.0000        square
 83.4999    0    1.400   1.0000          NULL 
 84.8999    2    2.000   1.0000        square
 86.8999    0    1.000   1.0000          NULL 
 87.8999    2    2.000   1.0000        square
 89.8999    0    1.000   1.0000          NULL 
 90.8999    2    2.000   1.0000        square
 92.8999    0    1.000   1.0000          NULL 
 93.8999    2    2.000   1.0000        square
 95.8999    0    1.100   1.0000          NULL 
 96.9999    2    2.000   1.0000        square
 98.9999    0    1.900   1.0000          NULL 
100.8999    2    2.000   1.0000        square
102.8999    0    1.100   1.0000          NULL 
103.9999    2    2.000   1.0000        square
105.9999    0    1.100   1.0000          NULL 
107.0999    2    2.000   1.0000        square
109.0999    0    2.000   1.0000          NULL 
111.0999    1    2.000   1.0000          line
113.0999    0    1.100   1.0000          NULL 
114.1999    2    2.000   1.0000        square
116.1999    0    1.000   1.0000          NULL 
117.1999    2    2.000   1.0000        square
119.1999    0    1.200   1.0000          NULL 
120.3999    2    2.000   1.0000        square
122.3999    0    1.200   1.0000          NULL 
123.5999    1    2.000   1.0000          line
125.5999    0    1.200   1.0000          NULL 
126.7999    1    2.000   1.0000          line
128.7999    0    1.200   1.0000          NULL 
