  0.0000    2    2.000   1.0000        square
  2.0000    0    2.500   1.0000          NULL 
  4.5000    1    2.000   1.0000          line
  6.5000    0    0.500   1.0000          NULL 
  7.0000    1    2.000   1.0000          line
  9.0000    0    3.500   1.0000          NULL 
 12.5000    1    2.000   1.0000          line
 14.5000    0    1.000   1.0000          NULL 
 15.5000    1    2.000   1.0000          line
 17.5000    0    0.500   1.0000          NULL 
 18.0000    2    2.000   1.0000        square
 20.0000    0    1.000   1.0000          NULL 
 21.0000    2    2.000   1.0000        square
 23.0000    0    3.000   1.0000          NULL 
 26.0000    2    2.000   1.0000        square
 28.0000    0    3.500   1.0000          NULL 
 31.5000    1    2.000   1.0000          line
 33.5000    0    0.500   1.0000          NULL 
 34.0000    2    2.000   1.0000        square
 36.0000    0    2.000   1.0000          NULL 
 38.0000    2    2.000   1.0000        square
 40.0000    0    0.500   1.0000          NULL 
 40.5000    1    2.000   1.0000          line
 42.5000    0    0.500   1.0000          NULL 
 43.0000    1    2.000   1.0000          line
 45.0000    0    1.500   1.0000          NULL 
 46.5000    2    2.000   1.0000        square
 48.5000    0    1.000   1.0000          NULL 
 49.5000    1    2.000   1.0000          line
 51.5000    0    0.500   1.0000          NULL 
 52.0000    1    2.000   1.0000          line
 54.0000    0    3.500   1.0000          NULL 
 57.5000    1    2.000   1.0000          line
 59.5000    0    0.500   1.0000          NULL 
 60.0000    1    2.000   1.0000          line
 62.0000    0    1.000   1.0000          NULL 
 63.0000    1    2.000   1.0000          line
 65.0000    0    1.000   1.0000          NULL 
 66.0000    2    2.000   1.0000        square
 68.0000    0    0.500   1.0000          NULL 
 68.5000    2    2.000   1.0000        square
 70.5000    0    1.000   1.0000          NULL 
 71.5000    1    2.000   1.0000          line
 73.5000    0    1.000   1.0000          NULL 
 74.5000    2    2.000   1.0000        square
 76.5000    0    4.000   1.0000          NULL 
 80.5000    2    2.000   1.0000        square
 82.5000    0    0.500   1.0000          NULL 
 83.0000    1    2.000   1.0000          line
 85.0000    0    0.500   1.0000          NULL 
 85.5000    1    2.000   1.0000          line
 87.5000    0    2.500   1.0000          NULL 
 90.0000    1    2.000   1.0000          line
 92.0000    0    1.500   1.0000          NULL 
 93.5000    1    2.000   1.0000          line
 95.5000    0    2.000   1.0000          NULL 
 97.5000    1    2.000   1.0000          line
 99.5000    0    1.000   1.0000          NULL 
100.5000    2    2.000   1.0000        square
102.5000    0    1.000   1.0000          NULL 
103.5000    1    2.000   1.0000          line
105.5000    0    0.500   1.0000          NULL 
106.0000    2    2.000   1.0000        square
108.0000    0    0.500   1.0000          NULL 
108.5000    1    2.000   1.0000          line
110.5000    0    3.000   1.0000          NULL 
113.5000    1    2.000   1.0000          line
115.5000    0    1.500   1.0000          NULL 
117.0000    2    2.000   1.0000        square
119.0000    0    0.500   1.0000          NULL 
119.5000    1    2.000   1.0000          line
121.5000    0    3.000   1.0000          NULL 
124.5000    1    2.000   1.0000          line
126.5000    0    0.500   1.0000          NULL 
127.0000    2    2.000   1.0000        square
129.0000    0    0.500   1.0000          NULL 
129.5000    2    2.000   1.0000        square
131.5000    0    0.500   1.0000          NULL 
132.0000    2    2.000   1.0000        square
134.0000    0    3.000   1.0000          NULL 
137.0000    1    2.000   1.0000          line
139.0000    0    1.000   1.0000          NULL 
140.0000    1    2.000   1.0000          line
142.0000    0    1.000   1.0000          NULL 
143.0000    2    2.000   1.0000        square
145.0000    0    2.500   1.0000          NULL 
147.5000    2    2.000   1.0000        square
149.5000    0    2.500   1.0000          NULL 
152.0000    1    2.000   1.0000          line
154.0000    0    1.000   1.0000          NULL 
155.0000    1    2.000   1.0000          line
157.0000    0    4.000   1.0000          NULL 
161.0000    1    2.000   1.0000          line
163.0000    0    0.500   1.0000          NULL 
163.5000    1    2.000   1.0000          line
165.5000    0    1.500   1.0000          NULL 
167.0000    2    2.000   1.0000        square
169.0000    0    1.000   1.0000          NULL 
170.0000    2    2.000   1.0000        square
172.0000    0    0.500   1.0000          NULL 
172.5000    2    2.000   1.0000        square
174.5000    0    1.500   1.0000          NULL 
176.0000    2    2.000   1.0000        square
178.0000    0    1.000   1.0000          NULL 
179.0000    2    2.000   1.0000        square
181.0000    0    1.000   1.0000          NULL 
182.0000    1    2.000   1.0000          line
184.0000    0    0.500   1.0000          NULL 
184.5000    1    2.000   1.0000          line
186.5000    0    1.000   1.0000          NULL 
187.5000    2    2.000   1.0000        square
189.5000    0    1.500   1.0000          NULL 
191.0000    1    2.000   1.0000          line
193.0000    0    0.500   1.0000          NULL 
193.5000    2    2.000   1.0000        square
195.5000    0    1.000   1.0000          NULL 
196.5000    2    2.000   1.0000        square
198.5000    0    0.500   1.0000          NULL 
199.0000    2    2.000   1.0000        square
201.0000    0    1.000   1.0000          NULL 
202.0000    1    2.000   1.0000          line
204.0000    0    0.500   1.0000          NULL 
204.5000    2    2.000   1.0000        square
206.5000    0    1.000   1.0000          NULL 
207.5000    2    2.000   1.0000        square
209.5000    0    0.500   1.0000          NULL 
210.0000    1    2.000   1.0000          line
212.0000    0    0.500   1.0000          NULL 
212.5000    2    2.000   1.0000        square
214.5000    0    2.000   1.0000          NULL 
216.5000    1    2.000   1.0000          line
218.5000    0    1.500   1.0000          NULL 
220.0000    2    2.000   1.0000        square
222.0000    0    1.000   1.0000          NULL 
223.0000    2    2.000   1.0000        square
225.0000    0    0.500   1.0000          NULL 
225.5000    2    2.000   1.0000        square
227.5000    0    0.500   1.0000          NULL 
228.0000    2    2.000   1.0000        square
230.0000    0    3.500   1.0000          NULL 
233.5000    2    2.000   1.0000        square
235.5000    0    4.000   1.0000          NULL 
239.5000    2    2.000   1.0000        square
241.5000    0    1.000   1.0000          NULL 
242.5000    1    2.000   1.0000          line
244.5000    0    0.500   1.0000          NULL 
245.0000    2    2.000   1.0000        square
247.0000    0    0.500   1.0000          NULL 
247.5000    2    2.000   1.0000        square
249.5000    0    3.500   1.0000          NULL 
253.0000    2    2.000   1.0000        square
255.0000    0    0.500   1.0000          NULL 
255.5000    2    2.000   1.0000        square
257.5000    0    1.000   1.0000          NULL 
258.5000    2    2.000   1.0000        square
260.5000    0    0.500   1.0000          NULL 
261.0000    2    2.000   1.0000        square
263.0000    0    0.500   1.0000          NULL 
263.5000    1    2.000   1.0000          line
265.5000    0    0.500   1.0000          NULL 
266.0000    1    2.000   1.0000          line
268.0000    0    0.500   1.0000          NULL 
268.5000    1    2.000   1.0000          line
270.5000    0    1.000   1.0000          NULL 
271.5000    1    2.000   1.0000          line
273.5000    0    2.500   1.0000          NULL 
276.0000    2    2.000   1.0000        square
278.0000    0    2.500   1.0000          NULL 
280.5000    1    2.000   1.0000          line
282.5000    0    1.000   1.0000          NULL 
283.5000    1    2.000   1.0000          line
285.5000    0    3.000   1.0000          NULL 
288.5000    2    2.000   1.0000        square
290.5000    0    1.000   1.0000          NULL 
291.5000    1    2.000   1.0000          line
293.5000    0    2.500   1.0000          NULL 
296.0000    2    2.000   1.0000        square
298.0000    0    1.500   1.0000          NULL 
299.5000    1    2.000   1.0000          line
301.5000    0    1.000   1.0000          NULL 
302.5000    2    2.000   1.0000        square
304.5000    0    1.500   1.0000          NULL 
306.0000    1    2.000   1.0000          line
308.0000    0    1.500   1.0000          NULL 
309.5000    2    2.000   1.0000        square
311.5000    0    0.500   1.0000          NULL 
312.0000    2    2.000   1.0000        square
314.0000    0    1.000   1.0000          NULL 
315.0000    2    2.000   1.0000        square
317.0000    0    1.000   1.0000          NULL 
318.0000    2    2.000   1.0000        square
320.0000    0    1.500   1.0000          NULL 
321.5000    2    2.000   1.0000        square
323.5000    0    0.500   1.0000          NULL 
324.0000    2    2.000   1.0000        square
326.0000    0    0.500   1.0000          NULL 
326.5000    1    2.000   1.0000          line
328.5000    0    0.500   1.0000          NULL 
329.0000    2    2.000   1.0000        square
331.0000    0    2.000   1.0000          NULL 
333.0000    2    2.000   1.0000        square
335.0000    0    1.500   1.0000          NULL 
336.5000    1    2.000   1.0000          line
338.5000    0    0.500   1.0000          NULL 
339.0000    1    2.000   1.0000          line
341.0000    0    0.500   1.0000          NULL 
341.5000    2    2.000   1.0000        square
343.5000    0    1.000   1.0000          NULL 
344.5000    2    2.000   1.0000        square
346.5000    0    0.500   1.0000          NULL 
347.0000    1    2.000   1.0000          line
349.0000    0    2.000   1.0000          NULL 
351.0000    1    2.000   1.0000          line
353.0000    0    0.500   1.0000          NULL 
353.5000    1    2.000   1.0000          line
355.5000    0    3.500   1.0000          NULL 
359.0000    1    2.000   1.0000          line
361.0000    0    2.000   1.0000          NULL 
363.0000    1    2.000   1.0000          line
365.0000    0    1.500   1.0000          NULL 
366.5000    1    2.000   1.0000          line
368.5000    0    3.000   1.0000          NULL 
371.5000    1    2.000   1.0000          line
373.5000    0    1.000   1.0000          NULL 
374.5000    1    2.000   1.0000          line
376.5000    0    1.000   1.0000          NULL 
377.5000    2    2.000   1.0000        square
379.5000    0    0.500   1.0000          NULL 
380.0000    1    2.000   1.0000          line
382.0000    0    1.000   1.0000          NULL 
383.0000    2    2.000   1.0000        square
385.0000    0    1.500   1.0000          NULL 
386.5000    1    2.000   1.0000          line
388.5000    0    1.000   1.0000          NULL 
389.5000    1    2.000   1.0000          line
391.5000    0    2.000   1.0000          NULL 
393.5000    1    2.000   1.0000          line
395.5000    0    1.000   1.0000          NULL 
396.5000    2    2.000   1.0000        square
398.5000    0    1.500   1.0000          NULL 
