  0.0000    1    2.000   1.0000          line
  2.0000    0    1.000   1.0000          NULL 
  3.0000    2    2.000   1.0000        square
  5.0000    0    1.500   1.0000          NULL 
  6.5000    1    2.000   1.0000          line
  8.5000    0    1.800   1.0000          NULL 
 10.3000    1    2.000   1.0000          line
 12.3000    0    1.000   1.0000          NULL 
 13.3000    1    2.000   1.0000          line
 15.3000    0    1.900   1.0000          NULL 
 17.2000    2    2.000   1.0000        square
 19.2000    0    1.400   1.0000          NULL 
 20.6000    1    2.000   1.0000          line
 22.6000    0    1.100   1.0000          NULL 
 23.7000    1    2.000   1.0000          line
 25.7000    0    1.300   1.0000          NULL 
 27.0000    2    2.000   1.0000        square
 29.0000    0    1.000   1.0000          NULL 
 30.0000    2    2.000   1.0000        square
 32.0000    0    1.100   1.0000          NULL 
 33.1000    2    2.000   1.0000        square
 35.1000    0    1.400   1.0000          NULL 
 36.5000    2    2.000   1.0000        square
 38.5000    0    1.000   1.0000          NULL 
 39.5000    1    2.000   1.0000          line
 41.5000    0    1.100   1.0000          NULL 
 42.6000    1    2.000   1.0000          line
 44.6000    0    1.400   1.0000          NULL 
 46.0000    2    2.000   1.0000        square
 48.0000    0    1.000   1.0000          NULL 
 49.0000    1    2.000   1.0000          line
 51.0000    0    1.100   1.0000          NULL 
 52.1000    1    2.000   1.0000          line
 54.1000    0    1.000   1.0000          NULL 
 55.1000    2    2.000   1.0000        square
 57.1000    0    1.100   1.0000          NULL 
 58.2000    2    2.000   1.0000        square
 60.2000    0    1.300   1.0000          NULL 
 61.5000    2    2.000   1.0000        square
 63.5000    0    1.000   1.0000          NULL 
 64.5000    2    2.000   1.0000        square
 66.5000    0    1.500   1.0000          NULL 
 68.0000    1    2.000   1.0000          line
 70.0000    0    1.000   1.0000          NULL 
 71.0000    1    2.000   1.0000          line
 73.0000    0    1.000   1.0000          NULL 
 74.0000    1    2.000   1.0000          line
 76.0000    0    1.800   1.0000          NULL 
 77.8000    2    2.000   1.0000        square
 79.8000    0    1.100   1.0000          NULL 
 80.9000    1    2.000   1.0000          line
 82.9000    0    1.200   1.0000          NULL 
 84.1000    2    2.000   1.0000        square
 86.1000    0    1.200   1.0000          NULL 
 87.3000    1    2.000   1.0000          line
 89.3000    0    1.000   1.0000          NULL 
 90.3000    2    2.000   1.0000        square
 92.3000    0    1.000   1.0000          NULL 
 93.3000    1    2.000   1.0000          line
 95.3000    0    1.500   1.0000          NULL 
 96.7999    2    2.000   1.0000        square
 98.7999    0    1.900   1.0000          NULL 
100.6999    1    2.000   1.0000          line
102.6999    0    1.100   1.0000          NULL 
103.7999    2    2.000   1.0000        square
105.7999    0    1.100   1.0000          NULL 
106.8999    2    2.000   1.0000        square
108.8999    0    1.300   1.0000          NULL 
110.1999    1    2.000   1.0000          line
112.1999    0    1.100   1.0000          NULL 
113.2999    2    2.000   1.0000        square
115.2999    0    2.000   1.0000          NULL 
117.2999    2    2.000   1.0000        square
119.2999    0    1.000   1.0000          NULL 
120.2999    2    2.000   1.0000        square
122.2999    0    1.100   1.0000          NULL 
123.3999    1    2.000   1.0000          line
125.3999    0    1.300   1.0000          NULL 
126.6999    1    2.000   1.0000          line
128.6999    0    1.300   1.0000          NULL 
