  0.0000    1    2.000   1.0000          line
  2.0000    0    0.500   1.0000          NULL 
  2.5000    1    2.000   1.0000          line
  4.5000    0    1.000   1.0000          NULL 
  5.5000    2    2.000   1.0000        square
  7.5000    0    0.500   1.0000          NULL 
  8.0000    2    2.000   1.0000        square
 10.0000    0    1.500   1.0000          NULL 
 11.5000    2    2.000   1.0000        square
 13.5000    0    1.500   1.0000          NULL 
 15.0000    1    2.000   1.0000          line
 17.0000    0    2.000   1.0000          NULL 
 19.0000    1    2.000   1.0000          line
 21.0000    0    1.000   1.0000          NULL 
 22.0000    2    2.000   1.0000        square
 24.0000    0    1.500   1.0000          NULL 
 25.5000    1    2.000   1.0000          line
 27.5000    0    1.000   1.0000          NULL 
 28.5000    1    2.000   1.0000          line
 30.5000    0    2.500   1.0000          NULL 
 33.0000    2    2.000   1.0000        square
 35.0000    0    2.000   1.0000          NULL 
 37.0000    1    2.000   1.0000          line
 39.0000    0    1.500   1.0000          NULL 
 40.5000    1    2.000   1.0000          line
 42.5000    0    3.500   1.0000          NULL 
 46.0000    1    2.000   1.0000          line
 48.0000    0    0.500   1.0000          NULL 
 48.5000    2    2.000   1.0000        square
 50.5000    0    2.500   1.0000          NULL 
 53.0000    1    2.000   1.0000          line
 55.0000    0    2.500   1.0000          NULL 
 57.5000    1    2.000   1.0000          line
 59.5000    0    0.500   1.0000          NULL 
 60.0000    2    2.000   1.0000        square
 62.0000    0    0.500   1.0000          NULL 
 62.5000    2    2.000   1.0000        square
 64.5000    0    1.000   1.0000          NULL 
 65.5000    1    2.000   1.0000          line
 67.5000    0    0.500   1.0000          NULL 
 68.0000    1    2.000   1.0000          line
 70.0000    0    0.500   1.0000          NULL 
 70.5000    2    2.000   1.0000        square
 72.5000    0    2.000   1.0000          NULL 
 74.5000    1    2.000   1.0000          line
 76.5000    0    3.000   1.0000          NULL 
 79.5000    1    2.000   1.0000          line
 81.5000    0    2.000   1.0000          NULL 
 83.5000    2    2.000   1.0000        square
 85.5000    0    3.000   1.0000          NULL 
 88.5000    2    2.000   1.0000        square
 90.5000    0    0.500   1.0000          NULL 
 91.0000    1    2.000   1.0000          line
 93.0000    0    0.500   1.0000          NULL 
 93.5000    2    2.000   1.0000        square
 95.5000    0    1.000   1.0000          NULL 
 96.5000    2    2.000   1.0000        square
 98.5000    0    2.500   1.0000          NULL 
101.0000    1    2.000   1.0000          line
103.0000    0    0.500   1.0000          NULL 
103.5000    1    2.000   1.0000          line
105.5000    0    1.500   1.0000          NULL 
107.0000    1    2.000   1.0000          line
109.0000    0    1.000   1.0000          NULL 
110.0000    2    2.000   1.0000        square
112.0000    0    0.500   1.0000          NULL 
112.5000    1    2.000   1.0000          line
114.5000    0    1.500   1.0000          NULL 
116.0000    1    2.000   1.0000          line
118.0000    0    1.500   1.0000          NULL 
119.5000    2    2.000   1.0000        square
121.5000    0    1.000   1.0000          NULL 
122.5000    1    2.000   1.0000          line
124.5000    0    0.500   1.0000          NULL 
125.0000    2    2.000   1.0000        square
127.0000    0    1.500   1.0000          NULL 
128.5000    1    2.000   1.0000          line
130.5000    0    0.500   1.0000          NULL 
131.0000    1    2.000   1.0000          line
133.0000    0    0.500   1.0000          NULL 
133.5000    1    2.000   1.0000          line
135.5000    0    1.000   1.0000          NULL 
136.5000    2    2.000   1.0000        square
138.5000    0    0.500   1.0000          NULL 
139.0000    2    2.000   1.0000        square
141.0000    0    1.000   1.0000          NULL 
142.0000    2    2.000   1.0000        square
144.0000    0    1.500   1.0000          NULL 
145.5000    2    2.000   1.0000        square
147.5000    0    0.500   1.0000          NULL 
148.0000    1    2.000   1.0000          line
150.0000    0    1.000   1.0000          NULL 
151.0000    1    2.000   1.0000          line
153.0000    0    0.500   1.0000          NULL 
153.5000    2    2.000   1.0000        square
155.5000    0    0.500   1.0000          NULL 
156.0000    2    2.000   1.0000        square
158.0000    0    4.000   1.0000          NULL 
162.0000    2    2.000   1.0000        square
164.0000    0    2.500   1.0000          NULL 
166.5000    2    2.000   1.0000        square
168.5000    0    0.500   1.0000          NULL 
169.0000    1    2.000   1.0000          line
171.0000    0    0.500   1.0000          NULL 
171.5000    1    2.000   1.0000          line
173.5000    0    3.000   1.0000          NULL 
176.5000    2    2.000   1.0000        square
178.5000    0    0.500   1.0000          NULL 
179.0000    1    2.000   1.0000          line
181.0000    0    2.000   1.0000          NULL 
183.0000    2    2.000   1.0000        square
185.0000    0    1.500   1.0000          NULL 
186.5000    1    2.000   1.0000          line
188.5000    0    2.000   1.0000          NULL 
190.5000    2    2.000   1.0000        square
192.5000    0    0.500   1.0000          NULL 
193.0000    2    2.000   1.0000        square
195.0000    0    1.000   1.0000          NULL 
196.0000    1    2.000   1.0000          line
198.0000    0    1.500   1.0000          NULL 
199.5000    2    2.000   1.0000        square
201.5000    0    2.000   1.0000          NULL 
203.5000    2    2.000   1.0000        square
205.5000    0    1.000   1.0000          NULL 
206.5000    2    2.000   1.0000        square
208.5000    0    0.500   1.0000          NULL 
209.0000    2    2.000   1.0000        square
211.0000    0    1.500   1.0000          NULL 
212.5000    1    2.000   1.0000          line
214.5000    0    2.500   1.0000          NULL 
217.0000    2    2.000   1.0000        square
219.0000    0    0.500   1.0000          NULL 
219.5000    2    2.000   1.0000        square
221.5000    0    2.000   1.0000          NULL 
223.5000    2    2.000   1.0000        square
225.5000    0    0.500   1.0000          NULL 
226.0000    1    2.000   1.0000          line
228.0000    0    3.500   1.0000          NULL 
231.5000    2    2.000   1.0000        square
233.5000    0    0.500   1.0000          NULL 
234.0000    1    2.000   1.0000          line
236.0000    0    2.000   1.0000          NULL 
238.0000    1    2.000   1.0000          line
240.0000    0    0.500   1.0000          NULL 
240.5000    2    2.000   1.0000        square
242.5000    0    0.500   1.0000          NULL 
243.0000    1    2.000   1.0000          line
245.0000    0    3.500   1.0000          NULL 
248.5000    2    2.000   1.0000        square
250.5000    0    1.500   1.0000          NULL 
252.0000    1    2.000   1.0000          line
254.0000    0    0.500   1.0000          NULL 
254.5000    1    2.000   1.0000          line
256.5000    0    0.500   1.0000          NULL 
257.0000    2    2.000   1.0000        square
259.0000    0    0.500   1.0000          NULL 
259.5000    1    2.000   1.0000          line
261.5000    0    1.000   1.0000          NULL 
262.5000    1    2.000   1.0000          line
264.5000    0    1.500   1.0000          NULL 
266.0000    2    2.000   1.0000        square
268.0000    0    2.000   1.0000          NULL 
270.0000    2    2.000   1.0000        square
272.0000    0    1.500   1.0000          NULL 
273.5000    1    2.000   1.0000          line
275.5000    0    1.500   1.0000          NULL 
277.0000    2    2.000   1.0000        square
279.0000    0    1.000   1.0000          NULL 
280.0000    1    2.000   1.0000          line
282.0000    0    1.500   1.0000          NULL 
283.5000    1    2.000   1.0000          line
285.5000    0    4.000   1.0000          NULL 
289.5000    2    2.000   1.0000        square
291.5000    0    1.000   1.0000          NULL 
292.5000    2    2.000   1.0000        square
294.5000    0    1.500   1.0000          NULL 
296.0000    1    2.000   1.0000          line
298.0000    0    1.000   1.0000          NULL 
299.0000    2    2.000   1.0000        square
301.0000    0    2.000   1.0000          NULL 
303.0000    2    2.000   1.0000        square
305.0000    0    1.000   1.0000          NULL 
306.0000    1    2.000   1.0000          line
308.0000    0    0.500   1.0000          NULL 
308.5000    2    2.000   1.0000        square
310.5000    0    1.500   1.0000          NULL 
312.0000    2    2.000   1.0000        square
314.0000    0    0.500   1.0000          NULL 
314.5000    1    2.000   1.0000          line
316.5000    0    1.000   1.0000          NULL 
317.5000    1    2.000   1.0000          line
319.5000    0    0.500   1.0000          NULL 
320.0000    2    2.000   1.0000        square
322.0000    0    1.500   1.0000          NULL 
323.5000    2    2.000   1.0000        square
325.5000    0    2.000   1.0000          NULL 
327.5000    2    2.000   1.0000        square
329.5000    0    3.000   1.0000          NULL 
332.5000    1    2.000   1.0000          line
334.5000    0    1.000   1.0000          NULL 
335.5000    1    2.000   1.0000          line
337.5000    0    0.500   1.0000          NULL 
338.0000    1    2.000   1.0000          line
340.0000    0    0.500   1.0000          NULL 
340.5000    1    2.000   1.0000          line
342.5000    0    0.500   1.0000          NULL 
343.0000    1    2.000   1.0000          line
345.0000    0    0.500   1.0000          NULL 
345.5000    2    2.000   1.0000        square
347.5000    0    1.000   1.0000          NULL 
348.5000    1    2.000   1.0000          line
350.5000    0    1.000   1.0000          NULL 
351.5000    2    2.000   1.0000        square
353.5000    0    1.500   1.0000          NULL 
355.0000    1    2.000   1.0000          line
357.0000    0    1.500   1.0000          NULL 
358.5000    1    2.000   1.0000          line
360.5000    0    1.000   1.0000          NULL 
361.5000    2    2.000   1.0000        square
363.5000    0    0.500   1.0000          NULL 
364.0000    2    2.000   1.0000        square
366.0000    0    1.000   1.0000          NULL 
367.0000    2    2.000   1.0000        square
369.0000    0    2.000   1.0000          NULL 
371.0000    2    2.000   1.0000        square
373.0000    0    1.000   1.0000          NULL 
374.0000    2    2.000   1.0000        square
376.0000    0    0.500   1.0000          NULL 
376.5000    1    2.000   1.0000          line
378.5000    0    3.500   1.0000          NULL 
382.0000    1    2.000   1.0000          line
384.0000    0    2.500   1.0000          NULL 
386.5000    2    2.000   1.0000        square
388.5000    0    3.000   1.0000          NULL 
391.5000    1    2.000   1.0000          line
393.5000    0    1.500   1.0000          NULL 
395.0000    1    2.000   1.0000          line
397.0000    0    0.500   1.0000          NULL 
397.5000    2    2.000   1.0000        square
399.5000    0    0.500   1.0000          NULL 
