  0.0000    1    2.000   1.0000          line
  2.0000    0    2.000   1.0000          NULL 
  4.0000    2    2.000   1.0000        square
  6.0000    0    0.500   1.0000          NULL 
  6.5000    2    2.000   1.0000        square
  8.5000    0    3.500   1.0000          NULL 
 12.0000    1    2.000   1.0000          line
 14.0000    0    0.500   1.0000          NULL 
 14.5000    1    2.000   1.0000          line
 16.5000    0    1.000   1.0000          NULL 
 17.5000    1    2.000   1.0000          line
 19.5000    0    0.500   1.0000          NULL 
 20.0000    1    2.000   1.0000          line
 22.0000    0    0.500   1.0000          NULL 
 22.5000    2    2.000   1.0000        square
 24.5000    0    1.000   1.0000          NULL 
 25.5000    1    2.000   1.0000          line
 27.5000    0    0.500   1.0000          NULL 
 28.0000    1    2.000   1.0000          line
 30.0000    0    0.500   1.0000          NULL 
 30.5000    1    2.000   1.0000          line
 32.5000    0    0.500   1.0000          NULL 
 33.0000    1    2.000   1.0000          line
 35.0000    0    0.500   1.0000          NULL 
 35.5000    2    2.000   1.0000        square
 37.5000    0    0.500   1.0000          NULL 
 38.0000    2    2.000   1.0000        square
 40.0000    0    2.000   1.0000          NULL 
 42.0000    1    2.000   1.0000          line
 44.0000    0    1.500   1.0000          NULL 
 45.5000    2    2.000   1.0000        square
 47.5000    0    1.500   1.0000          NULL 
 49.0000    1    2.000   1.0000          line
 51.0000    0    1.000   1.0000          NULL 
 52.0000    2    2.000   1.0000        square
 54.0000    0    0.500   1.0000          NULL 
 54.5000    1    2.000   1.0000          line
 56.5000    0    2.000   1.0000          NULL 
 58.5000    1    2.000   1.0000          line
 60.5000    0    0.500   1.0000          NULL 
 61.0000    1    2.000   1.0000          line
 63.0000    0    2.000   1.0000          NULL 
 65.0000    2    2.000   1.0000        square
 67.0000    0    1.000   1.0000          NULL 
 68.0000    2    2.000   1.0000        square
 70.0000    0    1.500   1.0000          NULL 
 71.5000    1    2.000   1.0000          line
 73.5000    0    2.500   1.0000          NULL 
 76.0000    2    2.000   1.0000        square
 78.0000    0    2.500   1.0000          NULL 
 80.5000    2    2.000   1.0000        square
 82.5000    0    1.000   1.0000          NULL 
 83.5000    1    2.000   1.0000          line
 85.5000    0    1.500   1.0000          NULL 
 87.0000    1    2.000   1.0000          line
 89.0000    0    3.500   1.0000          NULL 
 92.5000    2    2.000   1.0000        square
 94.5000    0    0.500   1.0000          NULL 
 95.0000    2    2.000   1.0000        square
 97.0000    0    2.000   1.0000          NULL 
 99.0000    1    2.000   1.0000          line
101.0000    0    2.000   1.0000          NULL 
103.0000    1    2.000   1.0000          line
105.0000    0    1.000   1.0000          NULL 
106.0000    1    2.000   1.0000          line
108.0000    0    0.500   1.0000          NULL 
108.5000    1    2.000   1.0000          line
110.5000    0    0.500   1.0000          NULL 
111.0000    2    2.000   1.0000        square
113.0000    0    4.000   1.0000          NULL 
117.0000    2    2.000   1.0000        square
119.0000    0    1.000   1.0000          NULL 
120.0000    2    2.000   1.0000        square
122.0000    0    0.500   1.0000          NULL 
122.5000    2    2.000   1.0000        square
124.5000    0    0.500   1.0000          NULL 
125.0000    2    2.000   1.0000        square
127.0000    0    1.000   1.0000          NULL 
128.0000    2    2.000   1.0000        square
130.0000    0    3.000   1.0000          NULL 
133.0000    2    2.000   1.0000        square
135.0000    0    2.000   1.0000          NULL 
137.0000    1    2.000   1.0000          line
139.0000    0    0.500   1.0000          NULL 
139.5000    1    2.000   1.0000          line
141.5000    0    0.500   1.0000          NULL 
142.0000    1    2.000   1.0000          line
144.0000    0    2.000   1.0000          NULL 
146.0000    2    2.000   1.0000        square
148.0000    0    4.000   1.0000          NULL 
152.0000    1    2.000   1.0000          line
154.0000    0    0.500   1.0000          NULL 
154.5000    1    2.000   1.0000          line
156.5000    0    1.500   1.0000          NULL 
158.0000    2    2.000   1.0000        square
160.0000    0    0.500   1.0000          NULL 
160.5000    1    2.000   1.0000          line
162.5000    0    0.500   1.0000          NULL 
163.0000    1    2.000   1.0000          line
165.0000    0    0.500   1.0000          NULL 
165.5000    2    2.000   1.0000        square
167.5000    0    3.500   1.0000          NULL 
171.0000    2    2.000   1.0000        square
173.0000    0    0.500   1.0000          NULL 
173.5000    1    2.000   1.0000          line
175.5000    0    2.000   1.0000          NULL 
177.5000    2    2.000   1.0000        square
179.5000    0    2.000   1.0000          NULL 
181.5000    2    2.000   1.0000        square
183.5000    0    3.000   1.0000          NULL 
186.5000    1    2.000   1.0000          line
188.5000    0    1.000   1.0000          NULL 
189.5000    1    2.000   1.0000          line
191.5000    0    0.500   1.0000          NULL 
192.0000    1    2.000   1.0000          line
194.0000    0    1.000   1.0000          NULL 
195.0000    1    2.000   1.0000          line
197.0000    0    0.500   1.0000          NULL 
197.5000    1    2.000   1.0000          line
199.5000    0    1.500   1.0000          NULL 
201.0000    2    2.000   1.0000        square
203.0000    0    0.500   1.0000          NULL 
203.5000    2    2.000   1.0000        square
205.5000    0    1.000   1.0000          NULL 
206.5000    1    2.000   1.0000          line
208.5000    0    1.000   1.0000          NULL 
209.5000    2    2.000   1.0000        square
211.5000    0    0.500   1.0000          NULL 
212.0000    2    2.000   1.0000        square
214.0000    0    0.500   1.0000          NULL 
214.5000    2    2.000   1.0000        square
216.5000    0    4.000   1.0000          NULL 
220.5000    1    2.000   1.0000          line
222.5000    0    0.500   1.0000          NULL 
223.0000    2    2.000   1.0000        square
225.0000    0    1.500   1.0000          NULL 
226.5000    1    2.000   1.0000          line
228.5000    0    1.500   1.0000          NULL 
230.0000    1    2.000   1.0000          line
232.0000    0    0.500   1.0000          NULL 
232.5000    2    2.000   1.0000        square
234.5000    0    1.500   1.0000          NULL 
236.0000    2    2.000   1.0000        square
238.0000    0    0.500   1.0000          NULL 
238.5000    2    2.000   1.0000        square
240.5000    0    3.500   1.0000          NULL 
244.0000    1    2.000   1.0000          line
246.0000    0    0.500   1.0000          NULL 
246.5000    2    2.000   1.0000        square
248.5000    0    0.500   1.0000          NULL 
249.0000    2    2.000   1.0000        square
251.0000    0    1.500   1.0000          NULL 
252.5000    2    2.000   1.0000        square
254.5000    0    3.500   1.0000          NULL 
258.0000    1    2.000   1.0000          line
260.0000    0    0.500   1.0000          NULL 
260.5000    1    2.000   1.0000          line
262.5000    0    3.500   1.0000          NULL 
266.0000    1    2.000   1.0000          line
268.0000    0    0.500   1.0000          NULL 
268.5000    2    2.000   1.0000        square
270.5000    0    0.500   1.0000          NULL 
271.0000    2    2.000   1.0000        square
273.0000    0    1.000   1.0000          NULL 
274.0000    1    2.000   1.0000          line
276.0000    0    0.500   1.0000          NULL 
276.5000    2    2.000   1.0000        square
278.5000    0    2.000   1.0000          NULL 
280.5000    1    2.000   1.0000          line
282.5000    0    0.500   1.0000          NULL 
283.0000    1    2.000   1.0000          line
285.0000    0    1.500   1.0000          NULL 
286.5000    2    2.000   1.0000        square
288.5000    0    2.500   1.0000          NULL 
291.0000    2    2.000   1.0000        square
293.0000    0    0.500   1.0000          NULL 
293.5000    2    2.000   1.0000        square
295.5000    0    0.500   1.0000          NULL 
296.0000    2    2.000   1.0000        square
298.0000    0    1.000   1.0000          NULL 
299.0000    2    2.000   1.0000        square
301.0000    0    1.500   1.0000          NULL 
302.5000    2    2.000   1.0000        square
304.5000    0    1.000   1.0000          NULL 
305.5000    1    2.000   1.0000          line
307.5000    0    3.500   1.0000          NULL 
311.0000    1    2.000   1.0000          line
313.0000    0    1.000   1.0000          NULL 
314.0000    1    2.000   1.0000          line
316.0000    0    1.500   1.0000          NULL 
317.5000    2    2.000   1.0000        square
319.5000    0    2.000   1.0000          NULL 
321.5000    2    2.000   1.0000        square
323.5000    0    1.000   1.0000          NULL 
324.5000    1    2.000   1.0000          line
326.5000    0    1.500   1.0000          NULL 
328.0000    2    2.000   1.0000        square
330.0000    0    1.500   1.0000          NULL 
331.5000    1    2.000   1.0000          line
333.5000    0    1.500   1.0000          NULL 
335.0000    1    2.000   1.0000          line
337.0000    0    1.500   1.0000          NULL 
338.5000    2    2.000   1.0000        square
340.5000    0    0.500   1.0000          NULL 
341.0000    2    2.000   1.0000        square
343.0000    0    2.000   1.0000          NULL 
345.0000    2    2.000   1.0000        square
347.0000    0    0.500   1.0000          NULL 
347.5000    2    2.000   1.0000        square
349.5000    0    1.000   1.0000          NULL 
350.5000    2    2.000   1.0000        square
352.5000    0    1.000   1.0000          NULL 
353.5000    1    2.000   1.0000          line
355.5000    0    1.000   1.0000          NULL 
356.5000    1    2.000   1.0000          line
358.5000    0    0.500   1.0000          NULL 
359.0000    1    2.000   1.0000          line
361.0000    0    0.500   1.0000          NULL 
361.5000    2    2.000   1.0000        square
363.5000    0    1.000   1.0000          NULL 
364.5000    1    2.000   1.0000          line
366.5000    0    1.500   1.0000          NULL 
368.0000    1    2.000   1.0000          line
370.0000    0    0.500   1.0000          NULL 
370.5000    2    2.000   1.0000        square
372.5000    0    2.000   1.0000          NULL 
374.5000    1    2.000   1.0000          line
376.5000    0    3.000   1.0000          NULL 
379.5000    1    2.000   1.0000          line
381.5000    0    0.500   1.0000          NULL 
382.0000    2    2.000   1.0000        square
384.0000    0    1.500   1.0000          NULL 
385.5000    1    2.000   1.0000          line
387.5000    0    2.000   1.0000          NULL 
389.5000    2    2.000   1.0000        square
391.5000    0    1.500   1.0000          NULL 
393.0000    1    2.000   1.0000          line
395.0000    0    1.000   1.0000          NULL 
396.0000    2    2.000   1.0000        square
398.0000    0    2.000   1.0000          NULL 
