  0.0000    1    2.000   1.0000          line
  2.0000    0    1.000   1.0000          NULL 
  3.0000    1    2.000   1.0000          line
  5.0000    0    1.000   1.0000          NULL 
  6.0000    1    2.000   1.0000          line
  8.0000    0    1.600   1.0000          NULL 
  9.6000    1    2.000   1.0000          line
 11.6000    0    1.600   1.0000          NULL 
 13.2000    2    2.000   1.0000        square
 15.2000    0    1.000   1.0000          NULL 
 16.2000    1    2.000   1.0000          line
 18.2000    0    1.600   1.0000          NULL 
 19.8000    2    2.000   1.0000        square
 21.8000    0    1.200   1.0000          NULL 
 23.0000    1    2.000   1.0000          line
 25.0000    0    1.200   1.0000          NULL 
 26.2000    2    2.000   1.0000        square
 28.2000    0    1.000   1.0000          NULL 
 29.2000    2    2.000   1.0000        square
 31.2000    0    1.000   1.0000          NULL 
 32.2000    2    2.000   1.0000        square
 34.2000    0    1.200   1.0000          NULL 
 35.4000    2    2.000   1.0000        square
 37.4000    0    1.700   1.0000          NULL 
 39.1000    2    2.000   1.0000        square
 41.1000    0    1.400   1.0000          NULL 
 42.5000    1    2.000   1.0000          line
 44.5000    0    1.000   1.0000          NULL 
 45.5000    2    2.000   1.0000        square
 47.5000    0    1.100   1.0000          NULL 
 48.6000    2    2.000   1.0000        square
 50.6000    0    1.900   1.0000          NULL 
 52.5000    1    2.000   1.0000          line
 54.5000    0    1.100   1.0000          NULL 
 55.6000    2    2.000   1.0000        square
 57.6000    0    1.300   1.0000          NULL 
 58.9000    1    2.000   1.0000          line
 60.9000    0    1.000   1.0000          NULL 
 61.9000    2    2.000   1.0000        square
 63.9000    0    1.800   1.0000          NULL 
 65.7000    1    2.000   1.0000          line
 67.7000    0    1.000   1.0000          NULL 
 68.7000    2    2.000   1.0000        square
 70.7000    0    1.200   1.0000          NULL 
 71.8999    2    2.000   1.0000        square
 73.8999    0    1.700   1.0000          NULL 
 75.5999    2    2.000   1.0000        square
 77.5999    0    1.100   1.0000          NULL 
 78.6999    2    2.000   1.0000        square
 80.6999    0    1.500   1.0000          NULL 
 82.1999    1    2.000   1.0000          line
 84.1999    0    1.000   1.0000          NULL 
 85.1999    1    2.000   1.0000          line
 87.1999    0    1.200   1.0000          NULL 
 88.3999    1    2.000   1.0000          line
 90.3999    0    1.000   1.0000          NULL 
 91.3999    1    2.000   1.0000          line
 93.3999    0    1.100   1.0000          NULL 
 94.4999    1    2.000   1.0000          line
 96.4999    0    1.700   1.0000          NULL 
 98.1999    2    2.000   1.0000        square
100.1999    0    1.100   1.0000          NULL 
101.2999    2    2.000   1.0000        square
103.2999    0    1.000   1.0000          NULL 
104.2999    1    2.000   1.0000          line
106.2999    0    1.300   1.0000          NULL 
107.5999    1    2.000   1.0000          line
109.5999    0    1.100   1.0000          NULL 
110.6999    1    2.000   1.0000          line
112.6999    0    1.600   1.0000          NULL 
114.2999    2    2.000   1.0000        square
116.2999    0    1.100   1.0000          NULL 
117.3999    2    2.000   1.0000        square
119.3999    0    1.200   1.0000          NULL 
120.5999    2    2.000   1.0000        square
122.5999    0    1.100   1.0000          NULL 
123.6999    1    2.000   1.0000          line
125.6999    0    1.000   1.0000          NULL 
126.6999    1    2.000   1.0000          line
128.6999    0    1.300   1.0000          NULL 
