  0.0000    1    2.000   1.0000          line
  2.0000    0    0.500   1.0000          NULL 
  2.5000    1    2.000   1.0000          line
  4.5000    0    0.500   1.0000          NULL 
  5.0000    1    2.000   1.0000          line
  7.0000    0    2.000   1.0000          NULL 
  9.0000    2    2.000   1.0000        square
 11.0000    0    0.500   1.0000          NULL 
 11.5000    2    2.000   1.0000        square
 13.5000    0    2.000   1.0000          NULL 
 15.5000    1    2.000   1.0000          line
 17.5000    0    0.500   1.0000          NULL 
 18.0000    1    2.000   1.0000          line
 20.0000    0    1.000   1.0000          NULL 
 21.0000    2    2.000   1.0000        square
 23.0000    0    0.500   1.0000          NULL 
 23.5000    1    2.000   1.0000          line
 25.5000    0    2.000   1.0000          NULL 
 27.5000    2    2.000   1.0000        square
 29.5000    0    1.000   1.0000          NULL 
 30.5000    1    2.000   1.0000          line
 32.5000    0    1.000   1.0000          NULL 
 33.5000    1    2.000   1.0000          line
 35.5000    0    0.500   1.0000          NULL 
 36.0000    2    2.000   1.0000        square
 38.0000    0    1.000   1.0000          NULL 
 39.0000    2    2.000   1.0000        square
 41.0000    0    2.000   1.0000          NULL 
 43.0000    1    2.000   1.0000          line
 45.0000    0    1.500   1.0000          NULL 
 46.5000    1    2.000   1.0000          line
 48.5000    0    0.500   1.0000          NULL 
 49.0000    1    2.000   1.0000          line
 51.0000    0    3.000   1.0000          NULL 
 54.0000    1    2.000   1.0000          line
 56.0000    0    1.500   1.0000          NULL 
 57.5000    2    2.000   1.0000        square
 59.5000    0    1.500   1.0000          NULL 
 61.0000    1    2.000   1.0000          line
 63.0000    0    1.500   1.0000          NULL 
 64.5000    1    2.000   1.0000          line
 66.5000    0    2.000   1.0000          NULL 
 68.5000    2    2.000   1.0000        square
 70.5000    0    2.000   1.0000          NULL 
 72.5000    1    2.000   1.0000          line
 74.5000    0    0.500   1.0000          NULL 
 75.0000    1    2.000   1.0000          line
 77.0000    0    1.500   1.0000          NULL 
 78.5000    2    2.000   1.0000        square
 80.5000    0    0.500   1.0000          NULL 
 81.0000    1    2.000   1.0000          line
 83.0000    0    0.500   1.0000          NULL 
 83.5000    1    2.000   1.0000          line
 85.5000    0    1.000   1.0000          NULL 
 86.5000    1    2.000   1.0000          line
 88.5000    0    0.500   1.0000          NULL 
 89.0000    2    2.000   1.0000        square
 91.0000    0    0.500   1.0000          NULL 
 91.5000    2    2.000   1.0000        square
 93.5000    0    2.500   1.0000          NULL 
 96.0000    2    2.000   1.0000        square
 98.0000    0    0.500   1.0000          NULL 
 98.5000    2    2.000   1.0000        square
100.5000    0    1.000   1.0000          NULL 
101.5000    1    2.000   1.0000          line
103.5000    0    1.000   1.0000          NULL 
104.5000    2    2.000   1.0000        square
106.5000    0    2.500   1.0000          NULL 
109.0000    1    2.000   1.0000          line
111.0000    0    1.000   1.0000          NULL 
112.0000    1    2.000   1.0000          line
114.0000    0    0.500   1.0000          NULL 
114.5000    1    2.000   1.0000          line
116.5000    0    3.500   1.0000          NULL 
120.0000    1    2.000   1.0000          line
122.0000    0    0.500   1.0000          NULL 
122.5000    1    2.000   1.0000          line
124.5000    0    3.000   1.0000          NULL 
127.5000    2    2.000   1.0000        square
129.5000    0    0.500   1.0000          NULL 
130.0000    2    2.000   1.0000        square
132.0000    0    0.500   1.0000          NULL 
132.5000    2    2.000   1.0000        square
134.5000    0    4.000   1.0000          NULL 
138.5000    2    2.000   1.0000        square
140.5000    0    0.500   1.0000          NULL 
141.0000    1    2.000   1.0000          line
143.0000    0    1.000   1.0000          NULL 
144.0000    1    2.000   1.0000          line
146.0000    0    1.000   1.0000          NULL 
147.0000    2    2.000   1.0000        square
149.0000    0    3.000   1.0000          NULL 
152.0000    1    2.000   1.0000          line
154.0000    0    1.000   1.0000          NULL 
155.0000    1    2.000   1.0000          line
157.0000    0    3.500   1.0000          NULL 
160.5000    1    2.000   1.0000          line
162.5000    0    0.500   1.0000          NULL 
163.0000    2    2.000   1.0000        square
165.0000    0    3.000   1.0000          NULL 
168.0000    2    2.000   1.0000        square
170.0000    0    1.000   1.0000          NULL 
171.0000    1    2.000   1.0000          line
173.0000    0    0.500   1.0000          NULL 
173.5000    2    2.000   1.0000        square
175.5000    0    0.500   1.0000          NULL 
176.0000    2    2.000   1.0000        square
178.0000    0    1.500   1.0000          NULL 
179.5000    2    2.000   1.0000        square
181.5000    0    1.500   1.0000          NULL 
183.0000    1    2.000   1.0000          line
185.0000    0    1.500   1.0000          NULL 
186.5000    2    2.000   1.0000        square
188.5000    0    0.500   1.0000          NULL 
189.0000    1    2.000   1.0000          line
191.0000    0    0.500   1.0000          NULL 
191.5000    1    2.000   1.0000          line
193.5000    0    0.500   1.0000          NULL 
194.0000    2    2.000   1.0000        square
196.0000    0    0.500   1.0000          NULL 
196.5000    2    2.000   1.0000        square
198.5000    0    0.500   1.0000          NULL 
199.0000    1    2.000   1.0000          line
201.0000    0    4.000   1.0000          NULL 
205.0000    2    2.000   1.0000        square
207.0000    0    0.500   1.0000          NULL 
207.5000    1    2.000   1.0000          line
209.5000    0    1.500   1.0000          NULL 
211.0000    1    2.000   1.0000          line
213.0000    0    0.500   1.0000          NULL 
213.5000    1    2.000   1.0000          line
215.5000    0    0.500   1.0000          NULL 
216.0000    2    2.000   1.0000        square
218.0000    0    1.000   1.0000          NULL 
219.0000    2    2.000   1.0000        square
221.0000    0    3.000   1.0000          NULL 
224.0000    2    2.000   1.0000        square
226.0000    0    0.500   1.0000          NULL 
226.5000    1    2.000   1.0000          line
228.5000    0    1.500   1.0000          NULL 
230.0000    2    2.000   1.0000        square
232.0000    0    1.000   1.0000          NULL 
233.0000    1    2.000   1.0000          line
235.0000    0    2.000   1.0000          NULL 
237.0000    2    2.000   1.0000        square
239.0000    0    1.000   1.0000          NULL 
240.0000    2    2.000   1.0000        square
242.0000    0    0.500   1.0000          NULL 
242.5000    1    2.000   1.0000          line
244.5000    0    3.000   1.0000          NULL 
247.5000    2    2.000   1.0000        square
249.5000    0    0.500   1.0000          NULL 
250.0000    1    2.000   1.0000          line
252.0000    0    2.000   1.0000          NULL 
254.0000    1    2.000   1.0000          line
256.0000    0    1.500   1.0000          NULL 
257.5000    2    2.000   1.0000        square
259.5000    0    0.500   1.0000          NULL 
260.0000    1    2.000   1.0000          line
262.0000    0    0.500   1.0000          NULL 
262.5000    2    2.000   1.0000        square
264.5000    0    1.000   1.0000          NULL 
265.5000    2    2.000   1.0000        square
267.5000    0    1.500   1.0000          NULL 
269.0000    2    2.000   1.0000        square
271.0000    0    4.000   1.0000          NULL 
275.0000    2    2.000   1.0000        square
277.0000    0    0.500   1.0000          NULL 
277.5000    1    2.000   1.0000          line
279.5000    0    2.000   1.0000          NULL 
281.5000    1    2.000   1.0000          line
283.5000    0    3.000   1.0000          NULL 
286.5000    2    2.000   1.0000        square
288.5000    0    0.500   1.0000          NULL 
289.0000    2    2.000   1.0000        square
291.0000    0    1.000   1.0000          NULL 
292.0000    1    2.000   1.0000          line
294.0000    0    3.000   1.0000          NULL 
297.0000    1    2.000   1.0000          line
299.0000    0    0.500   1.0000          NULL 
299.5000    2    2.000   1.0000        square
301.5000    0    0.500   1.0000          NULL 
302.0000    2    2.000   1.0000        square
304.0000    0    0.500   1.0000          NULL 
304.5000    1    2.000   1.0000          line
306.5000    0    1.500   1.0000          NULL 
308.0000    2    2.000   1.0000        square
310.0000    0    1.000   1.0000          NULL 
311.0000    1    2.000   1.0000          line
313.0000    0    0.500   1.0000          NULL 
313.5000    1    2.000   1.0000          line
315.5000    0    1.500   1.0000          NULL 
317.0000    2    2.000   1.0000        square
319.0000    0    1.500   1.0000          NULL 
320.5000    2    2.000   1.0000        square
322.5000    0    1.500   1.0000          NULL 
324.0000    1    2.000   1.0000          line
326.0000    0    3.500   1.0000          NULL 
329.5000    2    2.000   1.0000        square
331.5000    0    0.500   1.0000          NULL 
332.0000    1    2.000   1.0000          line
334.0000    0    1.500   1.0000          NULL 
335.5000    2    2.000   1.0000        square
337.5000    0    1.000   1.0000          NULL 
338.5000    1    2.000   1.0000          line
340.5000    0    1.000   1.0000          NULL 
341.5000    1    2.000   1.0000          line
343.5000    0    2.500   1.0000          NULL 
346.0000    2    2.000   1.0000        square
348.0000    0    1.500   1.0000          NULL 
349.5000    1    2.000   1.0000          line
351.5000    0    0.500   1.0000          NULL 
352.0000    2    2.000   1.0000        square
354.0000    0    3.000   1.0000          NULL 
357.0000    2    2.000   1.0000        square
359.0000    0    2.500   1.0000          NULL 
361.5000    2    2.000   1.0000        square
363.5000    0    1.000   1.0000          NULL 
364.5000    1    2.000   1.0000          line
366.5000    0    2.000   1.0000          NULL 
368.5000    2    2.000   1.0000        square
370.5000    0    3.500   1.0000          NULL 
374.0000    2    2.000   1.0000        square
376.0000    0    0.500   1.0000          NULL 
376.5000    2    2.000   1.0000        square
378.5000    0    0.500   1.0000          NULL 
379.0000    2    2.000   1.0000        square
381.0000    0    1.500   1.0000          NULL 
382.5000    2    2.000   1.0000        square
384.5000    0    0.500   1.0000          NULL 
385.0000    1    2.000   1.0000          line
387.0000    0    1.500   1.0000          NULL 
388.5000    1    2.000   1.0000          line
390.5000    0    0.500   1.0000          NULL 
391.0000    1    2.000   1.0000          line
393.0000    0    1.500   1.0000          NULL 
394.5000    2    2.000   1.0000        square
396.5000    0    0.500   1.0000          NULL 
397.0000    2    2.000   1.0000        square
399.0000    0    1.000   1.0000          NULL 
