  0.0000    1    2.000   1.0000          line
  2.0000    0    1.000   1.0000          NULL 
  3.0000    2    2.000   1.0000        square
  5.0000    0    1.100   1.0000          NULL 
  6.1000    1    2.000   1.0000          line
  8.1000    0    1.000   1.0000          NULL 
  9.1000    1    2.000   1.0000          line
 11.1000    0    1.000   1.0000          NULL 
 12.1000    1    2.000   1.0000          line
 14.1000    0    1.700   1.0000          NULL 
 15.8000    1    2.000   1.0000          line
 17.8000    0    1.000   1.0000          NULL 
 18.8000    2    2.000   1.0000        square
 20.8000    0    1.300   1.0000          NULL 
 22.1000    2    2.000   1.0000        square
 24.1000    0    1.000   1.0000          NULL 
 25.1000    1    2.000   1.0000          line
 27.1000    0    1.800   1.0000          NULL 
 28.9000    2    2.000   1.0000        square
 30.9000    0    1.100   1.0000          NULL 
 32.0000    1    2.000   1.0000          line
 34.0000    0    1.400   1.0000          NULL 
 35.4000    2    2.000   1.0000        square
 37.4000    0    1.300   1.0000          NULL 
 38.7000    1    2.000   1.0000          line
 40.7000    0    1.500   1.0000          NULL 
 42.2000    1    2.000   1.0000          line
 44.2000    0    1.400   1.0000          NULL 
 45.6000    2    2.000   1.0000        square
 47.6000    0    1.000   1.0000          NULL 
 48.6000    2    2.000   1.0000        square
 50.6000    0    1.400   1.0000          NULL 
 52.0000    1    2.000   1.0000          line
 54.0000    0    1.100   1.0000          NULL 
 55.1000    2    2.000   1.0000        square
 57.1000    0    1.100   1.0000          NULL 
 58.2000    1    2.000   1.0000          line
 60.2000    0    1.100   1.0000          NULL 
 61.3000    2    2.000   1.0000        square
 63.3000    0    1.400   1.0000          NULL 
 64.7000    2    2.000   1.0000        square
 66.7000    0    1.500   1.0000          NULL 
 68.2000    2    2.000   1.0000        square
 70.2000    0    1.000   1.0000          NULL 
 71.2000    1    2.000   1.0000          line
 73.2000    0    1.000   1.0000          NULL 
 74.2000    1    2.000   1.0000          line
 76.2000    0    1.700   1.0000          NULL 
 77.8999    1    2.000   1.0000          line
 79.8999    0    1.200   1.0000          NULL 
 81.0999    1    2.000   1.0000          line
 83.0999    0    1.000   1.0000          NULL 
 84.0999    1    2.000   1.0000          line
 86.0999    0    1.500   1.0000          NULL 
 87.5999    2    2.000   1.0000        square
 89.5999    0    1.000   1.0000          NULL 
 90.5999    1    2.000   1.0000          line
 92.5999    0    1.100   1.0000          NULL 
 93.6999    2    2.000   1.0000        square
 95.6999    0    1.300   1.0000          NULL 
 96.9999    2    2.000   1.0000        square
 98.9999    0    1.200   1.0000          NULL 
100.1999    2    2.000   1.0000        square
102.1999    0    1.000   1.0000          NULL 
103.1999    1    2.000   1.0000          line
105.1999    0    2.000   1.0000          NULL 
107.1999    1    2.000   1.0000          line
109.1999    0    1.100   1.0000          NULL 
110.2999    2    2.000   1.0000        square
112.2999    0    2.000   1.0000          NULL 
114.2999    2    2.000   1.0000        square
116.2999    0    1.100   1.0000          NULL 
117.3999    2    2.000   1.0000        square
119.3999    0    1.200   1.0000          NULL 
120.5999    2    2.000   1.0000        square
122.5999    0    1.200   1.0000          NULL 
123.7999    2    2.000   1.0000        square
125.7999    0    1.200   1.0000          NULL 
126.9999    1    2.000   1.0000          line
128.9999    0    1.000   1.0000          NULL 
