  0.0000    1    2.000   1.0000          line
  2.0000    0    1.100   1.0000          NULL 
  3.1000    1    2.000   1.0000          line
  5.1000    0    1.300   1.0000          NULL 
  6.4000    1    2.000   1.0000          line
  8.4000    0    1.300   1.0000          NULL 
  9.7000    1    2.000   1.0000          line
 11.7000    0    1.000   1.0000          NULL 
 12.7000    1    2.000   1.0000          line
 14.7000    0    1.000   1.0000          NULL 
 15.7000    2    2.000   1.0000        square
 17.7000    0    1.700   1.0000          NULL 
 19.4000    2    2.000   1.0000        square
 21.4000    0    1.000   1.0000          NULL 
 22.4000    2    2.000   1.0000        square
 24.4000    0    1.200   1.0000          NULL 
 25.6000    2    2.000   1.0000        square
 27.6000    0    1.200   1.0000          NULL 
 28.8000    1    2.000   1.0000          line
 30.8000    0    1.100   1.0000          NULL 
 31.9000    1    2.000   1.0000          line
 33.9000    0    1.000   1.0000          NULL 
 34.9000    2    2.000   1.0000        square
 36.9000    0    1.800   1.0000          NULL 
 38.7000    2    2.000   1.0000        square
 40.7000    0    1.000   1.0000          NULL 
 41.7000    2    2.000   1.0000        square
 43.7000    0    1.100   1.0000          NULL 
 44.8000    1    2.000   1.0000          line
 46.8000    0    1.300   1.0000          NULL 
 48.1000    2    2.000   1.0000        square
 50.1000    0    1.200   1.0000          NULL 
 51.3000    2    2.000   1.0000        square
 53.3000    0    1.400   1.0000          NULL 
 54.7000    2    2.000   1.0000        square
 56.7000    0    1.500   1.0000          NULL 
 58.2000    2    2.000   1.0000        square
 60.2000    0    2.000   1.0000          NULL 
 62.2000    1    2.000   1.0000          line
 64.2000    0    1.100   1.0000          NULL 
 65.2999    2    2.000   1.0000        square
 67.2999    0    1.100   1.0000          NULL 
 68.3999    2    2.000   1.0000        square
 70.3999    0    1.000   1.0000          NULL 
 71.3999    1    2.000   1.0000          line
 73.3999    0    1.500   1.0000          NULL 
 74.8999    2    2.000   1.0000        square
 76.8999    0    1.100   1.0000          NULL 
 77.9999    1    2.000   1.0000          line
 79.9999    0    1.200   1.0000          NULL 
 81.1999    2    2.000   1.0000        square
 83.1999    0    1.000   1.0000          NULL 
 84.1999    1    2.000   1.0000          line
 86.1999    0    1.500   1.0000          NULL 
 87.6999    1    2.000   1.0000          line
 89.6999    0    1.800   1.0000          NULL 
 91.4999    1    2.000   1.0000          line
 93.4999    0    1.700   1.0000          NULL 
 95.1999    1    2.000   1.0000          line
 97.1999    0    1.100   1.0000          NULL 
 98.2999    1    2.000   1.0000          line
100.2999    0    1.000   1.0000          NULL 
101.2999    1    2.000   1.0000          line
103.2999    0    1.200   1.0000          NULL 
104.4999    2    2.000   1.0000        square
106.4999    0    1.300   1.0000          NULL 
107.7999    2    2.000   1.0000        square
109.7999    0    1.400   1.0000          NULL 
111.1999    1    2.000   1.0000          line
113.1999    0    1.000   1.0000          NULL 
114.1999    2    2.000   1.0000        square
116.1999    0    1.000   1.0000          NULL 
117.1999    2    2.000   1.0000        square
119.1999    0    1.100   1.0000          NULL 
120.2999    2    2.000   1.0000        square
122.2999    0    1.100   1.0000          NULL 
123.3999    1    2.000   1.0000          line
125.3999    0    1.100   1.0000          NULL 
126.4999    1    2.000   1.0000          line
128.4999    0    1.500   1.0000          NULL 
