  0.0000    2    2.000   1.0000        square
  2.0000    0    1.500   1.0000          NULL 
  3.5000    2    2.000   1.0000        square
  5.5000    0    1.100   1.0000          NULL 
  6.6000    2    2.000   1.0000        square
  8.6000    0    1.100   1.0000          NULL 
  9.7000    1    2.000   1.0000          line
 11.7000    0    1.900   1.0000          NULL 
 13.6000    2    2.000   1.0000        square
 15.6000    0    1.000   1.0000          NULL 
 16.6000    2    2.000   1.0000        square
 18.6000    0    1.000   1.0000          NULL 
 19.6000    1    2.000   1.0000          line
 21.6000    0    1.000   1.0000          NULL 
 22.6000    2    2.000   1.0000        square
 24.6000    0    1.200   1.0000          NULL 
 25.8000    1    2.000   1.0000          line
 27.8000    0    1.000   1.0000          NULL 
 28.8000    1    2.000   1.0000          line
 30.8000    0    1.600   1.0000          NULL 
 32.4000    2    2.000   1.0000        square
 34.4000    0    2.000   1.0000          NULL 
 36.4000    1    2.000   1.0000          line
 38.4000    0    1.100   1.0000          NULL 
 39.5000    2    2.000   1.0000        square
 41.5000    0    1.000   1.0000          NULL 
 42.5000    1    2.000   1.0000          line
 44.5000    0    1.000   1.0000          NULL 
 45.5000    1    2.000   1.0000          line
 47.5000    0    1.200   1.0000          NULL 
 48.7000    2    2.000   1.0000        square
 50.7000    0    1.500   1.0000          NULL 
 52.2000    1    2.000   1.0000          line
 54.2000    0    1.600   1.0000          NULL 
 55.8000    1    2.000   1.0000          line
 57.8000    0    1.100   1.0000          NULL 
 58.9000    1    2.000   1.0000          line
 60.9000    0    1.200   1.0000          NULL 
 62.1000    1    2.000   1.0000          line
 64.1000    0    1.500   1.0000          NULL 
 65.6000    2    2.000   1.0000        square
 67.6000    0    1.000   1.0000          NULL 
 68.6000    2    2.000   1.0000        square
 70.6000    0    1.600   1.0000          NULL 
 72.1999    2    2.000   1.0000        square
 74.1999    0    1.200   1.0000          NULL 
 75.3999    1    2.000   1.0000          line
 77.3999    0    1.000   1.0000          NULL 
 78.3999    2    2.000   1.0000        square
 80.3999    0    1.000   1.0000          NULL 
 81.3999    1    2.000   1.0000          line
 83.3999    0    1.200   1.0000          NULL 
 84.5999    2    2.000   1.0000        square
 86.5999    0    1.600   1.0000          NULL 
 88.1999    1    2.000   1.0000          line
 90.1999    0    2.000   1.0000          NULL 
 92.1999    1    2.000   1.0000          line
 94.1999    0    1.000   1.0000          NULL 
 95.1999    1    2.000   1.0000          line
 97.1999    0    2.000   1.0000          NULL 
 99.1999    1    2.000   1.0000          line
101.1999    0    1.000   1.0000          NULL 
102.1999    2    2.000   1.0000        square
104.1999    0    1.000   1.0000          NULL 
105.1999    2    2.000   1.0000        square
107.1999    0    1.100   1.0000          NULL 
108.2999    2    2.000   1.0000        square
110.2999    0    1.000   1.0000          NULL 
111.2999    2    2.000   1.0000        square
113.2999    0    1.200   1.0000          NULL 
114.4999    2    2.000   1.0000        square
116.4999    0    1.100   1.0000          NULL 
117.5999    1    2.000   1.0000          line
119.5999    0    1.000   1.0000          NULL 
120.5999    1    2.000   1.0000          line
122.5999    0    1.100   1.0000          NULL 
123.6999    1    2.000   1.0000          line
125.6999    0    1.000   1.0000          NULL 
126.6999    2    2.000   1.0000        square
128.6999    0    1.300   1.0000          NULL 
