  0.0000    2    2.000   1.0000        square
  2.0000    0    2.000   1.0000          NULL 
  4.0000    1    2.000   1.0000          line
  6.0000    0    0.500   1.0000          NULL 
  6.5000    1    2.000   1.0000          line
  8.5000    0    1.500   1.0000          NULL 
 10.0000    2    2.000   1.0000        square
 12.0000    0    1.000   1.0000          NULL 
 13.0000    1    2.000   1.0000          line
 15.0000    0    0.500   1.0000          NULL 
 15.5000    1    2.000   1.0000          line
 17.5000    0    0.500   1.0000          NULL 
 18.0000    2    2.000   1.0000        square
 20.0000    0    0.500   1.0000          NULL 
 20.5000    2    2.000   1.0000        square
 22.5000    0    3.000   1.0000          NULL 
 25.5000    1    2.000   1.0000          line
 27.5000    0    3.000   1.0000          NULL 
 30.5000    1    2.000   1.0000          line
 32.5000    0    0.500   1.0000          NULL 
 33.0000    1    2.000   1.0000          line
 35.0000    0    2.000   1.0000          NULL 
 37.0000    2    2.000   1.0000        square
 39.0000    0    1.000   1.0000          NULL 
 40.0000    2    2.000   1.0000        square
 42.0000    0    1.000   1.0000          NULL 
 43.0000    1    2.000   1.0000          line
 45.0000    0    3.500   1.0000          NULL 
 48.5000    1    2.000   1.0000          line
 50.5000    0    2.000   1.0000          NULL 
 52.5000    1    2.000   1.0000          line
 54.5000    0    0.500   1.0000          NULL 
 55.0000    1    2.000   1.0000          line
 57.0000    0    0.500   1.0000          NULL 
 57.5000    2    2.000   1.0000        square
 59.5000    0    0.500   1.0000          NULL 
 60.0000    1    2.000   1.0000          line
 62.0000    0    0.500   1.0000          NULL 
 62.5000    1    2.000   1.0000          line
 64.5000    0    1.500   1.0000          NULL 
 66.0000    2    2.000   1.0000        square
 68.0000    0    1.500   1.0000          NULL 
 69.5000    2    2.000   1.0000        square
 71.5000    0    2.000   1.0000          NULL 
 73.5000    1    2.000   1.0000          line
 75.5000    0    0.500   1.0000          NULL 
 76.0000    2    2.000   1.0000        square
 78.0000    0    1.000   1.0000          NULL 
 79.0000    1    2.000   1.0000          line
 81.0000    0    1.000   1.0000          NULL 
 82.0000    2    2.000   1.0000        square
 84.0000    0    1.500   1.0000          NULL 
 85.5000    2    2.000   1.0000        square
 87.5000    0    0.500   1.0000          NULL 
 88.0000    2    2.000   1.0000        square
 90.0000    0    0.500   1.0000          NULL 
 90.5000    2    2.000   1.0000        square
 92.5000    0    0.500   1.0000          NULL 
 93.0000    2    2.000   1.0000        square
 95.0000    0    3.500   1.0000          NULL 
 98.5000    1    2.000   1.0000          line
100.5000    0    1.500   1.0000          NULL 
102.0000    2    2.000   1.0000        square
104.0000    0    1.500   1.0000          NULL 
105.5000    2    2.000   1.0000        square
107.5000    0    1.000   1.0000          NULL 
108.5000    1    2.000   1.0000          line
110.5000    0    0.500   1.0000          NULL 
111.0000    2    2.000   1.0000        square
113.0000    0    1.000   1.0000          NULL 
114.0000    2    2.000   1.0000        square
116.0000    0    1.000   1.0000          NULL 
117.0000    2    2.000   1.0000        square
119.0000    0    1.500   1.0000          NULL 
120.5000    1    2.000   1.0000          line
122.5000    0    4.000   1.0000          NULL 
126.5000    1    2.000   1.0000          line
128.5000    0    0.500   1.0000          NULL 
129.0000    1    2.000   1.0000          line
131.0000    0    0.500   1.0000          NULL 
131.5000    1    2.000   1.0000          line
133.5000    0    3.000   1.0000          NULL 
136.5000    2    2.000   1.0000        square
138.5000    0    0.500   1.0000          NULL 
139.0000    2    2.000   1.0000        square
141.0000    0    0.500   1.0000          NULL 
141.5000    2    2.000   1.0000        square
143.5000    0    2.500   1.0000          NULL 
146.0000    2    2.000   1.0000        square
148.0000    0    1.500   1.0000          NULL 
149.5000    2    2.000   1.0000        square
151.5000    0    0.500   1.0000          NULL 
152.0000    2    2.000   1.0000        square
154.0000    0    0.500   1.0000          NULL 
154.5000    2    2.000   1.0000        square
156.5000    0    0.500   1.0000          NULL 
157.0000    2    2.000   1.0000        square
159.0000    0    1.000   1.0000          NULL 
160.0000    1    2.000   1.0000          line
162.0000    0    1.500   1.0000          NULL 
163.5000    2    2.000   1.0000        square
165.5000    0    0.500   1.0000          NULL 
166.0000    2    2.000   1.0000        square
168.0000    0    3.000   1.0000          NULL 
171.0000    1    2.000   1.0000          line
173.0000    0    1.000   1.0000          NULL 
174.0000    1    2.000   1.0000          line
176.0000    0    2.500   1.0000          NULL 
178.5000    1    2.000   1.0000          line
180.5000    0    0.500   1.0000          NULL 
181.0000    1    2.000   1.0000          line
183.0000    0    1.000   1.0000          NULL 
184.0000    2    2.000   1.0000        square
186.0000    0    0.500   1.0000          NULL 
186.5000    1    2.000   1.0000          line
188.5000    0    0.500   1.0000          NULL 
189.0000    2    2.000   1.0000        square
191.0000    0    0.500   1.0000          NULL 
191.5000    1    2.000   1.0000          line
193.5000    0    2.500   1.0000          NULL 
196.0000    1    2.000   1.0000          line
198.0000    0    2.500   1.0000          NULL 
200.5000    2    2.000   1.0000        square
202.5000    0    1.000   1.0000          NULL 
203.5000    1    2.000   1.0000          line
205.5000    0    1.000   1.0000          NULL 
206.5000    1    2.000   1.0000          line
208.5000    0    0.500   1.0000          NULL 
209.0000    1    2.000   1.0000          line
211.0000    0    0.500   1.0000          NULL 
211.5000    1    2.000   1.0000          line
213.5000    0    1.500   1.0000          NULL 
215.0000    2    2.000   1.0000        square
217.0000    0    0.500   1.0000          NULL 
217.5000    1    2.000   1.0000          line
219.5000    0    2.000   1.0000          NULL 
221.5000    2    2.000   1.0000        square
223.5000    0    1.000   1.0000          NULL 
224.5000    1    2.000   1.0000          line
226.5000    0    1.500   1.0000          NULL 
228.0000    1    2.000   1.0000          line
230.0000    0    0.500   1.0000          NULL 
230.5000    2    2.000   1.0000        square
232.5000    0    1.500   1.0000          NULL 
234.0000    2    2.000   1.0000        square
236.0000    0    2.500   1.0000          NULL 
238.5000    2    2.000   1.0000        square
240.5000    0    0.500   1.0000          NULL 
241.0000    1    2.000   1.0000          line
243.0000    0    2.000   1.0000          NULL 
245.0000    1    2.000   1.0000          line
247.0000    0    0.500   1.0000          NULL 
247.5000    2    2.000   1.0000        square
249.5000    0    1.000   1.0000          NULL 
250.5000    2    2.000   1.0000        square
252.5000    0    1.000   1.0000          NULL 
253.5000    1    2.000   1.0000          line
255.5000    0    0.500   1.0000          NULL 
256.0000    1    2.000   1.0000          line
258.0000    0    3.000   1.0000          NULL 
261.0000    2    2.000   1.0000        square
263.0000    0    2.000   1.0000          NULL 
265.0000    2    2.000   1.0000        square
267.0000    0    1.000   1.0000          NULL 
268.0000    2    2.000   1.0000        square
270.0000    0    4.000   1.0000          NULL 
274.0000    1    2.000   1.0000          line
276.0000    0    0.500   1.0000          NULL 
276.5000    2    2.000   1.0000        square
278.5000    0    3.000   1.0000          NULL 
281.5000    2    2.000   1.0000        square
283.5000    0    1.500   1.0000          NULL 
285.0000    2    2.000   1.0000        square
287.0000    0    3.000   1.0000          NULL 
290.0000    2    2.000   1.0000        square
292.0000    0    0.500   1.0000          NULL 
292.5000    2    2.000   1.0000        square
294.5000    0    1.500   1.0000          NULL 
296.0000    1    2.000   1.0000          line
298.0000    0    0.500   1.0000          NULL 
298.5000    2    2.000   1.0000        square
300.5000    0    0.500   1.0000          NULL 
301.0000    1    2.000   1.0000          line
303.0000    0    3.000   1.0000          NULL 
306.0000    2    2.000   1.0000        square
308.0000    0    0.500   1.0000          NULL 
308.5000    1    2.000   1.0000          line
310.5000    0    0.500   1.0000          NULL 
311.0000    1    2.000   1.0000          line
313.0000    0    1.500   1.0000          NULL 
314.5000    2    2.000   1.0000        square
316.5000    0    2.000   1.0000          NULL 
318.5000    2    2.000   1.0000        square
320.5000    0    1.500   1.0000          NULL 
322.0000    1    2.000   1.0000          line
324.0000    0    1.000   1.0000          NULL 
325.0000    2    2.000   1.0000        square
327.0000    0    1.000   1.0000          NULL 
328.0000    1    2.000   1.0000          line
330.0000    0    4.000   1.0000          NULL 
334.0000    2    2.000   1.0000        square
336.0000    0    2.000   1.0000          NULL 
338.0000    2    2.000   1.0000        square
340.0000    0    0.500   1.0000          NULL 
340.5000    1    2.000   1.0000          line
342.5000    0    0.500   1.0000          NULL 
343.0000    1    2.000   1.0000          line
345.0000    0    0.500   1.0000          NULL 
345.5000    2    2.000   1.0000        square
347.5000    0    1.500   1.0000          NULL 
349.0000    1    2.000   1.0000          line
351.0000    0    1.500   1.0000          NULL 
352.5000    2    2.000   1.0000        square
354.5000    0    1.000   1.0000          NULL 
355.5000    1    2.000   1.0000          line
357.5000    0    2.000   1.0000          NULL 
359.5000    1    2.000   1.0000          line
361.5000    0    2.000   1.0000          NULL 
363.5000    2    2.000   1.0000        square
365.5000    0    0.500   1.0000          NULL 
366.0000    1    2.000   1.0000          line
368.0000    0    0.500   1.0000          NULL 
368.5000    1    2.000   1.0000          line
370.5000    0    2.500   1.0000          NULL 
373.0000    1    2.000   1.0000          line
375.0000    0    0.500   1.0000          NULL 
375.5000    1    2.000   1.0000          line
377.5000    0    3.500   1.0000          NULL 
381.0000    1    2.000   1.0000          line
383.0000    0    2.500   1.0000          NULL 
385.5000    2    2.000   1.0000        square
387.5000    0    0.500   1.0000          NULL 
388.0000    2    2.000   1.0000        square
390.0000    0    1.000   1.0000          NULL 
391.0000    1    2.000   1.0000          line
393.0000    0    1.500   1.0000          NULL 
394.5000    1    2.000   1.0000          line
396.5000    0    0.500   1.0000          NULL 
397.0000    1    2.000   1.0000          line
399.0000    0    1.000   1.0000          NULL 
