  0.0000    2    2.000   1.0000        square
  2.0000    0    1.000   1.0000          NULL 
  3.0000    2    2.000   1.0000        square
  5.0000    0    1.100   1.0000          NULL 
  6.1000    2    2.000   1.0000        square
  8.1000    0    1.500   1.0000          NULL 
  9.6000    2    2.000   1.0000        square
 11.6000    0    1.100   1.0000          NULL 
 12.7000    1    2.000   1.0000          line
 14.7000    0    1.400   1.0000          NULL 
 16.1000    1    2.000   1.0000          line
 18.1000    0    1.200   1.0000          NULL 
 19.3000    1    2.000   1.0000          line
 21.3000    0    1.000   1.0000          NULL 
 22.3000    2    2.000   1.0000        square
 24.3000    0    1.800   1.0000          NULL 
 26.1000    2    2.000   1.0000        square
 28.1000    0    1.000   1.0000          NULL 
 29.1000    2    2.000   1.0000        square
 31.1000    0    1.600   1.0000          NULL 
 32.7000    2    2.000   1.0000        square
 34.7000    0    1.100   1.0000          NULL 
 35.8000    1    2.000   1.0000          line
 37.8000    0    2.000   1.0000          NULL 
 39.8000    1    2.000   1.0000          line
 41.8000    0    1.500   1.0000          NULL 
 43.3000    1    2.000   1.0000          line
 45.3000    0    1.000   1.0000          NULL 
 46.3000    2    2.000   1.0000        square
 48.3000    0    1.300   1.0000          NULL 
 49.6000    2    2.000   1.0000        square
 51.6000    0    1.200   1.0000          NULL 
 52.8000    2    2.000   1.0000        square
 54.8000    0    1.200   1.0000          NULL 
 56.0000    1    2.000   1.0000          line
 58.0000    0    1.700   1.0000          NULL 
 59.7000    2    2.000   1.0000        square
 61.7000    0    1.000   1.0000          NULL 
 62.7000    1    2.000   1.0000          line
 64.7000    0    1.000   1.0000          NULL 
 65.7000    1    2.000   1.0000          line
 67.7000    0    1.000   1.0000          NULL 
 68.7000    1    2.000   1.0000          line
 70.7000    0    1.200   1.0000          NULL 
 71.8999    1    2.000   1.0000          line
 73.8999    0    1.300   1.0000          NULL 
 75.1999    2    2.000   1.0000        square
 77.1999    0    2.000   1.0000          NULL 
 79.1999    2    2.000   1.0000        square
 81.1999    0    1.000   1.0000          NULL 
 82.1999    1    2.000   1.0000          line
 84.1999    0    1.100   1.0000          NULL 
 85.2999    1    2.000   1.0000          line
 87.2999    0    1.400   1.0000          NULL 
 88.6999    2    2.000   1.0000        square
 90.6999    0    1.000   1.0000          NULL 
 91.6999    1    2.000   1.0000          line
 93.6999    0    1.000   1.0000          NULL 
 94.6999    2    2.000   1.0000        square
 96.6999    0    1.300   1.0000          NULL 
 97.9999    2    2.000   1.0000        square
 99.9999    0    1.300   1.0000          NULL 
101.2999    2    2.000   1.0000        square
103.2999    0    1.800   1.0000          NULL 
105.0999    1    2.000   1.0000          line
107.0999    0    1.100   1.0000          NULL 
108.1999    2    2.000   1.0000        square
110.1999    0    1.100   1.0000          NULL 
111.2999    1    2.000   1.0000          line
113.2999    0    1.100   1.0000          NULL 
114.3999    1    2.000   1.0000          line
116.3999    0    1.200   1.0000          NULL 
117.5999    2    2.000   1.0000        square
119.5999    0    1.000   1.0000          NULL 
120.5999    1    2.000   1.0000          line
122.5999    0    1.300   1.0000          NULL 
123.8999    1    2.000   1.0000          line
125.8999    0    1.000   1.0000          NULL 
126.8999    1    2.000   1.0000          line
128.8999    0    1.100   1.0000          NULL 
