  0.0000    2    2.000   1.0000        square
  2.0000    0    1.000   1.0000          NULL 
  3.0000    1    2.000   1.0000          line
  5.0000    0    0.500   1.0000          NULL 
  5.5000    1    2.000   1.0000          line
  7.5000    0    1.500   1.0000          NULL 
  9.0000    1    2.000   1.0000          line
 11.0000    0    1.500   1.0000          NULL 
 12.5000    1    2.000   1.0000          line
 14.5000    0    2.000   1.0000          NULL 
 16.5000    2    2.000   1.0000        square
 18.5000    0    0.500   1.0000          NULL 
 19.0000    1    2.000   1.0000          line
 21.0000    0    0.500   1.0000          NULL 
 21.5000    1    2.000   1.0000          line
 23.5000    0    0.500   1.0000          NULL 
 24.0000    1    2.000   1.0000          line
 26.0000    0    0.500   1.0000          NULL 
 26.5000    1    2.000   1.0000          line
 28.5000    0    1.000   1.0000          NULL 
 29.5000    1    2.000   1.0000          line
 31.5000    0    0.500   1.0000          NULL 
 32.0000    1    2.000   1.0000          line
 34.0000    0    0.500   1.0000          NULL 
 34.5000    1    2.000   1.0000          line
 36.5000    0    0.500   1.0000          NULL 
 37.0000    1    2.000   1.0000          line
 39.0000    0    2.500   1.0000          NULL 
 41.5000    1    2.000   1.0000          line
 43.5000    0    0.500   1.0000          NULL 
 44.0000    1    2.000   1.0000          line
 46.0000    0    0.500   1.0000          NULL 
 46.5000    2    2.000   1.0000        square
 48.5000    0    0.500   1.0000          NULL 
 49.0000    2    2.000   1.0000        square
 51.0000    0    0.500   1.0000          NULL 
 51.5000    1    2.000   1.0000          line
 53.5000    0    0.500   1.0000          NULL 
 54.0000    1    2.000   1.0000          line
 56.0000    0    2.000   1.0000          NULL 
 58.0000    2    2.000   1.0000        square
 60.0000    0    0.500   1.0000          NULL 
 60.5000    1    2.000   1.0000          line
 62.5000    0    1.000   1.0000          NULL 
 63.5000    2    2.000   1.0000        square
 65.5000    0    0.500   1.0000          NULL 
 66.0000    2    2.000   1.0000        square
 68.0000    0    0.500   1.0000          NULL 
 68.5000    1    2.000   1.0000          line
 70.5000    0    0.500   1.0000          NULL 
 71.0000    2    2.000   1.0000        square
 73.0000    0    1.000   1.0000          NULL 
 74.0000    1    2.000   1.0000          line
 76.0000    0    3.000   1.0000          NULL 
 79.0000    1    2.000   1.0000          line
 81.0000    0    2.500   1.0000          NULL 
 83.5000    1    2.000   1.0000          line
 85.5000    0    1.000   1.0000          NULL 
 86.5000    1    2.000   1.0000          line
 88.5000    0    0.500   1.0000          NULL 
 89.0000    2    2.000   1.0000        square
 91.0000    0    2.500   1.0000          NULL 
 93.5000    1    2.000   1.0000          line
 95.5000    0    4.000   1.0000          NULL 
 99.5000    2    2.000   1.0000        square
101.5000    0    1.000   1.0000          NULL 
102.5000    2    2.000   1.0000        square
104.5000    0    1.500   1.0000          NULL 
106.0000    1    2.000   1.0000          line
108.0000    0    1.500   1.0000          NULL 
109.5000    1    2.000   1.0000          line
111.5000    0    1.000   1.0000          NULL 
112.5000    2    2.000   1.0000        square
114.5000    0    0.500   1.0000          NULL 
115.0000    2    2.000   1.0000        square
117.0000    0    1.000   1.0000          NULL 
118.0000    2    2.000   1.0000        square
120.0000    0    1.000   1.0000          NULL 
121.0000    1    2.000   1.0000          line
123.0000    0    1.000   1.0000          NULL 
124.0000    2    2.000   1.0000        square
126.0000    0    4.000   1.0000          NULL 
130.0000    2    2.000   1.0000        square
132.0000    0    1.500   1.0000          NULL 
133.5000    2    2.000   1.0000        square
135.5000    0    3.000   1.0000          NULL 
138.5000    1    2.000   1.0000          line
140.5000    0    4.000   1.0000          NULL 
144.5000    2    2.000   1.0000        square
146.5000    0    2.000   1.0000          NULL 
148.5000    2    2.000   1.0000        square
150.5000    0    1.000   1.0000          NULL 
151.5000    2    2.000   1.0000        square
153.5000    0    3.500   1.0000          NULL 
157.0000    1    2.000   1.0000          line
159.0000    0    0.500   1.0000          NULL 
159.5000    2    2.000   1.0000        square
161.5000    0    0.500   1.0000          NULL 
162.0000    2    2.000   1.0000        square
164.0000    0    1.000   1.0000          NULL 
165.0000    1    2.000   1.0000          line
167.0000    0    1.000   1.0000          NULL 
168.0000    1    2.000   1.0000          line
170.0000    0    0.500   1.0000          NULL 
170.5000    2    2.000   1.0000        square
172.5000    0    0.500   1.0000          NULL 
173.0000    1    2.000   1.0000          line
175.0000    0    2.000   1.0000          NULL 
177.0000    2    2.000   1.0000        square
179.0000    0    2.500   1.0000          NULL 
181.5000    2    2.000   1.0000        square
183.5000    0    0.500   1.0000          NULL 
184.0000    1    2.000   1.0000          line
186.0000    0    0.500   1.0000          NULL 
186.5000    2    2.000   1.0000        square
188.5000    0    1.000   1.0000          NULL 
189.5000    1    2.000   1.0000          line
191.5000    0    3.500   1.0000          NULL 
195.0000    1    2.000   1.0000          line
197.0000    0    3.500   1.0000          NULL 
200.5000    2    2.000   1.0000        square
202.5000    0    1.500   1.0000          NULL 
204.0000    1    2.000   1.0000          line
206.0000    0    3.500   1.0000          NULL 
209.5000    1    2.000   1.0000          line
211.5000    0    3.000   1.0000          NULL 
214.5000    1    2.000   1.0000          line
216.5000    0    0.500   1.0000          NULL 
217.0000    2    2.000   1.0000        square
219.0000    0    0.500   1.0000          NULL 
219.5000    1    2.000   1.0000          line
221.5000    0    2.000   1.0000          NULL 
223.5000    2    2.000   1.0000        square
225.5000    0    0.500   1.0000          NULL 
226.0000    2    2.000   1.0000        square
228.0000    0    0.500   1.0000          NULL 
228.5000    1    2.000   1.0000          line
230.5000    0    1.000   1.0000          NULL 
231.5000    1    2.000   1.0000          line
233.5000    0    0.500   1.0000          NULL 
234.0000    2    2.000   1.0000        square
236.0000    0    0.500   1.0000          NULL 
236.5000    2    2.000   1.0000        square
238.5000    0    1.000   1.0000          NULL 
239.5000    1    2.000   1.0000          line
241.5000    0    0.500   1.0000          NULL 
242.0000    1    2.000   1.0000          line
244.0000    0    0.500   1.0000          NULL 
244.5000    1    2.000   1.0000          line
246.5000    0    4.000   1.0000          NULL 
250.5000    2    2.000   1.0000        square
252.5000    0    0.500   1.0000          NULL 
253.0000    2    2.000   1.0000        square
255.0000    0    1.000   1.0000          NULL 
256.0000    2    2.000   1.0000        square
258.0000    0    1.500   1.0000          NULL 
259.5000    2    2.000   1.0000        square
261.5000    0    1.000   1.0000          NULL 
262.5000    1    2.000   1.0000          line
264.5000    0    3.000   1.0000          NULL 
267.5000    2    2.000   1.0000        square
269.5000    0    1.000   1.0000          NULL 
270.5000    2    2.000   1.0000        square
272.5000    0    3.500   1.0000          NULL 
276.0000    1    2.000   1.0000          line
278.0000    0    0.500   1.0000          NULL 
278.5000    2    2.000   1.0000        square
280.5000    0    0.500   1.0000          NULL 
281.0000    2    2.000   1.0000        square
283.0000    0    0.500   1.0000          NULL 
283.5000    2    2.000   1.0000        square
285.5000    0    0.500   1.0000          NULL 
286.0000    2    2.000   1.0000        square
288.0000    0    0.500   1.0000          NULL 
288.5000    2    2.000   1.0000        square
290.5000    0    2.000   1.0000          NULL 
292.5000    2    2.000   1.0000        square
294.5000    0    2.000   1.0000          NULL 
296.5000    2    2.000   1.0000        square
298.5000    0    1.000   1.0000          NULL 
299.5000    2    2.000   1.0000        square
301.5000    0    3.500   1.0000          NULL 
305.0000    2    2.000   1.0000        square
307.0000    0    0.500   1.0000          NULL 
307.5000    2    2.000   1.0000        square
309.5000    0    2.500   1.0000          NULL 
312.0000    2    2.000   1.0000        square
314.0000    0    2.000   1.0000          NULL 
316.0000    1    2.000   1.0000          line
318.0000    0    1.500   1.0000          NULL 
319.5000    1    2.000   1.0000          line
321.5000    0    0.500   1.0000          NULL 
322.0000    2    2.000   1.0000        square
324.0000    0    0.500   1.0000          NULL 
324.5000    1    2.000   1.0000          line
326.5000    0    0.500   1.0000          NULL 
327.0000    2    2.000   1.0000        square
329.0000    0    1.500   1.0000          NULL 
330.5000    1    2.000   1.0000          line
332.5000    0    0.500   1.0000          NULL 
333.0000    1    2.000   1.0000          line
335.0000    0    0.500   1.0000          NULL 
335.5000    2    2.000   1.0000        square
337.5000    0    1.000   1.0000          NULL 
338.5000    2    2.000   1.0000        square
340.5000    0    3.000   1.0000          NULL 
343.5000    1    2.000   1.0000          line
345.5000    0    2.000   1.0000          NULL 
347.5000    1    2.000   1.0000          line
349.5000    0    3.500   1.0000          NULL 
353.0000    2    2.000   1.0000        square
355.0000    0    1.000   1.0000          NULL 
356.0000    1    2.000   1.0000          line
358.0000    0    0.500   1.0000          NULL 
358.5000    1    2.000   1.0000          line
360.5000    0    2.000   1.0000          NULL 
362.5000    1    2.000   1.0000          line
364.5000    0    0.500   1.0000          NULL 
365.0000    1    2.000   1.0000          line
367.0000    0    0.500   1.0000          NULL 
367.5000    1    2.000   1.0000          line
369.5000    0    1.000   1.0000          NULL 
370.5000    2    2.000   1.0000        square
372.5000    0    0.500   1.0000          NULL 
373.0000    2    2.000   1.0000        square
375.0000    0    3.500   1.0000          NULL 
378.5000    1    2.000   1.0000          line
380.5000    0    0.500   1.0000          NULL 
381.0000    1    2.000   1.0000          line
383.0000    0    0.500   1.0000          NULL 
383.5000    2    2.000   1.0000        square
385.5000    0    0.500   1.0000          NULL 
386.0000    1    2.000   1.0000          line
388.0000    0    1.500   1.0000          NULL 
389.5000    2    2.000   1.0000        square
391.5000    0    1.500   1.0000          NULL 
393.0000    2    2.000   1.0000        square
395.0000    0    1.500   1.0000          NULL 
396.5000    2    2.000   1.0000        square
398.5000    0    1.500   1.0000          NULL 
