  0.0000    2    2.000   1.0000        square
  2.0000    0    1.000   1.0000          NULL 
  3.0000    1    2.000   1.0000          line
  5.0000    0    1.100   1.0000          NULL 
  6.1000    2    2.000   1.0000        square
  8.1000    0    1.600   1.0000          NULL 
  9.7000    1    2.000   1.0000          line
 11.7000    0    1.100   1.0000          NULL 
 12.8000    1    2.000   1.0000          line
 14.8000    0    1.500   1.0000          NULL 
 16.3000    2    2.000   1.0000        square
 18.3000    0    1.200   1.0000          NULL 
 19.5000    1    2.000   1.0000          line
 21.5000    0    1.300   1.0000          NULL 
 22.8000    2    2.000   1.0000        square
 24.8000    0    1.300   1.0000          NULL 
 26.1000    1    2.000   1.0000          line
 28.1000    0    1.400   1.0000          NULL 
 29.5000    1    2.000   1.0000          line
 31.5000    0    1.000   1.0000          NULL 
 32.5000    1    2.000   1.0000          line
 34.5000    0    1.000   1.0000          NULL 
 35.5000    2    2.000   1.0000        square
 37.5000    0    1.100   1.0000          NULL 
 38.6000    1    2.000   1.0000          line
 40.6000    0    1.900   1.0000          NULL 
 42.5000    1    2.000   1.0000          line
 44.5000    0    1.000   1.0000          NULL 
 45.5000    2    2.000   1.0000        square
 47.5000    0    1.000   1.0000          NULL 
 48.5000    1    2.000   1.0000          line
 50.5000    0    1.200   1.0000          NULL 
 51.7000    1    2.000   1.0000          line
 53.7000    0    1.300   1.0000          NULL 
 55.0000    2    2.000   1.0000        square
 57.0000    0    1.100   1.0000          NULL 
 58.1000    2    2.000   1.0000        square
 60.1000    0    1.800   1.0000          NULL 
 61.9000    2    2.000   1.0000        square
 63.9000    0    1.000   1.0000          NULL 
 64.9000    2    2.000   1.0000        square
 66.9000    0    1.000   1.0000          NULL 
 67.9000    2    2.000   1.0000        square
 69.9000    0    2.000   1.0000          NULL 
 71.9000    2    2.000   1.0000        square
 73.9000    0    1.000   1.0000          NULL 
 74.9000    2    2.000   1.0000        square
 76.9000    0    1.100   1.0000          NULL 
 78.0000    1    2.000   1.0000          line
 80.0000    0    1.500   1.0000          NULL 
 81.4999    2    2.000   1.0000        square
 83.4999    0    1.100   1.0000          NULL 
 84.5999    2    2.000   1.0000        square
 86.5999    0    1.400   1.0000          NULL 
 87.9999    2    2.000   1.0000        square
 89.9999    0    1.100   1.0000          NULL 
 91.0999    2    2.000   1.0000        square
 93.0999    0    1.000   1.0000          NULL 
 94.0999    1    2.000   1.0000          line
 96.0999    0    1.100   1.0000          NULL 
 97.1999    1    2.000   1.0000          line
 99.1999    0    1.000   1.0000          NULL 
100.1999    1    2.000   1.0000          line
102.1999    0    1.100   1.0000          NULL 
103.2999    2    2.000   1.0000        square
105.2999    0    1.500   1.0000          NULL 
106.7999    2    2.000   1.0000        square
108.7999    0    2.000   1.0000          NULL 
110.7999    1    2.000   1.0000          line
112.7999    0    1.100   1.0000          NULL 
113.8999    1    2.000   1.0000          line
115.8999    0    1.300   1.0000          NULL 
117.1999    1    2.000   1.0000          line
119.1999    0    1.000   1.0000          NULL 
120.1999    1    2.000   1.0000          line
122.1999    0    1.400   1.0000          NULL 
123.5999    2    2.000   1.0000        square
125.5999    0    1.000   1.0000          NULL 
126.5999    1    2.000   1.0000          line
128.5999    0    1.400   1.0000          NULL 
