  0.0000    1    2.000   1.0000          line
  2.0000    0    1.000   1.0000          NULL 
  3.0000    2    2.000   1.0000        square
  5.0000    0    1.300   1.0000          NULL 
  6.3000    1    2.000   1.0000          line
  8.3000    0    1.700   1.0000          NULL 
 10.0000    2    2.000   1.0000        square
 12.0000    0    1.100   1.0000          NULL 
 13.1000    1    2.000   1.0000          line
 15.1000    0    1.200   1.0000          NULL 
 16.3000    1    2.000   1.0000          line
 18.3000    0    1.000   1.0000          NULL 
 19.3000    1    2.000   1.0000          line
 21.3000    0    1.700   1.0000          NULL 
 23.0000    2    2.000   1.0000        square
 25.0000    0    1.000   1.0000          NULL 
 26.0000    2    2.000   1.0000        square
 28.0000    0    1.200   1.0000          NULL 
 29.2000    1    2.000   1.0000          line
 31.2000    0    1.000   1.0000          NULL 
 32.2000    1    2.000   1.0000          line
 34.2000    0    1.800   1.0000          NULL 
 36.0000    2    2.000   1.0000        square
 38.0000    0    1.200   1.0000          NULL 
 39.2000    1    2.000   1.0000          line
 41.2000    0    1.100   1.0000          NULL 
 42.3000    1    2.000   1.0000          line
 44.3000    0    1.700   1.0000          NULL 
 46.0000    2    2.000   1.0000        square
 48.0000    0    1.000   1.0000          NULL 
 49.0000    1    2.000   1.0000          line
 51.0000    0    1.000   1.0000          NULL 
 52.0000    2    2.000   1.0000        square
 54.0000    0    1.100   1.0000          NULL 
 55.1000    2    2.000   1.0000        square
 57.1000    0    1.000   1.0000          NULL 
 58.1000    2    2.000   1.0000        square
 60.1000    0    1.300   1.0000          NULL 
 61.4000    2    2.000   1.0000        square
 63.4000    0    1.600   1.0000          NULL 
 65.0000    1    2.000   1.0000          line
 67.0000    0    1.000   1.0000          NULL 
 68.0000    2    2.000   1.0000        square
 70.0000    0    1.000   1.0000          NULL 
 71.0000    1    2.000   1.0000          line
 73.0000    0    1.200   1.0000          NULL 
 74.2000    2    2.000   1.0000        square
 76.2000    0    1.000   1.0000          NULL 
 77.2000    1    2.000   1.0000          line
 79.2000    0    1.000   1.0000          NULL 
 80.2000    2    2.000   1.0000        square
 82.2000    0    1.000   1.0000          NULL 
 83.2000    1    2.000   1.0000          line
 85.2000    0    1.800   1.0000          NULL 
 86.9999    1    2.000   1.0000          line
 88.9999    0    1.000   1.0000          NULL 
 89.9999    1    2.000   1.0000          line
 91.9999    0    2.000   1.0000          NULL 
 93.9999    2    2.000   1.0000        square
 95.9999    0    1.000   1.0000          NULL 
 96.9999    2    2.000   1.0000        square
 98.9999    0    1.100   1.0000          NULL 
100.0999    2    2.000   1.0000        square
102.0999    0    1.200   1.0000          NULL 
103.2999    1    2.000   1.0000          line
105.2999    0    1.300   1.0000          NULL 
106.5999    2    2.000   1.0000        square
108.5999    0    1.100   1.0000          NULL 
109.6999    2    2.000   1.0000        square
111.6999    0    2.000   1.0000          NULL 
113.6999    2    2.000   1.0000        square
115.6999    0    1.300   1.0000          NULL 
116.9999    2    2.000   1.0000        square
118.9999    0    1.200   1.0000          NULL 
120.1999    1    2.000   1.0000          line
122.1999    0    1.000   1.0000          NULL 
123.1999    1    2.000   1.0000          line
125.1999    0    1.500   1.0000          NULL 
126.6999    1    2.000   1.0000          line
128.6999    0    1.300   1.0000          NULL 
