  0.0000    1    2.000   1.0000          line
  2.0000    0    1.000   1.0000          NULL 
  3.0000    1    2.000   1.0000          line
  5.0000    0    1.300   1.0000          NULL 
  6.3000    1    2.000   1.0000          line
  8.3000    0    1.200   1.0000          NULL 
  9.5000    1    2.000   1.0000          line
 11.5000    0    1.200   1.0000          NULL 
 12.7000    2    2.000   1.0000        square
 14.7000    0    1.100   1.0000          NULL 
 15.8000    2    2.000   1.0000        square
 17.8000    0    1.300   1.0000          NULL 
 19.1000    1    2.000   1.0000          line
 21.1000    0    1.900   1.0000          NULL 
 23.0000    1    2.000   1.0000          line
 25.0000    0    1.000   1.0000          NULL 
 26.0000    2    2.000   1.0000        square
 28.0000    0    1.400   1.0000          NULL 
 29.4000    2    2.000   1.0000        square
 31.4000    0    2.000   1.0000          NULL 
 33.4000    2    2.000   1.0000        square
 35.4000    0    1.000   1.0000          NULL 
 36.4000    2    2.000   1.0000        square
 38.4000    0    1.200   1.0000          NULL 
 39.6000    2    2.000   1.0000        square
 41.6000    0    1.000   1.0000          NULL 
 42.6000    1    2.000   1.0000          line
 44.6000    0    1.600   1.0000          NULL 
 46.2000    1    2.000   1.0000          line
 48.2000    0    1.000   1.0000          NULL 
 49.2000    1    2.000   1.0000          line
 51.2000    0    1.100   1.0000          NULL 
 52.3000    1    2.000   1.0000          line
 54.3000    0    1.100   1.0000          NULL 
 55.4000    1    2.000   1.0000          line
 57.4000    0    1.000   1.0000          NULL 
 58.4000    1    2.000   1.0000          line
 60.4000    0    1.700   1.0000          NULL 
 62.1000    2    2.000   1.0000        square
 64.1000    0    1.500   1.0000          NULL 
 65.6000    2    2.000   1.0000        square
 67.6000    0    1.000   1.0000          NULL 
 68.6000    1    2.000   1.0000          line
 70.6000    0    1.000   1.0000          NULL 
 71.6000    1    2.000   1.0000          line
 73.6000    0    1.000   1.0000          NULL 
 74.6000    2    2.000   1.0000        square
 76.6000    0    1.500   1.0000          NULL 
 78.1000    1    2.000   1.0000          line
 80.1000    0    1.300   1.0000          NULL 
 81.3999    1    2.000   1.0000          line
 83.3999    0    1.300   1.0000          NULL 
 84.6999    2    2.000   1.0000        square
 86.6999    0    1.400   1.0000          NULL 
 88.0999    2    2.000   1.0000        square
 90.0999    0    1.100   1.0000          NULL 
 91.1999    2    2.000   1.0000        square
 93.1999    0    1.000   1.0000          NULL 
 94.1999    2    2.000   1.0000        square
 96.1999    0    1.200   1.0000          NULL 
 97.3999    2    2.000   1.0000        square
 99.3999    0    1.600   1.0000          NULL 
100.9999    2    2.000   1.0000        square
102.9999    0    1.000   1.0000          NULL 
103.9999    1    2.000   1.0000          line
105.9999    0    1.700   1.0000          NULL 
107.6999    1    2.000   1.0000          line
109.6999    0    1.000   1.0000          NULL 
110.6999    2    2.000   1.0000        square
112.6999    0    1.200   1.0000          NULL 
113.8999    1    2.000   1.0000          line
115.8999    0    1.200   1.0000          NULL 
117.0999    2    2.000   1.0000        square
119.0999    0    1.000   1.0000          NULL 
120.0999    2    2.000   1.0000        square
122.0999    0    1.000   1.0000          NULL 
123.0999    2    2.000   1.0000        square
125.0999    0    1.600   1.0000          NULL 
126.6999    1    2.000   1.0000          line
128.6999    0    1.300   1.0000          NULL 
