  0.0000    2    2.000   1.0000        square
  2.0000    0    0.500   1.0000          NULL 
  2.5000    2    2.000   1.0000        square
  4.5000    0    0.500   1.0000          NULL 
  5.0000    1    2.000   1.0000          line
  7.0000    0    2.500   1.0000          NULL 
  9.5000    1    2.000   1.0000          line
 11.5000    0    0.500   1.0000          NULL 
 12.0000    2    2.000   1.0000        square
 14.0000    0    1.000   1.0000          NULL 
 15.0000    1    2.000   1.0000          line
 17.0000    0    0.500   1.0000          NULL 
 17.5000    1    2.000   1.0000          line
 19.5000    0    1.000   1.0000          NULL 
 20.5000    1    2.000   1.0000          line
 22.5000    0    1.000   1.0000          NULL 
 23.5000    1    2.000   1.0000          line
 25.5000    0    0.500   1.0000          NULL 
 26.0000    2    2.000   1.0000        square
 28.0000    0    3.500   1.0000          NULL 
 31.5000    1    2.000   1.0000          line
 33.5000    0    0.500   1.0000          NULL 
 34.0000    1    2.000   1.0000          line
 36.0000    0    1.000   1.0000          NULL 
 37.0000    1    2.000   1.0000          line
 39.0000    0    3.500   1.0000          NULL 
 42.5000    2    2.000   1.0000        square
 44.5000    0    2.000   1.0000          NULL 
 46.5000    2    2.000   1.0000        square
 48.5000    0    0.500   1.0000          NULL 
 49.0000    2    2.000   1.0000        square
 51.0000    0    3.000   1.0000          NULL 
 54.0000    2    2.000   1.0000        square
 56.0000    0    0.500   1.0000          NULL 
 56.5000    1    2.000   1.0000          line
 58.5000    0    1.000   1.0000          NULL 
 59.5000    1    2.000   1.0000          line
 61.5000    0    3.500   1.0000          NULL 
 65.0000    2    2.000   1.0000        square
 67.0000    0    2.000   1.0000          NULL 
 69.0000    1    2.000   1.0000          line
 71.0000    0    2.500   1.0000          NULL 
 73.5000    2    2.000   1.0000        square
 75.5000    0    1.500   1.0000          NULL 
 77.0000    1    2.000   1.0000          line
 79.0000    0    1.000   1.0000          NULL 
 80.0000    2    2.000   1.0000        square
 82.0000    0    1.500   1.0000          NULL 
 83.5000    2    2.000   1.0000        square
 85.5000    0    1.000   1.0000          NULL 
 86.5000    2    2.000   1.0000        square
 88.5000    0    0.500   1.0000          NULL 
 89.0000    1    2.000   1.0000          line
 91.0000    0    0.500   1.0000          NULL 
 91.5000    2    2.000   1.0000        square
 93.5000    0    1.500   1.0000          NULL 
 95.0000    2    2.000   1.0000        square
 97.0000    0    0.500   1.0000          NULL 
 97.5000    2    2.000   1.0000        square
 99.5000    0    1.000   1.0000          NULL 
100.5000    1    2.000   1.0000          line
102.5000    0    1.000   1.0000          NULL 
103.5000    1    2.000   1.0000          line
105.5000    0    3.000   1.0000          NULL 
108.5000    1    2.000   1.0000          line
110.5000    0    0.500   1.0000          NULL 
111.0000    1    2.000   1.0000          line
113.0000    0    2.000   1.0000          NULL 
115.0000    2    2.000   1.0000        square
117.0000    0    3.500   1.0000          NULL 
120.5000    2    2.000   1.0000        square
122.5000    0    2.000   1.0000          NULL 
124.5000    1    2.000   1.0000          line
126.5000    0    0.500   1.0000          NULL 
127.0000    1    2.000   1.0000          line
129.0000    0    1.000   1.0000          NULL 
130.0000    1    2.000   1.0000          line
132.0000    0    0.500   1.0000          NULL 
132.5000    2    2.000   1.0000        square
134.5000    0    0.500   1.0000          NULL 
135.0000    1    2.000   1.0000          line
137.0000    0    3.000   1.0000          NULL 
140.0000    1    2.000   1.0000          line
142.0000    0    0.500   1.0000          NULL 
142.5000    2    2.000   1.0000        square
144.5000    0    1.000   1.0000          NULL 
145.5000    1    2.000   1.0000          line
147.5000    0    1.000   1.0000          NULL 
148.5000    2    2.000   1.0000        square
150.5000    0    1.500   1.0000          NULL 
152.0000    1    2.000   1.0000          line
154.0000    0    4.000   1.0000          NULL 
158.0000    2    2.000   1.0000        square
160.0000    0    1.500   1.0000          NULL 
161.5000    1    2.000   1.0000          line
163.5000    0    1.000   1.0000          NULL 
164.5000    2    2.000   1.0000        square
166.5000    0    0.500   1.0000          NULL 
167.0000    1    2.000   1.0000          line
169.0000    0    2.000   1.0000          NULL 
171.0000    1    2.000   1.0000          line
173.0000    0    0.500   1.0000          NULL 
173.5000    2    2.000   1.0000        square
175.5000    0    0.500   1.0000          NULL 
176.0000    1    2.000   1.0000          line
178.0000    0    4.000   1.0000          NULL 
182.0000    2    2.000   1.0000        square
184.0000    0    3.000   1.0000          NULL 
187.0000    2    2.000   1.0000        square
189.0000    0    1.500   1.0000          NULL 
190.5000    2    2.000   1.0000        square
192.5000    0    2.500   1.0000          NULL 
195.0000    1    2.000   1.0000          line
197.0000    0    1.000   1.0000          NULL 
198.0000    2    2.000   1.0000        square
200.0000    0    3.000   1.0000          NULL 
203.0000    1    2.000   1.0000          line
205.0000    0    0.500   1.0000          NULL 
205.5000    2    2.000   1.0000        square
207.5000    0    2.000   1.0000          NULL 
209.5000    1    2.000   1.0000          line
211.5000    0    1.500   1.0000          NULL 
213.0000    2    2.000   1.0000        square
215.0000    0    2.000   1.0000          NULL 
217.0000    1    2.000   1.0000          line
219.0000    0    1.000   1.0000          NULL 
220.0000    1    2.000   1.0000          line
222.0000    0    1.500   1.0000          NULL 
223.5000    2    2.000   1.0000        square
225.5000    0    0.500   1.0000          NULL 
226.0000    1    2.000   1.0000          line
228.0000    0    1.000   1.0000          NULL 
229.0000    2    2.000   1.0000        square
231.0000    0    1.000   1.0000          NULL 
232.0000    1    2.000   1.0000          line
234.0000    0    3.000   1.0000          NULL 
237.0000    2    2.000   1.0000        square
239.0000    0    0.500   1.0000          NULL 
239.5000    2    2.000   1.0000        square
241.5000    0    0.500   1.0000          NULL 
242.0000    2    2.000   1.0000        square
244.0000    0    1.000   1.0000          NULL 
245.0000    1    2.000   1.0000          line
247.0000    0    0.500   1.0000          NULL 
247.5000    2    2.000   1.0000        square
249.5000    0    3.000   1.0000          NULL 
252.5000    1    2.000   1.0000          line
254.5000    0    1.500   1.0000          NULL 
256.0000    1    2.000   1.0000          line
258.0000    0    1.000   1.0000          NULL 
259.0000    2    2.000   1.0000        square
261.0000    0    1.500   1.0000          NULL 
262.5000    2    2.000   1.0000        square
264.5000    0    1.500   1.0000          NULL 
266.0000    1    2.000   1.0000          line
268.0000    0    1.000   1.0000          NULL 
269.0000    2    2.000   1.0000        square
271.0000    0    1.500   1.0000          NULL 
272.5000    2    2.000   1.0000        square
274.5000    0    0.500   1.0000          NULL 
275.0000    2    2.000   1.0000        square
277.0000    0    0.500   1.0000          NULL 
277.5000    2    2.000   1.0000        square
279.5000    0    0.500   1.0000          NULL 
280.0000    1    2.000   1.0000          line
282.0000    0    0.500   1.0000          NULL 
282.5000    2    2.000   1.0000        square
284.5000    0    1.500   1.0000          NULL 
286.0000    2    2.000   1.0000        square
288.0000    0    1.000   1.0000          NULL 
289.0000    1    2.000   1.0000          line
291.0000    0    1.500   1.0000          NULL 
292.5000    1    2.000   1.0000          line
294.5000    0    1.000   1.0000          NULL 
295.5000    1    2.000   1.0000          line
297.5000    0    1.000   1.0000          NULL 
298.5000    1    2.000   1.0000          line
300.5000    0    2.000   1.0000          NULL 
302.5000    1    2.000   1.0000          line
304.5000    0    0.500   1.0000          NULL 
305.0000    2    2.000   1.0000        square
307.0000    0    0.500   1.0000          NULL 
307.5000    1    2.000   1.0000          line
309.5000    0    2.000   1.0000          NULL 
311.5000    1    2.000   1.0000          line
313.5000    0    2.500   1.0000          NULL 
316.0000    1    2.000   1.0000          line
318.0000    0    0.500   1.0000          NULL 
318.5000    2    2.000   1.0000        square
320.5000    0    0.500   1.0000          NULL 
321.0000    2    2.000   1.0000        square
323.0000    0    0.500   1.0000          NULL 
323.5000    1    2.000   1.0000          line
325.5000    0    1.000   1.0000          NULL 
326.5000    1    2.000   1.0000          line
328.5000    0    4.000   1.0000          NULL 
332.5000    2    2.000   1.0000        square
334.5000    0    1.000   1.0000          NULL 
335.5000    1    2.000   1.0000          line
337.5000    0    0.500   1.0000          NULL 
338.0000    1    2.000   1.0000          line
340.0000    0    1.000   1.0000          NULL 
341.0000    1    2.000   1.0000          line
343.0000    0    0.500   1.0000          NULL 
343.5000    2    2.000   1.0000        square
345.5000    0    0.500   1.0000          NULL 
346.0000    2    2.000   1.0000        square
348.0000    0    0.500   1.0000          NULL 
348.5000    1    2.000   1.0000          line
350.5000    0    3.000   1.0000          NULL 
353.5000    2    2.000   1.0000        square
355.5000    0    1.000   1.0000          NULL 
356.5000    2    2.000   1.0000        square
358.5000    0    1.500   1.0000          NULL 
360.0000    2    2.000   1.0000        square
362.0000    0    1.000   1.0000          NULL 
363.0000    2    2.000   1.0000        square
365.0000    0    1.000   1.0000          NULL 
366.0000    2    2.000   1.0000        square
368.0000    0    0.500   1.0000          NULL 
368.5000    2    2.000   1.0000        square
370.5000    0    1.000   1.0000          NULL 
371.5000    2    2.000   1.0000        square
373.5000    0    0.500   1.0000          NULL 
374.0000    1    2.000   1.0000          line
376.0000    0    2.500   1.0000          NULL 
378.5000    1    2.000   1.0000          line
380.5000    0    2.000   1.0000          NULL 
382.5000    2    2.000   1.0000        square
384.5000    0    2.000   1.0000          NULL 
386.5000    1    2.000   1.0000          line
388.5000    0    0.500   1.0000          NULL 
389.0000    1    2.000   1.0000          line
391.0000    0    0.500   1.0000          NULL 
391.5000    2    2.000   1.0000        square
393.5000    0    1.500   1.0000          NULL 
395.0000    1    2.000   1.0000          line
397.0000    0    0.500   1.0000          NULL 
397.5000    2    2.000   1.0000        square
399.5000    0    0.500   1.0000          NULL 
