  0.0000    1    2.000   1.0000          line
  2.0000    0    1.500   1.0000          NULL 
  3.5000    1    2.000   1.0000          line
  5.5000    0    1.000   1.0000          NULL 
  6.5000    1    2.000   1.0000          line
  8.5000    0    1.000   1.0000          NULL 
  9.5000    1    2.000   1.0000          line
 11.5000    0    0.500   1.0000          NULL 
 12.0000    1    2.000   1.0000          line
 14.0000    0    2.500   1.0000          NULL 
 16.5000    2    2.000   1.0000        square
 18.5000    0    0.500   1.0000          NULL 
 19.0000    2    2.000   1.0000        square
 21.0000    0    0.500   1.0000          NULL 
 21.5000    2    2.000   1.0000        square
 23.5000    0    3.000   1.0000          NULL 
 26.5000    2    2.000   1.0000        square
 28.5000    0    0.500   1.0000          NULL 
 29.0000    2    2.000   1.0000        square
 31.0000    0    2.000   1.0000          NULL 
 33.0000    1    2.000   1.0000          line
 35.0000    0    0.500   1.0000          NULL 
 35.5000    2    2.000   1.0000        square
 37.5000    0    0.500   1.0000          NULL 
 38.0000    1    2.000   1.0000          line
 40.0000    0    1.000   1.0000          NULL 
 41.0000    2    2.000   1.0000        square
 43.0000    0    1.000   1.0000          NULL 
 44.0000    2    2.000   1.0000        square
 46.0000    0    0.500   1.0000          NULL 
 46.5000    2    2.000   1.0000        square
 48.5000    0    2.500   1.0000          NULL 
 51.0000    1    2.000   1.0000          line
 53.0000    0    2.000   1.0000          NULL 
 55.0000    1    2.000   1.0000          line
 57.0000    0    0.500   1.0000          NULL 
 57.5000    2    2.000   1.0000        square
 59.5000    0    1.000   1.0000          NULL 
 60.5000    2    2.000   1.0000        square
 62.5000    0    0.500   1.0000          NULL 
 63.0000    1    2.000   1.0000          line
 65.0000    0    2.000   1.0000          NULL 
 67.0000    1    2.000   1.0000          line
 69.0000    0    2.000   1.0000          NULL 
 71.0000    2    2.000   1.0000        square
 73.0000    0    0.500   1.0000          NULL 
 73.5000    2    2.000   1.0000        square
 75.5000    0    4.000   1.0000          NULL 
 79.5000    2    2.000   1.0000        square
 81.5000    0    0.500   1.0000          NULL 
 82.0000    1    2.000   1.0000          line
 84.0000    0    1.500   1.0000          NULL 
 85.5000    1    2.000   1.0000          line
 87.5000    0    3.500   1.0000          NULL 
 91.0000    1    2.000   1.0000          line
 93.0000    0    2.500   1.0000          NULL 
 95.5000    1    2.000   1.0000          line
 97.5000    0    0.500   1.0000          NULL 
 98.0000    1    2.000   1.0000          line
100.0000    0    1.000   1.0000          NULL 
101.0000    1    2.000   1.0000          line
103.0000    0    3.500   1.0000          NULL 
106.5000    2    2.000   1.0000        square
108.5000    0    0.500   1.0000          NULL 
109.0000    1    2.000   1.0000          line
111.0000    0    1.000   1.0000          NULL 
112.0000    1    2.000   1.0000          line
114.0000    0    0.500   1.0000          NULL 
114.5000    2    2.000   1.0000        square
116.5000    0    1.500   1.0000          NULL 
118.0000    1    2.000   1.0000          line
120.0000    0    2.500   1.0000          NULL 
122.5000    1    2.000   1.0000          line
124.5000    0    1.000   1.0000          NULL 
125.5000    2    2.000   1.0000        square
127.5000    0    0.500   1.0000          NULL 
128.0000    2    2.000   1.0000        square
130.0000    0    1.500   1.0000          NULL 
131.5000    2    2.000   1.0000        square
133.5000    0    2.000   1.0000          NULL 
135.5000    2    2.000   1.0000        square
137.5000    0    2.500   1.0000          NULL 
140.0000    1    2.000   1.0000          line
142.0000    0    0.500   1.0000          NULL 
142.5000    1    2.000   1.0000          line
144.5000    0    0.500   1.0000          NULL 
145.0000    2    2.000   1.0000        square
147.0000    0    0.500   1.0000          NULL 
147.5000    1    2.000   1.0000          line
149.5000    0    0.500   1.0000          NULL 
150.0000    1    2.000   1.0000          line
152.0000    0    2.000   1.0000          NULL 
154.0000    1    2.000   1.0000          line
156.0000    0    0.500   1.0000          NULL 
156.5000    2    2.000   1.0000        square
158.5000    0    1.000   1.0000          NULL 
159.5000    2    2.000   1.0000        square
161.5000    0    0.500   1.0000          NULL 
162.0000    1    2.000   1.0000          line
164.0000    0    0.500   1.0000          NULL 
164.5000    1    2.000   1.0000          line
166.5000    0    1.500   1.0000          NULL 
168.0000    2    2.000   1.0000        square
170.0000    0    0.500   1.0000          NULL 
170.5000    1    2.000   1.0000          line
172.5000    0    3.000   1.0000          NULL 
175.5000    1    2.000   1.0000          line
177.5000    0    0.500   1.0000          NULL 
178.0000    2    2.000   1.0000        square
180.0000    0    0.500   1.0000          NULL 
180.5000    1    2.000   1.0000          line
182.5000    0    1.000   1.0000          NULL 
183.5000    2    2.000   1.0000        square
185.5000    0    2.000   1.0000          NULL 
187.5000    1    2.000   1.0000          line
189.5000    0    3.000   1.0000          NULL 
192.5000    1    2.000   1.0000          line
194.5000    0    0.500   1.0000          NULL 
195.0000    2    2.000   1.0000        square
197.0000    0    1.500   1.0000          NULL 
198.5000    1    2.000   1.0000          line
200.5000    0    1.500   1.0000          NULL 
202.0000    1    2.000   1.0000          line
204.0000    0    3.500   1.0000          NULL 
207.5000    2    2.000   1.0000        square
209.5000    0    0.500   1.0000          NULL 
210.0000    2    2.000   1.0000        square
212.0000    0    1.000   1.0000          NULL 
213.0000    1    2.000   1.0000          line
215.0000    0    3.000   1.0000          NULL 
218.0000    2    2.000   1.0000        square
220.0000    0    2.000   1.0000          NULL 
222.0000    1    2.000   1.0000          line
224.0000    0    0.500   1.0000          NULL 
224.5000    1    2.000   1.0000          line
226.5000    0    0.500   1.0000          NULL 
227.0000    2    2.000   1.0000        square
229.0000    0    0.500   1.0000          NULL 
229.5000    2    2.000   1.0000        square
231.5000    0    3.000   1.0000          NULL 
234.5000    2    2.000   1.0000        square
236.5000    0    1.000   1.0000          NULL 
237.5000    2    2.000   1.0000        square
239.5000    0    1.000   1.0000          NULL 
240.5000    2    2.000   1.0000        square
242.5000    0    1.500   1.0000          NULL 
244.0000    1    2.000   1.0000          line
246.0000    0    1.000   1.0000          NULL 
247.0000    1    2.000   1.0000          line
249.0000    0    3.500   1.0000          NULL 
252.5000    1    2.000   1.0000          line
254.5000    0    0.500   1.0000          NULL 
255.0000    2    2.000   1.0000        square
257.0000    0    2.000   1.0000          NULL 
259.0000    2    2.000   1.0000        square
261.0000    0    1.000   1.0000          NULL 
262.0000    2    2.000   1.0000        square
264.0000    0    1.000   1.0000          NULL 
265.0000    1    2.000   1.0000          line
267.0000    0    1.000   1.0000          NULL 
268.0000    2    2.000   1.0000        square
270.0000    0    2.000   1.0000          NULL 
272.0000    2    2.000   1.0000        square
274.0000    0    1.000   1.0000          NULL 
275.0000    1    2.000   1.0000          line
277.0000    0    2.000   1.0000          NULL 
279.0000    2    2.000   1.0000        square
281.0000    0    0.500   1.0000          NULL 
281.5000    1    2.000   1.0000          line
283.5000    0    1.000   1.0000          NULL 
284.5000    2    2.000   1.0000        square
286.5000    0    0.500   1.0000          NULL 
287.0000    2    2.000   1.0000        square
289.0000    0    0.500   1.0000          NULL 
289.5000    1    2.000   1.0000          line
291.5000    0    1.000   1.0000          NULL 
292.5000    2    2.000   1.0000        square
294.5000    0    0.500   1.0000          NULL 
295.0000    1    2.000   1.0000          line
297.0000    0    1.500   1.0000          NULL 
298.5000    2    2.000   1.0000        square
300.5000    0    1.500   1.0000          NULL 
302.0000    2    2.000   1.0000        square
304.0000    0    1.500   1.0000          NULL 
305.5000    1    2.000   1.0000          line
307.5000    0    2.000   1.0000          NULL 
309.5000    2    2.000   1.0000        square
311.5000    0    0.500   1.0000          NULL 
312.0000    2    2.000   1.0000        square
314.0000    0    0.500   1.0000          NULL 
314.5000    1    2.000   1.0000          line
316.5000    0    3.000   1.0000          NULL 
319.5000    1    2.000   1.0000          line
321.5000    0    0.500   1.0000          NULL 
322.0000    2    2.000   1.0000        square
324.0000    0    0.500   1.0000          NULL 
324.5000    2    2.000   1.0000        square
326.5000    0    0.500   1.0000          NULL 
327.0000    2    2.000   1.0000        square
329.0000    0    1.500   1.0000          NULL 
330.5000    1    2.000   1.0000          line
332.5000    0    0.500   1.0000          NULL 
333.0000    2    2.000   1.0000        square
335.0000    0    2.500   1.0000          NULL 
337.5000    1    2.000   1.0000          line
339.5000    0    0.500   1.0000          NULL 
340.0000    2    2.000   1.0000        square
342.0000    0    4.000   1.0000          NULL 
346.0000    1    2.000   1.0000          line
348.0000    0    0.500   1.0000          NULL 
348.5000    1    2.000   1.0000          line
350.5000    0    1.000   1.0000          NULL 
351.5000    1    2.000   1.0000          line
353.5000    0    0.500   1.0000          NULL 
354.0000    2    2.000   1.0000        square
356.0000    0    1.500   1.0000          NULL 
357.5000    2    2.000   1.0000        square
359.5000    0    0.500   1.0000          NULL 
360.0000    2    2.000   1.0000        square
362.0000    0    4.000   1.0000          NULL 
366.0000    2    2.000   1.0000        square
368.0000    0    2.000   1.0000          NULL 
370.0000    2    2.000   1.0000        square
372.0000    0    1.500   1.0000          NULL 
373.5000    1    2.000   1.0000          line
375.5000    0    0.500   1.0000          NULL 
376.0000    1    2.000   1.0000          line
378.0000    0    1.000   1.0000          NULL 
379.0000    2    2.000   1.0000        square
381.0000    0    1.000   1.0000          NULL 
382.0000    2    2.000   1.0000        square
384.0000    0    1.500   1.0000          NULL 
385.5000    1    2.000   1.0000          line
387.5000    0    0.500   1.0000          NULL 
388.0000    1    2.000   1.0000          line
390.0000    0    1.500   1.0000          NULL 
391.5000    1    2.000   1.0000          line
393.5000    0    3.500   1.0000          NULL 
397.0000    1    2.000   1.0000          line
399.0000    0    1.000   1.0000          NULL 
