  0.0000    2    2.000   1.0000        square
  2.0000    0    1.000   1.0000          NULL 
  3.0000    2    2.000   1.0000        square
  5.0000    0    1.400   1.0000          NULL 
  6.4000    1    2.000   1.0000          line
  8.4000    0    1.300   1.0000          NULL 
  9.7000    1    2.000   1.0000          line
 11.7000    0    1.700   1.0000          NULL 
 13.4000    1    2.000   1.0000          line
 15.4000    0    1.100   1.0000          NULL 
 16.5000    1    2.000   1.0000          line
 18.5000    0    1.000   1.0000          NULL 
 19.5000    2    2.000   1.0000        square
 21.5000    0    1.000   1.0000          NULL 
 22.5000    1    2.000   1.0000          line
 24.5000    0    1.600   1.0000          NULL 
 26.1000    2    2.000   1.0000        square
 28.1000    0    1.000   1.0000          NULL 
 29.1000    2    2.000   1.0000        square
 31.1000    0    1.700   1.0000          NULL 
 32.8000    1    2.000   1.0000          line
 34.8000    0    1.100   1.0000          NULL 
 35.9000    1    2.000   1.0000          line
 37.9000    0    1.300   1.0000          NULL 
 39.2000    2    2.000   1.0000        square
 41.2000    0    1.200   1.0000          NULL 
 42.4000    2    2.000   1.0000        square
 44.4000    0    1.900   1.0000          NULL 
 46.3000    2    2.000   1.0000        square
 48.3000    0    1.600   1.0000          NULL 
 49.9000    1    2.000   1.0000          line
 51.9000    0    1.000   1.0000          NULL 
 52.9000    1    2.000   1.0000          line
 54.9000    0    1.600   1.0000          NULL 
 56.5000    1    2.000   1.0000          line
 58.5000    0    1.100   1.0000          NULL 
 59.6000    2    2.000   1.0000        square
 61.6000    0    1.200   1.0000          NULL 
 62.7999    1    2.000   1.0000          line
 64.7999    0    1.000   1.0000          NULL 
 65.7999    2    2.000   1.0000        square
 67.7999    0    1.400   1.0000          NULL 
 69.1999    2    2.000   1.0000        square
 71.1999    0    1.300   1.0000          NULL 
 72.4999    2    2.000   1.0000        square
 74.4999    0    1.100   1.0000          NULL 
 75.5999    2    2.000   1.0000        square
 77.5999    0    1.200   1.0000          NULL 
 78.7999    2    2.000   1.0000        square
 80.7999    0    1.700   1.0000          NULL 
 82.4999    2    2.000   1.0000        square
 84.4999    0    1.000   1.0000          NULL 
 85.4999    1    2.000   1.0000          line
 87.4999    0    1.100   1.0000          NULL 
 88.5999    1    2.000   1.0000          line
 90.5999    0    1.100   1.0000          NULL 
 91.6999    2    2.000   1.0000        square
 93.6999    0    1.100   1.0000          NULL 
 94.7999    1    2.000   1.0000          line
 96.7999    0    1.400   1.0000          NULL 
 98.1999    2    2.000   1.0000        square
100.1999    0    1.000   1.0000          NULL 
101.1999    1    2.000   1.0000          line
103.1999    0    1.000   1.0000          NULL 
104.1999    1    2.000   1.0000          line
106.1999    0    1.000   1.0000          NULL 
107.1999    1    2.000   1.0000          line
109.1999    0    1.100   1.0000          NULL 
110.2999    1    2.000   1.0000          line
112.2999    0    1.500   1.0000          NULL 
113.7999    2    2.000   1.0000        square
115.7999    0    2.000   1.0000          NULL 
117.7999    2    2.000   1.0000        square
119.7999    0    1.000   1.0000          NULL 
120.7999    2    2.000   1.0000        square
122.7999    0    1.000   1.0000          NULL 
123.7999    1    2.000   1.0000          line
125.7999    0    1.100   1.0000          NULL 
126.8999    1    2.000   1.0000          line
128.8999    0    1.100   1.0000          NULL 
