  0.0000    2    2.000   1.0000        square
  2.0000    0    1.000   1.0000          NULL 
  3.0000    1    2.000   1.0000          line
  5.0000    0    1.600   1.0000          NULL 
  6.6000    2    2.000   1.0000        square
  8.6000    0    1.200   1.0000          NULL 
  9.8000    1    2.000   1.0000          line
 11.8000    0    1.100   1.0000          NULL 
 12.9000    2    2.000   1.0000        square
 14.9000    0    1.200   1.0000          NULL 
 16.1000    2    2.000   1.0000        square
 18.1000    0    1.000   1.0000          NULL 
 19.1000    1    2.000   1.0000          line
 21.1000    0    1.500   1.0000          NULL 
 22.6000    2    2.000   1.0000        square
 24.6000    0    1.000   1.0000          NULL 
 25.6000    1    2.000   1.0000          line
 27.6000    0    1.100   1.0000          NULL 
 28.7000    2    2.000   1.0000        square
 30.7000    0    1.000   1.0000          NULL 
 31.7000    1    2.000   1.0000          line
 33.7000    0    1.000   1.0000          NULL 
 34.7000    1    2.000   1.0000          line
 36.7000    0    1.200   1.0000          NULL 
 37.9000    1    2.000   1.0000          line
 39.9000    0    1.000   1.0000          NULL 
 40.9000    2    2.000   1.0000        square
 42.9000    0    1.500   1.0000          NULL 
 44.4000    2    2.000   1.0000        square
 46.4000    0    1.100   1.0000          NULL 
 47.5000    2    2.000   1.0000        square
 49.5000    0    1.000   1.0000          NULL 
 50.5000    2    2.000   1.0000        square
 52.5000    0    1.100   1.0000          NULL 
 53.6000    2    2.000   1.0000        square
 55.6000    0    1.100   1.0000          NULL 
 56.7000    1    2.000   1.0000          line
 58.7000    0    1.900   1.0000          NULL 
 60.6000    2    2.000   1.0000        square
 62.6000    0    1.800   1.0000          NULL 
 64.4000    1    2.000   1.0000          line
 66.4000    0    1.100   1.0000          NULL 
 67.5000    1    2.000   1.0000          line
 69.5000    0    1.200   1.0000          NULL 
 70.7000    1    2.000   1.0000          line
 72.7000    0    1.100   1.0000          NULL 
 73.8000    2    2.000   1.0000        square
 75.8000    0    2.000   1.0000          NULL 
 77.7999    1    2.000   1.0000          line
 79.7999    0    1.300   1.0000          NULL 
 81.0999    2    2.000   1.0000        square
 83.0999    0    1.300   1.0000          NULL 
 84.3999    1    2.000   1.0000          line
 86.3999    0    1.000   1.0000          NULL 
 87.3999    1    2.000   1.0000          line
 89.3999    0    1.000   1.0000          NULL 
 90.3999    1    2.000   1.0000          line
 92.3999    0    1.800   1.0000          NULL 
 94.1999    1    2.000   1.0000          line
 96.1999    0    1.200   1.0000          NULL 
 97.3999    2    2.000   1.0000        square
 99.3999    0    1.100   1.0000          NULL 
100.4999    2    2.000   1.0000        square
102.4999    0    1.400   1.0000          NULL 
103.8999    1    2.000   1.0000          line
105.8999    0    1.100   1.0000          NULL 
106.9999    1    2.000   1.0000          line
108.9999    0    1.800   1.0000          NULL 
110.7999    1    2.000   1.0000          line
112.7999    0    1.100   1.0000          NULL 
113.8999    2    2.000   1.0000        square
115.8999    0    1.100   1.0000          NULL 
116.9999    1    2.000   1.0000          line
118.9999    0    1.700   1.0000          NULL 
120.6999    2    2.000   1.0000        square
122.6999    0    1.200   1.0000          NULL 
123.8999    2    2.000   1.0000        square
125.8999    0    1.100   1.0000          NULL 
126.9999    2    2.000   1.0000        square
128.9999    0    1.000   1.0000          NULL 
