  0.0000    1    2.000   1.0000          line
  2.0000    0    1.100   1.0000          NULL 
  3.1000    2    2.000   1.0000        square
  5.1000    0    1.200   1.0000          NULL 
  6.3000    2    2.000   1.0000        square
  8.3000    0    1.500   1.0000          NULL 
  9.8000    1    2.000   1.0000          line
 11.8000    0    1.000   1.0000          NULL 
 12.8000    2    2.000   1.0000        square
 14.8000    0    1.900   1.0000          NULL 
 16.7000    1    2.000   1.0000          line
 18.7000    0    1.300   1.0000          NULL 
 20.0000    2    2.000   1.0000        square
 22.0000    0    1.200   1.0000          NULL 
 23.2000    1    2.000   1.0000          line
 25.2000    0    1.000   1.0000          NULL 
 26.2000    2    2.000   1.0000        square
 28.2000    0    1.900   1.0000          NULL 
 30.1000    2    2.000   1.0000        square
 32.1000    0    1.000   1.0000          NULL 
 33.1000    2    2.000   1.0000        square
 35.1000    0    1.000   1.0000          NULL 
 36.1000    2    2.000   1.0000        square
 38.1000    0    1.000   1.0000          NULL 
 39.1000    1    2.000   1.0000          line
 41.1000    0    1.700   1.0000          NULL 
 42.8000    1    2.000   1.0000          line
 44.8000    0    1.100   1.0000          NULL 
 45.9000    1    2.000   1.0000          line
 47.9000    0    1.000   1.0000          NULL 
 48.9000    1    2.000   1.0000          line
 50.9000    0    1.300   1.0000          NULL 
 52.2000    1    2.000   1.0000          line
 54.2000    0    1.400   1.0000          NULL 
 55.6000    1    2.000   1.0000          line
 57.6000    0    1.100   1.0000          NULL 
 58.7000    2    2.000   1.0000        square
 60.7000    0    1.000   1.0000          NULL 
 61.7000    1    2.000   1.0000          line
 63.7000    0    1.500   1.0000          NULL 
 65.2000    1    2.000   1.0000          line
 67.2000    0    1.000   1.0000          NULL 
 68.2000    1    2.000   1.0000          line
 70.2000    0    1.000   1.0000          NULL 
 71.2000    2    2.000   1.0000        square
 73.2000    0    1.900   1.0000          NULL 
 75.1000    2    2.000   1.0000        square
 77.1000    0    1.000   1.0000          NULL 
 78.1000    1    2.000   1.0000          line
 80.1000    0    1.600   1.0000          NULL 
 81.7000    2    2.000   1.0000        square
 83.7000    0    1.200   1.0000          NULL 
 84.8999    1    2.000   1.0000          line
 86.8999    0    1.100   1.0000          NULL 
 87.9999    1    2.000   1.0000          line
 89.9999    0    1.000   1.0000          NULL 
 90.9999    2    2.000   1.0000        square
 92.9999    0    1.600   1.0000          NULL 
 94.5999    2    2.000   1.0000        square
 96.5999    0    1.100   1.0000          NULL 
 97.6999    2    2.000   1.0000        square
 99.6999    0    1.000   1.0000          NULL 
100.6999    2    2.000   1.0000        square
102.6999    0    1.000   1.0000          NULL 
103.6999    2    2.000   1.0000        square
105.6999    0    1.200   1.0000          NULL 
106.8999    1    2.000   1.0000          line
108.8999    0    1.100   1.0000          NULL 
109.9999    1    2.000   1.0000          line
111.9999    0    1.800   1.0000          NULL 
113.7999    2    2.000   1.0000        square
115.7999    0    1.100   1.0000          NULL 
116.8999    2    2.000   1.0000        square
118.8999    0    1.100   1.0000          NULL 
119.9999    1    2.000   1.0000          line
121.9999    0    1.800   1.0000          NULL 
123.7999    1    2.000   1.0000          line
125.7999    0    1.200   1.0000          NULL 
126.9999    2    2.000   1.0000        square
128.9999    0    1.000   1.0000          NULL 
