  0.0000    2    2.000   1.0000        square
  2.0000    0    1.000   1.0000          NULL 
  3.0000    2    2.000   1.0000        square
  5.0000    0    1.200   1.0000          NULL 
  6.2000    2    2.000   1.0000        square
  8.2000    0    1.000   1.0000          NULL 
  9.2000    1    2.000   1.0000          line
 11.2000    0    1.500   1.0000          NULL 
 12.7000    1    2.000   1.0000          line
 14.7000    0    1.000   1.0000          NULL 
 15.7000    1    2.000   1.0000          line
 17.7000    0    1.500   1.0000          NULL 
 19.2000    2    2.000   1.0000        square
 21.2000    0    1.500   1.0000          NULL 
 22.7000    1    2.000   1.0000          line
 24.7000    0    1.000   1.0000          NULL 
 25.7000    1    2.000   1.0000          line
 27.7000    0    1.800   1.0000          NULL 
 29.5000    2    2.000   1.0000        square
 31.5000    0    1.200   1.0000          NULL 
 32.7000    2    2.000   1.0000        square
 34.7000    0    1.500   1.0000          NULL 
 36.2000    1    2.000   1.0000          line
 38.2000    0    1.000   1.0000          NULL 
 39.2000    2    2.000   1.0000        square
 41.2000    0    1.700   1.0000          NULL 
 42.9000    1    2.000   1.0000          line
 44.9000    0    1.000   1.0000          NULL 
 45.9000    2    2.000   1.0000        square
 47.9000    0    1.400   1.0000          NULL 
 49.3000    1    2.000   1.0000          line
 51.3000    0    1.800   1.0000          NULL 
 53.1000    1    2.000   1.0000          line
 55.1000    0    1.000   1.0000          NULL 
 56.1000    2    2.000   1.0000        square
 58.1000    0    1.000   1.0000          NULL 
 59.1000    1    2.000   1.0000          line
 61.1000    0    1.400   1.0000          NULL 
 62.5000    2    2.000   1.0000        square
 64.5000    0    1.800   1.0000          NULL 
 66.2999    1    2.000   1.0000          line
 68.2999    0    1.200   1.0000          NULL 
 69.4999    1    2.000   1.0000          line
 71.4999    0    1.200   1.0000          NULL 
 72.6999    2    2.000   1.0000        square
 74.6999    0    1.100   1.0000          NULL 
 75.7999    1    2.000   1.0000          line
 77.7999    0    1.100   1.0000          NULL 
 78.8999    2    2.000   1.0000        square
 80.8999    0    1.100   1.0000          NULL 
 81.9999    2    2.000   1.0000        square
 83.9999    0    1.600   1.0000          NULL 
 85.5999    2    2.000   1.0000        square
 87.5999    0    1.000   1.0000          NULL 
 88.5999    1    2.000   1.0000          line
 90.5999    0    1.400   1.0000          NULL 
 91.9999    2    2.000   1.0000        square
 93.9999    0    1.100   1.0000          NULL 
 95.0999    2    2.000   1.0000        square
 97.0999    0    1.000   1.0000          NULL 
 98.0999    2    2.000   1.0000        square
100.0999    0    1.000   1.0000          NULL 
101.0999    2    2.000   1.0000        square
103.0999    0    1.100   1.0000          NULL 
104.1999    1    2.000   1.0000          line
106.1999    0    1.600   1.0000          NULL 
107.7999    1    2.000   1.0000          line
109.7999    0    1.000   1.0000          NULL 
110.7999    2    2.000   1.0000        square
112.7999    0    1.100   1.0000          NULL 
113.8999    1    2.000   1.0000          line
115.8999    0    1.000   1.0000          NULL 
116.8999    1    2.000   1.0000          line
118.8999    0    1.100   1.0000          NULL 
119.9999    2    2.000   1.0000        square
121.9999    0    1.100   1.0000          NULL 
123.0999    1    2.000   1.0000          line
125.0999    0    1.000   1.0000          NULL 
126.0999    1    2.000   1.0000          line
128.0999    0    1.900   1.0000          NULL 
