  0.0000    2    2.000   1.0000        square
  2.0000    0    0.500   1.0000          NULL 
  2.5000    2    2.000   1.0000        square
  4.5000    0    1.000   1.0000          NULL 
  5.5000    1    2.000   1.0000          line
  7.5000    0    1.000   1.0000          NULL 
  8.5000    1    2.000   1.0000          line
 10.5000    0    3.500   1.0000          NULL 
 14.0000    1    2.000   1.0000          line
 16.0000    0    0.500   1.0000          NULL 
 16.5000    1    2.000   1.0000          line
 18.5000    0    0.500   1.0000          NULL 
 19.0000    2    2.000   1.0000        square
 21.0000    0    3.500   1.0000          NULL 
 24.5000    1    2.000   1.0000          line
 26.5000    0    1.000   1.0000          NULL 
 27.5000    2    2.000   1.0000        square
 29.5000    0    0.500   1.0000          NULL 
 30.0000    1    2.000   1.0000          line
 32.0000    0    1.500   1.0000          NULL 
 33.5000    1    2.000   1.0000          line
 35.5000    0    0.500   1.0000          NULL 
 36.0000    2    2.000   1.0000        square
 38.0000    0    2.000   1.0000          NULL 
 40.0000    1    2.000   1.0000          line
 42.0000    0    2.500   1.0000          NULL 
 44.5000    2    2.000   1.0000        square
 46.5000    0    1.000   1.0000          NULL 
 47.5000    1    2.000   1.0000          line
 49.5000    0    1.500   1.0000          NULL 
 51.0000    1    2.000   1.0000          line
 53.0000    0    0.500   1.0000          NULL 
 53.5000    2    2.000   1.0000        square
 55.5000    0    0.500   1.0000          NULL 
 56.0000    2    2.000   1.0000        square
 58.0000    0    2.500   1.0000          NULL 
 60.5000    1    2.000   1.0000          line
 62.5000    0    4.000   1.0000          NULL 
 66.5000    1    2.000   1.0000          line
 68.5000    0    2.500   1.0000          NULL 
 71.0000    1    2.000   1.0000          line
 73.0000    0    0.500   1.0000          NULL 
 73.5000    2    2.000   1.0000        square
 75.5000    0    0.500   1.0000          NULL 
 76.0000    2    2.000   1.0000        square
 78.0000    0    0.500   1.0000          NULL 
 78.5000    1    2.000   1.0000          line
 80.5000    0    0.500   1.0000          NULL 
 81.0000    2    2.000   1.0000        square
 83.0000    0    1.000   1.0000          NULL 
 84.0000    2    2.000   1.0000        square
 86.0000    0    1.000   1.0000          NULL 
 87.0000    1    2.000   1.0000          line
 89.0000    0    1.500   1.0000          NULL 
 90.5000    1    2.000   1.0000          line
 92.5000    0    1.500   1.0000          NULL 
 94.0000    2    2.000   1.0000        square
 96.0000    0    1.000   1.0000          NULL 
 97.0000    1    2.000   1.0000          line
 99.0000    0    2.500   1.0000          NULL 
101.5000    1    2.000   1.0000          line
103.5000    0    3.500   1.0000          NULL 
107.0000    1    2.000   1.0000          line
109.0000    0    0.500   1.0000          NULL 
109.5000    1    2.000   1.0000          line
111.5000    0    1.500   1.0000          NULL 
113.0000    1    2.000   1.0000          line
115.0000    0    1.000   1.0000          NULL 
116.0000    1    2.000   1.0000          line
118.0000    0    0.500   1.0000          NULL 
118.5000    1    2.000   1.0000          line
120.5000    0    3.000   1.0000          NULL 
123.5000    2    2.000   1.0000        square
125.5000    0    0.500   1.0000          NULL 
126.0000    1    2.000   1.0000          line
128.0000    0    2.500   1.0000          NULL 
130.5000    2    2.000   1.0000        square
132.5000    0    0.500   1.0000          NULL 
133.0000    2    2.000   1.0000        square
135.0000    0    0.500   1.0000          NULL 
135.5000    2    2.000   1.0000        square
137.5000    0    1.000   1.0000          NULL 
138.5000    2    2.000   1.0000        square
140.5000    0    0.500   1.0000          NULL 
141.0000    1    2.000   1.0000          line
143.0000    0    1.000   1.0000          NULL 
144.0000    1    2.000   1.0000          line
146.0000    0    2.500   1.0000          NULL 
148.5000    2    2.000   1.0000        square
150.5000    0    0.500   1.0000          NULL 
151.0000    2    2.000   1.0000        square
153.0000    0    1.000   1.0000          NULL 
154.0000    1    2.000   1.0000          line
156.0000    0    1.000   1.0000          NULL 
157.0000    2    2.000   1.0000        square
159.0000    0    2.500   1.0000          NULL 
161.5000    1    2.000   1.0000          line
163.5000    0    1.000   1.0000          NULL 
164.5000    1    2.000   1.0000          line
166.5000    0    0.500   1.0000          NULL 
167.0000    2    2.000   1.0000        square
169.0000    0    0.500   1.0000          NULL 
169.5000    1    2.000   1.0000          line
171.5000    0    1.000   1.0000          NULL 
172.5000    1    2.000   1.0000          line
174.5000    0    1.500   1.0000          NULL 
176.0000    2    2.000   1.0000        square
178.0000    0    1.500   1.0000          NULL 
179.5000    2    2.000   1.0000        square
181.5000    0    0.500   1.0000          NULL 
182.0000    2    2.000   1.0000        square
184.0000    0    0.500   1.0000          NULL 
184.5000    1    2.000   1.0000          line
186.5000    0    1.000   1.0000          NULL 
187.5000    2    2.000   1.0000        square
189.5000    0    1.000   1.0000          NULL 
190.5000    2    2.000   1.0000        square
192.5000    0    1.500   1.0000          NULL 
194.0000    2    2.000   1.0000        square
196.0000    0    1.000   1.0000          NULL 
197.0000    1    2.000   1.0000          line
199.0000    0    1.500   1.0000          NULL 
200.5000    2    2.000   1.0000        square
202.5000    0    3.500   1.0000          NULL 
206.0000    2    2.000   1.0000        square
208.0000    0    0.500   1.0000          NULL 
208.5000    1    2.000   1.0000          line
210.5000    0    1.000   1.0000          NULL 
211.5000    2    2.000   1.0000        square
213.5000    0    3.500   1.0000          NULL 
217.0000    2    2.000   1.0000        square
219.0000    0    1.500   1.0000          NULL 
220.5000    1    2.000   1.0000          line
222.5000    0    0.500   1.0000          NULL 
223.0000    1    2.000   1.0000          line
225.0000    0    1.000   1.0000          NULL 
226.0000    2    2.000   1.0000        square
228.0000    0    0.500   1.0000          NULL 
228.5000    2    2.000   1.0000        square
230.5000    0    1.000   1.0000          NULL 
231.5000    1    2.000   1.0000          line
233.5000    0    1.000   1.0000          NULL 
234.5000    2    2.000   1.0000        square
236.5000    0    0.500   1.0000          NULL 
237.0000    1    2.000   1.0000          line
239.0000    0    4.000   1.0000          NULL 
243.0000    2    2.000   1.0000        square
245.0000    0    1.500   1.0000          NULL 
246.5000    1    2.000   1.0000          line
248.5000    0    4.000   1.0000          NULL 
252.5000    1    2.000   1.0000          line
254.5000    0    0.500   1.0000          NULL 
255.0000    2    2.000   1.0000        square
257.0000    0    2.000   1.0000          NULL 
259.0000    2    2.000   1.0000        square
261.0000    0    1.000   1.0000          NULL 
262.0000    1    2.000   1.0000          line
264.0000    0    1.000   1.0000          NULL 
265.0000    1    2.000   1.0000          line
267.0000    0    1.500   1.0000          NULL 
268.5000    2    2.000   1.0000        square
270.5000    0    0.500   1.0000          NULL 
271.0000    2    2.000   1.0000        square
273.0000    0    2.000   1.0000          NULL 
275.0000    1    2.000   1.0000          line
277.0000    0    0.500   1.0000          NULL 
277.5000    2    2.000   1.0000        square
279.5000    0    0.500   1.0000          NULL 
280.0000    1    2.000   1.0000          line
282.0000    0    0.500   1.0000          NULL 
282.5000    1    2.000   1.0000          line
284.5000    0    2.000   1.0000          NULL 
286.5000    2    2.000   1.0000        square
288.5000    0    1.000   1.0000          NULL 
289.5000    1    2.000   1.0000          line
291.5000    0    3.000   1.0000          NULL 
294.5000    1    2.000   1.0000          line
296.5000    0    0.500   1.0000          NULL 
297.0000    1    2.000   1.0000          line
299.0000    0    1.500   1.0000          NULL 
300.5000    2    2.000   1.0000        square
302.5000    0    2.000   1.0000          NULL 
304.5000    2    2.000   1.0000        square
306.5000    0    1.000   1.0000          NULL 
307.5000    1    2.000   1.0000          line
309.5000    0    1.500   1.0000          NULL 
311.0000    2    2.000   1.0000        square
313.0000    0    0.500   1.0000          NULL 
313.5000    2    2.000   1.0000        square
315.5000    0    2.500   1.0000          NULL 
318.0000    1    2.000   1.0000          line
320.0000    0    0.500   1.0000          NULL 
320.5000    2    2.000   1.0000        square
322.5000    0    0.500   1.0000          NULL 
323.0000    2    2.000   1.0000        square
325.0000    0    1.000   1.0000          NULL 
326.0000    1    2.000   1.0000          line
328.0000    0    1.000   1.0000          NULL 
329.0000    1    2.000   1.0000          line
331.0000    0    1.500   1.0000          NULL 
332.5000    2    2.000   1.0000        square
334.5000    0    2.000   1.0000          NULL 
336.5000    2    2.000   1.0000        square
338.5000    0    1.000   1.0000          NULL 
339.5000    1    2.000   1.0000          line
341.5000    0    0.500   1.0000          NULL 
342.0000    1    2.000   1.0000          line
344.0000    0    3.500   1.0000          NULL 
347.5000    2    2.000   1.0000        square
349.5000    0    1.500   1.0000          NULL 
351.0000    1    2.000   1.0000          line
353.0000    0    0.500   1.0000          NULL 
353.5000    2    2.000   1.0000        square
355.5000    0    0.500   1.0000          NULL 
356.0000    2    2.000   1.0000        square
358.0000    0    0.500   1.0000          NULL 
358.5000    2    2.000   1.0000        square
360.5000    0    1.000   1.0000          NULL 
361.5000    2    2.000   1.0000        square
363.5000    0    2.000   1.0000          NULL 
365.5000    2    2.000   1.0000        square
367.5000    0    0.500   1.0000          NULL 
368.0000    1    2.000   1.0000          line
370.0000    0    1.500   1.0000          NULL 
371.5000    1    2.000   1.0000          line
373.5000    0    1.500   1.0000          NULL 
375.0000    2    2.000   1.0000        square
377.0000    0    4.000   1.0000          NULL 
381.0000    2    2.000   1.0000        square
383.0000    0    2.000   1.0000          NULL 
385.0000    1    2.000   1.0000          line
387.0000    0    0.500   1.0000          NULL 
387.5000    1    2.000   1.0000          line
389.5000    0    1.000   1.0000          NULL 
390.5000    2    2.000   1.0000        square
392.5000    0    1.000   1.0000          NULL 
393.5000    1    2.000   1.0000          line
395.5000    0    1.500   1.0000          NULL 
397.0000    2    2.000   1.0000        square
399.0000    0    1.000   1.0000          NULL 
