  0.0000    2    2.000   1.0000        square
  2.0000    0    1.100   1.0000          NULL 
  3.1000    1    2.000   1.0000          line
  5.1000    0    1.900   1.0000          NULL 
  7.0000    1    2.000   1.0000          line
  9.0000    0    1.100   1.0000          NULL 
 10.1000    1    2.000   1.0000          line
 12.1000    0    1.300   1.0000          NULL 
 13.4000    2    2.000   1.0000        square
 15.4000    0    1.300   1.0000          NULL 
 16.7000    2    2.000   1.0000        square
 18.7000    0    1.300   1.0000          NULL 
 20.0000    2    2.000   1.0000        square
 22.0000    0    1.000   1.0000          NULL 
 23.0000    2    2.000   1.0000        square
 25.0000    0    1.700   1.0000          NULL 
 26.7000    1    2.000   1.0000          line
 28.7000    0    1.000   1.0000          NULL 
 29.7000    2    2.000   1.0000        square
 31.7000    0    1.300   1.0000          NULL 
 33.0000    1    2.000   1.0000          line
 35.0000    0    1.500   1.0000          NULL 
 36.5000    1    2.000   1.0000          line
 38.5000    0    1.200   1.0000          NULL 
 39.7000    2    2.000   1.0000        square
 41.7000    0    1.000   1.0000          NULL 
 42.7000    1    2.000   1.0000          line
 44.7000    0    1.200   1.0000          NULL 
 45.9000    1    2.000   1.0000          line
 47.9000    0    1.100   1.0000          NULL 
 49.0000    2    2.000   1.0000        square
 51.0000    0    1.000   1.0000          NULL 
 52.0000    2    2.000   1.0000        square
 54.0000    0    1.000   1.0000          NULL 
 55.0000    2    2.000   1.0000        square
 57.0000    0    1.100   1.0000          NULL 
 58.1000    2    2.000   1.0000        square
 60.1000    0    1.800   1.0000          NULL 
 61.9000    2    2.000   1.0000        square
 63.9000    0    1.800   1.0000          NULL 
 65.7000    2    2.000   1.0000        square
 67.7000    0    1.400   1.0000          NULL 
 69.1000    2    2.000   1.0000        square
 71.1000    0    1.000   1.0000          NULL 
 72.1000    1    2.000   1.0000          line
 74.1000    0    1.000   1.0000          NULL 
 75.1000    2    2.000   1.0000        square
 77.1000    0    1.300   1.0000          NULL 
 78.3999    1    2.000   1.0000          line
 80.3999    0    1.000   1.0000          NULL 
 81.3999    2    2.000   1.0000        square
 83.3999    0    1.200   1.0000          NULL 
 84.5999    1    2.000   1.0000          line
 86.5999    0    1.000   1.0000          NULL 
 87.5999    2    2.000   1.0000        square
 89.5999    0    2.000   1.0000          NULL 
 91.5999    1    2.000   1.0000          line
 93.5999    0    1.100   1.0000          NULL 
 94.6999    1    2.000   1.0000          line
 96.6999    0    1.000   1.0000          NULL 
 97.6999    2    2.000   1.0000        square
 99.6999    0    1.000   1.0000          NULL 
100.6999    1    2.000   1.0000          line
102.6999    0    2.000   1.0000          NULL 
104.6999    1    2.000   1.0000          line
106.6999    0    1.100   1.0000          NULL 
107.7999    1    2.000   1.0000          line
109.7999    0    1.100   1.0000          NULL 
110.8999    2    2.000   1.0000        square
112.8999    0    1.400   1.0000          NULL 
114.2999    1    2.000   1.0000          line
116.2999    0    1.000   1.0000          NULL 
117.2999    1    2.000   1.0000          line
119.2999    0    1.100   1.0000          NULL 
120.3999    2    2.000   1.0000        square
122.3999    0    1.100   1.0000          NULL 
123.4999    1    2.000   1.0000          line
125.4999    0    1.000   1.0000          NULL 
126.4999    1    2.000   1.0000          line
128.4999    0    1.500   1.0000          NULL 
