  0.0000    2    2.000   1.0000        square
  2.0000    0    1.000   1.0000          NULL 
  3.0000    1    2.000   1.0000          line
  5.0000    0    1.200   1.0000          NULL 
  6.2000    2    2.000   1.0000        square
  8.2000    0    1.800   1.0000          NULL 
 10.0000    2    2.000   1.0000        square
 12.0000    0    1.000   1.0000          NULL 
 13.0000    1    2.000   1.0000          line
 15.0000    0    1.000   1.0000          NULL 
 16.0000    1    2.000   1.0000          line
 18.0000    0    2.000   1.0000          NULL 
 20.0000    2    2.000   1.0000        square
 22.0000    0    1.400   1.0000          NULL 
 23.4000    1    2.000   1.0000          line
 25.4000    0    1.800   1.0000          NULL 
 27.2000    1    2.000   1.0000          line
 29.2000    0    1.200   1.0000          NULL 
 30.4000    1    2.000   1.0000          line
 32.4000    0    1.600   1.0000          NULL 
 34.0000    1    2.000   1.0000          line
 36.0000    0    1.000   1.0000          NULL 
 37.0000    1    2.000   1.0000          line
 39.0000    0    1.200   1.0000          NULL 
 40.2000    2    2.000   1.0000        square
 42.2000    0    1.500   1.0000          NULL 
 43.7000    1    2.000   1.0000          line
 45.7000    0    1.300   1.0000          NULL 
 47.0000    2    2.000   1.0000        square
 49.0000    0    1.100   1.0000          NULL 
 50.1000    1    2.000   1.0000          line
 52.1000    0    1.600   1.0000          NULL 
 53.7000    1    2.000   1.0000          line
 55.7000    0    1.100   1.0000          NULL 
 56.8000    1    2.000   1.0000          line
 58.8000    0    1.100   1.0000          NULL 
 59.9000    2    2.000   1.0000        square
 61.9000    0    1.000   1.0000          NULL 
 62.9000    2    2.000   1.0000        square
 64.9000    0    1.100   1.0000          NULL 
 66.0000    2    2.000   1.0000        square
 68.0000    0    1.000   1.0000          NULL 
 69.0000    2    2.000   1.0000        square
 71.0000    0    1.000   1.0000          NULL 
 72.0000    1    2.000   1.0000          line
 74.0000    0    1.100   1.0000          NULL 
 75.1000    1    2.000   1.0000          line
 77.1000    0    1.100   1.0000          NULL 
 78.2000    2    2.000   1.0000        square
 80.2000    0    1.700   1.0000          NULL 
 81.9000    1    2.000   1.0000          line
 83.9000    0    1.000   1.0000          NULL 
 84.9000    2    2.000   1.0000        square
 86.9000    0    1.100   1.0000          NULL 
 88.0000    2    2.000   1.0000        square
 90.0000    0    1.100   1.0000          NULL 
 91.1000    2    2.000   1.0000        square
 93.1000    0    1.200   1.0000          NULL 
 94.3000    2    2.000   1.0000        square
 96.3000    0    1.500   1.0000          NULL 
 97.7999    2    2.000   1.0000        square
 99.7999    0    1.000   1.0000          NULL 
100.7999    2    2.000   1.0000        square
102.7999    0    1.900   1.0000          NULL 
104.6999    1    2.000   1.0000          line
106.6999    0    1.000   1.0000          NULL 
107.6999    2    2.000   1.0000        square
109.6999    0    1.000   1.0000          NULL 
110.6999    2    2.000   1.0000        square
112.6999    0    1.100   1.0000          NULL 
113.7999    2    2.000   1.0000        square
115.7999    0    1.000   1.0000          NULL 
116.7999    1    2.000   1.0000          line
118.7999    0    1.300   1.0000          NULL 
120.0999    1    2.000   1.0000          line
122.0999    0    1.000   1.0000          NULL 
123.0999    1    2.000   1.0000          line
125.0999    0    1.000   1.0000          NULL 
126.0999    1    2.000   1.0000          line
128.0999    0    1.900   1.0000          NULL 
