  0.0000    1    2.000   1.0000          line
  2.0000    0    1.000   1.0000          NULL 
  3.0000    1    2.000   1.0000          line
  5.0000    0    1.500   1.0000          NULL 
  6.5000    1    2.000   1.0000          line
  8.5000    0    1.500   1.0000          NULL 
 10.0000    1    2.000   1.0000          line
 12.0000    0    1.000   1.0000          NULL 
 13.0000    1    2.000   1.0000          line
 15.0000    0    0.500   1.0000          NULL 
 15.5000    1    2.000   1.0000          line
 17.5000    0    1.500   1.0000          NULL 
 19.0000    1    2.000   1.0000          line
 21.0000    0    0.500   1.0000          NULL 
 21.5000    1    2.000   1.0000          line
 23.5000    0    3.500   1.0000          NULL 
 27.0000    2    2.000   1.0000        square
 29.0000    0    0.500   1.0000          NULL 
 29.5000    1    2.000   1.0000          line
 31.5000    0    1.000   1.0000          NULL 
 32.5000    1    2.000   1.0000          line
 34.5000    0    2.500   1.0000          NULL 
 37.0000    2    2.000   1.0000        square
 39.0000    0    2.000   1.0000          NULL 
 41.0000    1    2.000   1.0000          line
 43.0000    0    0.500   1.0000          NULL 
 43.5000    1    2.000   1.0000          line
 45.5000    0    1.500   1.0000          NULL 
 47.0000    2    2.000   1.0000        square
 49.0000    0    3.500   1.0000          NULL 
 52.5000    1    2.000   1.0000          line
 54.5000    0    0.500   1.0000          NULL 
 55.0000    2    2.000   1.0000        square
 57.0000    0    0.500   1.0000          NULL 
 57.5000    1    2.000   1.0000          line
 59.5000    0    3.000   1.0000          NULL 
 62.5000    1    2.000   1.0000          line
 64.5000    0    0.500   1.0000          NULL 
 65.0000    1    2.000   1.0000          line
 67.0000    0    1.000   1.0000          NULL 
 68.0000    1    2.000   1.0000          line
 70.0000    0    0.500   1.0000          NULL 
 70.5000    2    2.000   1.0000        square
 72.5000    0    0.500   1.0000          NULL 
 73.0000    2    2.000   1.0000        square
 75.0000    0    1.500   1.0000          NULL 
 76.5000    2    2.000   1.0000        square
 78.5000    0    1.000   1.0000          NULL 
 79.5000    1    2.000   1.0000          line
 81.5000    0    0.500   1.0000          NULL 
 82.0000    1    2.000   1.0000          line
 84.0000    0    0.500   1.0000          NULL 
 84.5000    2    2.000   1.0000        square
 86.5000    0    3.000   1.0000          NULL 
 89.5000    1    2.000   1.0000          line
 91.5000    0    0.500   1.0000          NULL 
 92.0000    2    2.000   1.0000        square
 94.0000    0    1.500   1.0000          NULL 
 95.5000    1    2.000   1.0000          line
 97.5000    0    0.500   1.0000          NULL 
 98.0000    1    2.000   1.0000          line
100.0000    0    1.500   1.0000          NULL 
101.5000    2    2.000   1.0000        square
103.5000    0    2.500   1.0000          NULL 
106.0000    1    2.000   1.0000          line
108.0000    0    3.000   1.0000          NULL 
111.0000    1    2.000   1.0000          line
113.0000    0    0.500   1.0000          NULL 
113.5000    2    2.000   1.0000        square
115.5000    0    1.000   1.0000          NULL 
116.5000    2    2.000   1.0000        square
118.5000    0    2.500   1.0000          NULL 
121.0000    1    2.000   1.0000          line
123.0000    0    1.000   1.0000          NULL 
124.0000    2    2.000   1.0000        square
126.0000    0    2.500   1.0000          NULL 
128.5000    1    2.000   1.0000          line
130.5000    0    2.000   1.0000          NULL 
132.5000    1    2.000   1.0000          line
134.5000    0    1.000   1.0000          NULL 
135.5000    1    2.000   1.0000          line
137.5000    0    0.500   1.0000          NULL 
138.0000    2    2.000   1.0000        square
140.0000    0    0.500   1.0000          NULL 
140.5000    2    2.000   1.0000        square
142.5000    0    0.500   1.0000          NULL 
143.0000    1    2.000   1.0000          line
145.0000    0    1.000   1.0000          NULL 
146.0000    2    2.000   1.0000        square
148.0000    0    1.500   1.0000          NULL 
149.5000    1    2.000   1.0000          line
151.5000    0    1.500   1.0000          NULL 
153.0000    2    2.000   1.0000        square
155.0000    0    4.000   1.0000          NULL 
159.0000    2    2.000   1.0000        square
161.0000    0    2.500   1.0000          NULL 
163.5000    2    2.000   1.0000        square
165.5000    0    1.500   1.0000          NULL 
167.0000    2    2.000   1.0000        square
169.0000    0    1.000   1.0000          NULL 
170.0000    2    2.000   1.0000        square
172.0000    0    0.500   1.0000          NULL 
172.5000    2    2.000   1.0000        square
174.5000    0    0.500   1.0000          NULL 
175.0000    2    2.000   1.0000        square
177.0000    0    0.500   1.0000          NULL 
177.5000    1    2.000   1.0000          line
179.5000    0    2.500   1.0000          NULL 
182.0000    2    2.000   1.0000        square
184.0000    0    0.500   1.0000          NULL 
184.5000    2    2.000   1.0000        square
186.5000    0    3.000   1.0000          NULL 
189.5000    1    2.000   1.0000          line
191.5000    0    1.000   1.0000          NULL 
192.5000    2    2.000   1.0000        square
194.5000    0    0.500   1.0000          NULL 
195.0000    2    2.000   1.0000        square
197.0000    0    1.000   1.0000          NULL 
198.0000    1    2.000   1.0000          line
200.0000    0    0.500   1.0000          NULL 
200.5000    1    2.000   1.0000          line
202.5000    0    3.000   1.0000          NULL 
205.5000    2    2.000   1.0000        square
207.5000    0    0.500   1.0000          NULL 
208.0000    1    2.000   1.0000          line
210.0000    0    1.500   1.0000          NULL 
211.5000    2    2.000   1.0000        square
213.5000    0    1.000   1.0000          NULL 
214.5000    2    2.000   1.0000        square
216.5000    0    4.000   1.0000          NULL 
220.5000    2    2.000   1.0000        square
222.5000    0    1.500   1.0000          NULL 
224.0000    2    2.000   1.0000        square
226.0000    0    1.500   1.0000          NULL 
227.5000    2    2.000   1.0000        square
229.5000    0    1.000   1.0000          NULL 
230.5000    2    2.000   1.0000        square
232.5000    0    1.000   1.0000          NULL 
233.5000    1    2.000   1.0000          line
235.5000    0    1.500   1.0000          NULL 
237.0000    2    2.000   1.0000        square
239.0000    0    3.000   1.0000          NULL 
242.0000    1    2.000   1.0000          line
244.0000    0    1.000   1.0000          NULL 
245.0000    1    2.000   1.0000          line
247.0000    0    1.000   1.0000          NULL 
248.0000    2    2.000   1.0000        square
250.0000    0    0.500   1.0000          NULL 
250.5000    1    2.000   1.0000          line
252.5000    0    0.500   1.0000          NULL 
253.0000    2    2.000   1.0000        square
255.0000    0    3.000   1.0000          NULL 
258.0000    1    2.000   1.0000          line
260.0000    0    0.500   1.0000          NULL 
260.5000    2    2.000   1.0000        square
262.5000    0    0.500   1.0000          NULL 
263.0000    1    2.000   1.0000          line
265.0000    0    0.500   1.0000          NULL 
265.5000    2    2.000   1.0000        square
267.5000    0    1.500   1.0000          NULL 
269.0000    1    2.000   1.0000          line
271.0000    0    1.500   1.0000          NULL 
272.5000    1    2.000   1.0000          line
274.5000    0    0.500   1.0000          NULL 
275.0000    2    2.000   1.0000        square
277.0000    0    0.500   1.0000          NULL 
277.5000    2    2.000   1.0000        square
279.5000    0    2.500   1.0000          NULL 
282.0000    1    2.000   1.0000          line
284.0000    0    2.000   1.0000          NULL 
286.0000    2    2.000   1.0000        square
288.0000    0    0.500   1.0000          NULL 
288.5000    2    2.000   1.0000        square
290.5000    0    0.500   1.0000          NULL 
291.0000    2    2.000   1.0000        square
293.0000    0    0.500   1.0000          NULL 
293.5000    2    2.000   1.0000        square
295.5000    0    2.000   1.0000          NULL 
297.5000    2    2.000   1.0000        square
299.5000    0    1.500   1.0000          NULL 
301.0000    1    2.000   1.0000          line
303.0000    0    2.000   1.0000          NULL 
305.0000    1    2.000   1.0000          line
307.0000    0    0.500   1.0000          NULL 
307.5000    2    2.000   1.0000        square
309.5000    0    0.500   1.0000          NULL 
310.0000    1    2.000   1.0000          line
312.0000    0    2.000   1.0000          NULL 
314.0000    1    2.000   1.0000          line
316.0000    0    1.500   1.0000          NULL 
317.5000    1    2.000   1.0000          line
319.5000    0    2.000   1.0000          NULL 
321.5000    1    2.000   1.0000          line
323.5000    0    0.500   1.0000          NULL 
324.0000    1    2.000   1.0000          line
326.0000    0    0.500   1.0000          NULL 
326.5000    1    2.000   1.0000          line
328.5000    0    1.500   1.0000          NULL 
330.0000    2    2.000   1.0000        square
332.0000    0    2.000   1.0000          NULL 
334.0000    2    2.000   1.0000        square
336.0000    0    1.500   1.0000          NULL 
337.5000    1    2.000   1.0000          line
339.5000    0    0.500   1.0000          NULL 
340.0000    1    2.000   1.0000          line
342.0000    0    1.000   1.0000          NULL 
343.0000    2    2.000   1.0000        square
345.0000    0    0.500   1.0000          NULL 
345.5000    1    2.000   1.0000          line
347.5000    0    0.500   1.0000          NULL 
348.0000    2    2.000   1.0000        square
350.0000    0    2.000   1.0000          NULL 
352.0000    2    2.000   1.0000        square
354.0000    0    1.000   1.0000          NULL 
355.0000    1    2.000   1.0000          line
357.0000    0    1.000   1.0000          NULL 
358.0000    2    2.000   1.0000        square
360.0000    0    3.500   1.0000          NULL 
363.5000    1    2.000   1.0000          line
365.5000    0    2.000   1.0000          NULL 
367.5000    1    2.000   1.0000          line
369.5000    0    1.000   1.0000          NULL 
370.5000    2    2.000   1.0000        square
372.5000    0    3.500   1.0000          NULL 
376.0000    2    2.000   1.0000        square
378.0000    0    1.000   1.0000          NULL 
379.0000    2    2.000   1.0000        square
381.0000    0    0.500   1.0000          NULL 
381.5000    1    2.000   1.0000          line
383.5000    0    0.500   1.0000          NULL 
384.0000    2    2.000   1.0000        square
386.0000    0    1.000   1.0000          NULL 
387.0000    1    2.000   1.0000          line
389.0000    0    2.500   1.0000          NULL 
391.5000    2    2.000   1.0000        square
393.5000    0    0.500   1.0000          NULL 
394.0000    2    2.000   1.0000        square
396.0000    0    1.000   1.0000          NULL 
397.0000    2    2.000   1.0000        square
399.0000    0    1.000   1.0000          NULL 
