  0.0000    1    2.000   1.0000          line
  2.0000    0    1.000   1.0000          NULL 
  3.0000    2    2.000   1.0000        square
  5.0000    0    1.200   1.0000          NULL 
  6.2000    1    2.000   1.0000          line
  8.2000    0    1.000   1.0000          NULL 
  9.2000    1    2.000   1.0000          line
 11.2000    0    1.100   1.0000          NULL 
 12.3000    1    2.000   1.0000          line
 14.3000    0    1.500   1.0000          NULL 
 15.8000    1    2.000   1.0000          line
 17.8000    0    1.200   1.0000          NULL 
 19.0000    2    2.000   1.0000        square
 21.0000    0    1.700   1.0000          NULL 
 22.7000    2    2.000   1.0000        square
 24.7000    0    1.000   1.0000          NULL 
 25.7000    1    2.000   1.0000          line
 27.7000    0    1.400   1.0000          NULL 
 29.1000    1    2.000   1.0000          line
 31.1000    0    1.800   1.0000          NULL 
 32.9000    2    2.000   1.0000        square
 34.9000    0    1.100   1.0000          NULL 
 36.0000    1    2.000   1.0000          line
 38.0000    0    1.000   1.0000          NULL 
 39.0000    2    2.000   1.0000        square
 41.0000    0    1.000   1.0000          NULL 
 42.0000    1    2.000   1.0000          line
 44.0000    0    1.700   1.0000          NULL 
 45.7000    1    2.000   1.0000          line
 47.7000    0    1.900   1.0000          NULL 
 49.6000    2    2.000   1.0000        square
 51.6000    0    1.000   1.0000          NULL 
 52.6000    2    2.000   1.0000        square
 54.6000    0    1.300   1.0000          NULL 
 55.9000    2    2.000   1.0000        square
 57.9000    0    1.400   1.0000          NULL 
 59.3000    2    2.000   1.0000        square
 61.3000    0    1.000   1.0000          NULL 
 62.3000    1    2.000   1.0000          line
 64.3000    0    1.100   1.0000          NULL 
 65.4000    1    2.000   1.0000          line
 67.4000    0    1.000   1.0000          NULL 
 68.4000    2    2.000   1.0000        square
 70.4000    0    2.000   1.0000          NULL 
 72.3999    2    2.000   1.0000        square
 74.3999    0    1.300   1.0000          NULL 
 75.6999    2    2.000   1.0000        square
 77.6999    0    1.000   1.0000          NULL 
 78.6999    2    2.000   1.0000        square
 80.6999    0    1.100   1.0000          NULL 
 81.7999    2    2.000   1.0000        square
 83.7999    0    1.500   1.0000          NULL 
 85.2999    1    2.000   1.0000          line
 87.2999    0    1.000   1.0000          NULL 
 88.2999    1    2.000   1.0000          line
 90.2999    0    1.900   1.0000          NULL 
 92.1999    2    2.000   1.0000        square
 94.1999    0    1.200   1.0000          NULL 
 95.3999    1    2.000   1.0000          line
 97.3999    0    1.100   1.0000          NULL 
 98.4999    2    2.000   1.0000        square
100.4999    0    1.600   1.0000          NULL 
102.0999    2    2.000   1.0000        square
104.0999    0    1.000   1.0000          NULL 
105.0999    2    2.000   1.0000        square
107.0999    0    1.000   1.0000          NULL 
108.0999    2    2.000   1.0000        square
110.0999    0    1.000   1.0000          NULL 
111.0999    1    2.000   1.0000          line
113.0999    0    1.200   1.0000          NULL 
114.2999    2    2.000   1.0000        square
116.2999    0    1.100   1.0000          NULL 
117.3999    1    2.000   1.0000          line
119.3999    0    1.100   1.0000          NULL 
120.4999    1    2.000   1.0000          line
122.4999    0    1.200   1.0000          NULL 
123.6999    1    2.000   1.0000          line
125.6999    0    1.000   1.0000          NULL 
126.6999    1    2.000   1.0000          line
128.6999    0    1.300   1.0000          NULL 
