  0.0000    2    2.000   1.0000        square
  2.0000    0    1.100   1.0000          NULL 
  3.1000    1    2.000   1.0000          line
  5.1000    0    1.000   1.0000          NULL 
  6.1000    2    2.000   1.0000        square
  8.1000    0    1.500   1.0000          NULL 
  9.6000    1    2.000   1.0000          line
 11.6000    0    1.400   1.0000          NULL 
 13.0000    1    2.000   1.0000          line
 15.0000    0    1.000   1.0000          NULL 
 16.0000    2    2.000   1.0000        square
 18.0000    0    1.200   1.0000          NULL 
 19.2000    1    2.000   1.0000          line
 21.2000    0    1.300   1.0000          NULL 
 22.5000    1    2.000   1.0000          line
 24.5000    0    1.300   1.0000          NULL 
 25.8000    2    2.000   1.0000        square
 27.8000    0    2.000   1.0000          NULL 
 29.8000    1    2.000   1.0000          line
 31.8000    0    1.000   1.0000          NULL 
 32.8000    2    2.000   1.0000        square
 34.8000    0    1.000   1.0000          NULL 
 35.8000    2    2.000   1.0000        square
 37.8000    0    1.100   1.0000          NULL 
 38.9000    2    2.000   1.0000        square
 40.9000    0    1.000   1.0000          NULL 
 41.9000    1    2.000   1.0000          line
 43.9000    0    1.000   1.0000          NULL 
 44.9000    2    2.000   1.0000        square
 46.9000    0    1.000   1.0000          NULL 
 47.9000    1    2.000   1.0000          line
 49.9000    0    1.600   1.0000          NULL 
 51.5000    1    2.000   1.0000          line
 53.5000    0    1.300   1.0000          NULL 
 54.8000    1    2.000   1.0000          line
 56.8000    0    1.400   1.0000          NULL 
 58.2000    2    2.000   1.0000        square
 60.2000    0    1.100   1.0000          NULL 
 61.3000    1    2.000   1.0000          line
 63.3000    0    2.000   1.0000          NULL 
 65.3000    1    2.000   1.0000          line
 67.3000    0    1.000   1.0000          NULL 
 68.3000    2    2.000   1.0000        square
 70.3000    0    1.000   1.0000          NULL 
 71.3000    2    2.000   1.0000        square
 73.3000    0    1.400   1.0000          NULL 
 74.7000    2    2.000   1.0000        square
 76.7000    0    1.100   1.0000          NULL 
 77.8000    2    2.000   1.0000        square
 79.8000    0    1.900   1.0000          NULL 
 81.7000    1    2.000   1.0000          line
 83.7000    0    1.100   1.0000          NULL 
 84.7999    1    2.000   1.0000          line
 86.7999    0    1.200   1.0000          NULL 
 87.9999    2    2.000   1.0000        square
 89.9999    0    2.000   1.0000          NULL 
 91.9999    2    2.000   1.0000        square
 93.9999    0    1.400   1.0000          NULL 
 95.3999    2    2.000   1.0000        square
 97.3999    0    1.200   1.0000          NULL 
 98.5999    1    2.000   1.0000          line
100.5999    0    1.100   1.0000          NULL 
101.6999    2    2.000   1.0000        square
103.6999    0    1.000   1.0000          NULL 
104.6999    1    2.000   1.0000          line
106.6999    0    1.000   1.0000          NULL 
107.6999    1    2.000   1.0000          line
109.6999    0    1.700   1.0000          NULL 
111.3999    2    2.000   1.0000        square
113.3999    0    1.100   1.0000          NULL 
114.4999    1    2.000   1.0000          line
116.4999    0    1.200   1.0000          NULL 
117.6999    1    2.000   1.0000          line
119.6999    0    1.000   1.0000          NULL 
120.6999    2    2.000   1.0000        square
122.6999    0    1.200   1.0000          NULL 
123.8999    1    2.000   1.0000          line
125.8999    0    1.100   1.0000          NULL 
126.9999    2    2.000   1.0000        square
128.9999    0    1.000   1.0000          NULL 
