  0.0000    2    2.000   1.0000        square
  2.0000    0    1.200   1.0000          NULL 
  3.2000    1    2.000   1.0000          line
  5.2000    0    1.000   1.0000          NULL 
  6.2000    2    2.000   1.0000        square
  8.2000    0    1.100   1.0000          NULL 
  9.3000    2    2.000   1.0000        square
 11.3000    0    1.300   1.0000          NULL 
 12.6000    1    2.000   1.0000          line
 14.6000    0    1.000   1.0000          NULL 
 15.6000    2    2.000   1.0000        square
 17.6000    0    1.100   1.0000          NULL 
 18.7000    1    2.000   1.0000          line
 20.7000    0    1.000   1.0000          NULL 
 21.7000    1    2.000   1.0000          line
 23.7000    0    1.200   1.0000          NULL 
 24.9000    1    2.000   1.0000          line
 26.9000    0    1.000   1.0000          NULL 
 27.9000    2    2.000   1.0000        square
 29.9000    0    1.400   1.0000          NULL 
 31.3000    1    2.000   1.0000          line
 33.3000    0    1.000   1.0000          NULL 
 34.3000    2    2.000   1.0000        square
 36.3000    0    1.200   1.0000          NULL 
 37.5000    2    2.000   1.0000        square
 39.5000    0    1.000   1.0000          NULL 
 40.5000    1    2.000   1.0000          line
 42.5000    0    1.100   1.0000          NULL 
 43.6000    1    2.000   1.0000          line
 45.6000    0    1.400   1.0000          NULL 
 47.0000    1    2.000   1.0000          line
 49.0000    0    1.200   1.0000          NULL 
 50.2000    2    2.000   1.0000        square
 52.2000    0    1.000   1.0000          NULL 
 53.2000    2    2.000   1.0000        square
 55.2000    0    1.600   1.0000          NULL 
 56.8000    1    2.000   1.0000          line
 58.8000    0    1.100   1.0000          NULL 
 59.9000    1    2.000   1.0000          line
 61.9000    0    1.400   1.0000          NULL 
 63.3000    1    2.000   1.0000          line
 65.3000    0    1.600   1.0000          NULL 
 66.9000    2    2.000   1.0000        square
 68.9000    0    1.000   1.0000          NULL 
 69.9000    1    2.000   1.0000          line
 71.9000    0    1.100   1.0000          NULL 
 73.0000    2    2.000   1.0000        square
 75.0000    0    1.400   1.0000          NULL 
 76.4000    2    2.000   1.0000        square
 78.4000    0    2.000   1.0000          NULL 
 80.3999    2    2.000   1.0000        square
 82.3999    0    1.000   1.0000          NULL 
 83.3999    2    2.000   1.0000        square
 85.3999    0    1.000   1.0000          NULL 
 86.3999    1    2.000   1.0000          line
 88.3999    0    1.800   1.0000          NULL 
 90.1999    2    2.000   1.0000        square
 92.1999    0    1.000   1.0000          NULL 
 93.1999    2    2.000   1.0000        square
 95.1999    0    1.900   1.0000          NULL 
 97.0999    2    2.000   1.0000        square
 99.0999    0    1.100   1.0000          NULL 
100.1999    1    2.000   1.0000          line
102.1999    0    2.000   1.0000          NULL 
104.1999    1    2.000   1.0000          line
106.1999    0    1.300   1.0000          NULL 
107.4999    1    2.000   1.0000          line
109.4999    0    1.000   1.0000          NULL 
110.4999    1    2.000   1.0000          line
112.4999    0    1.400   1.0000          NULL 
113.8999    1    2.000   1.0000          line
115.8999    0    1.100   1.0000          NULL 
116.9999    2    2.000   1.0000        square
118.9999    0    1.000   1.0000          NULL 
119.9999    2    2.000   1.0000        square
121.9999    0    1.700   1.0000          NULL 
123.6999    1    2.000   1.0000          line
125.6999    0    1.100   1.0000          NULL 
126.7999    2    2.000   1.0000        square
128.7999    0    1.200   1.0000          NULL 
