  0.0000    2    2.000   1.0000        square
  2.0000    0    0.500   1.0000          NULL 
  2.5000    1    2.000   1.0000          line
  4.5000    0    0.500   1.0000          NULL 
  5.0000    1    2.000   1.0000          line
  7.0000    0    1.500   1.0000          NULL 
  8.5000    1    2.000   1.0000          line
 10.5000    0    0.500   1.0000          NULL 
 11.0000    1    2.000   1.0000          line
 13.0000    0    1.500   1.0000          NULL 
 14.5000    2    2.000   1.0000        square
 16.5000    0    1.500   1.0000          NULL 
 18.0000    1    2.000   1.0000          line
 20.0000    0    1.500   1.0000          NULL 
 21.5000    1    2.000   1.0000          line
 23.5000    0    1.000   1.0000          NULL 
 24.5000    2    2.000   1.0000        square
 26.5000    0    0.500   1.0000          NULL 
 27.0000    1    2.000   1.0000          line
 29.0000    0    1.000   1.0000          NULL 
 30.0000    1    2.000   1.0000          line
 32.0000    0    2.000   1.0000          NULL 
 34.0000    2    2.000   1.0000        square
 36.0000    0    1.000   1.0000          NULL 
 37.0000    2    2.000   1.0000        square
 39.0000    0    0.500   1.0000          NULL 
 39.5000    1    2.000   1.0000          line
 41.5000    0    0.500   1.0000          NULL 
 42.0000    2    2.000   1.0000        square
 44.0000    0    2.000   1.0000          NULL 
 46.0000    2    2.000   1.0000        square
 48.0000    0    0.500   1.0000          NULL 
 48.5000    2    2.000   1.0000        square
 50.5000    0    2.500   1.0000          NULL 
 53.0000    2    2.000   1.0000        square
 55.0000    0    0.500   1.0000          NULL 
 55.5000    1    2.000   1.0000          line
 57.5000    0    0.500   1.0000          NULL 
 58.0000    2    2.000   1.0000        square
 60.0000    0    1.500   1.0000          NULL 
 61.5000    2    2.000   1.0000        square
 63.5000    0    1.000   1.0000          NULL 
 64.5000    2    2.000   1.0000        square
 66.5000    0    0.500   1.0000          NULL 
 67.0000    2    2.000   1.0000        square
 69.0000    0    3.500   1.0000          NULL 
 72.5000    1    2.000   1.0000          line
 74.5000    0    1.000   1.0000          NULL 
 75.5000    2    2.000   1.0000        square
 77.5000    0    0.500   1.0000          NULL 
 78.0000    1    2.000   1.0000          line
 80.0000    0    3.000   1.0000          NULL 
 83.0000    2    2.000   1.0000        square
 85.0000    0    0.500   1.0000          NULL 
 85.5000    2    2.000   1.0000        square
 87.5000    0    1.000   1.0000          NULL 
 88.5000    1    2.000   1.0000          line
 90.5000    0    2.000   1.0000          NULL 
 92.5000    1    2.000   1.0000          line
 94.5000    0    0.500   1.0000          NULL 
 95.0000    1    2.000   1.0000          line
 97.0000    0    1.500   1.0000          NULL 
 98.5000    1    2.000   1.0000          line
100.5000    0    1.000   1.0000          NULL 
101.5000    1    2.000   1.0000          line
103.5000    0    2.500   1.0000          NULL 
106.0000    1    2.000   1.0000          line
108.0000    0    0.500   1.0000          NULL 
108.5000    1    2.000   1.0000          line
110.5000    0    0.500   1.0000          NULL 
111.0000    2    2.000   1.0000        square
113.0000    0    2.000   1.0000          NULL 
115.0000    2    2.000   1.0000        square
117.0000    0    0.500   1.0000          NULL 
117.5000    2    2.000   1.0000        square
119.5000    0    0.500   1.0000          NULL 
120.0000    1    2.000   1.0000          line
122.0000    0    1.000   1.0000          NULL 
123.0000    1    2.000   1.0000          line
125.0000    0    1.500   1.0000          NULL 
126.5000    2    2.000   1.0000        square
128.5000    0    1.500   1.0000          NULL 
130.0000    1    2.000   1.0000          line
132.0000    0    0.500   1.0000          NULL 
132.5000    2    2.000   1.0000        square
134.5000    0    0.500   1.0000          NULL 
135.0000    1    2.000   1.0000          line
137.0000    0    0.500   1.0000          NULL 
137.5000    1    2.000   1.0000          line
139.5000    0    2.000   1.0000          NULL 
141.5000    2    2.000   1.0000        square
143.5000    0    1.500   1.0000          NULL 
145.0000    1    2.000   1.0000          line
147.0000    0    0.500   1.0000          NULL 
147.5000    1    2.000   1.0000          line
149.5000    0    1.500   1.0000          NULL 
151.0000    2    2.000   1.0000        square
153.0000    0    0.500   1.0000          NULL 
153.5000    1    2.000   1.0000          line
155.5000    0    1.000   1.0000          NULL 
156.5000    1    2.000   1.0000          line
158.5000    0    0.500   1.0000          NULL 
159.0000    2    2.000   1.0000        square
161.0000    0    0.500   1.0000          NULL 
161.5000    1    2.000   1.0000          line
163.5000    0    1.000   1.0000          NULL 
164.5000    2    2.000   1.0000        square
166.5000    0    3.500   1.0000          NULL 
170.0000    1    2.000   1.0000          line
172.0000    0    1.000   1.0000          NULL 
173.0000    2    2.000   1.0000        square
175.0000    0    1.000   1.0000          NULL 
176.0000    2    2.000   1.0000        square
178.0000    0    3.500   1.0000          NULL 
181.5000    2    2.000   1.0000        square
183.5000    0    1.000   1.0000          NULL 
184.5000    1    2.000   1.0000          line
186.5000    0    1.000   1.0000          NULL 
187.5000    1    2.000   1.0000          line
189.5000    0    0.500   1.0000          NULL 
190.0000    1    2.000   1.0000          line
192.0000    0    2.000   1.0000          NULL 
194.0000    2    2.000   1.0000        square
196.0000    0    0.500   1.0000          NULL 
196.5000    2    2.000   1.0000        square
198.5000    0    0.500   1.0000          NULL 
199.0000    2    2.000   1.0000        square
201.0000    0    0.500   1.0000          NULL 
201.5000    1    2.000   1.0000          line
203.5000    0    2.500   1.0000          NULL 
206.0000    1    2.000   1.0000          line
208.0000    0    1.000   1.0000          NULL 
209.0000    1    2.000   1.0000          line
211.0000    0    2.000   1.0000          NULL 
213.0000    1    2.000   1.0000          line
215.0000    0    2.000   1.0000          NULL 
217.0000    2    2.000   1.0000        square
219.0000    0    1.000   1.0000          NULL 
220.0000    2    2.000   1.0000        square
222.0000    0    1.000   1.0000          NULL 
223.0000    1    2.000   1.0000          line
225.0000    0    1.000   1.0000          NULL 
226.0000    2    2.000   1.0000        square
228.0000    0    2.000   1.0000          NULL 
230.0000    2    2.000   1.0000        square
232.0000    0    1.000   1.0000          NULL 
233.0000    2    2.000   1.0000        square
235.0000    0    2.500   1.0000          NULL 
237.5000    2    2.000   1.0000        square
239.5000    0    0.500   1.0000          NULL 
240.0000    2    2.000   1.0000        square
242.0000    0    3.500   1.0000          NULL 
245.5000    1    2.000   1.0000          line
247.5000    0    1.500   1.0000          NULL 
249.0000    1    2.000   1.0000          line
251.0000    0    0.500   1.0000          NULL 
251.5000    2    2.000   1.0000        square
253.5000    0    2.500   1.0000          NULL 
256.0000    1    2.000   1.0000          line
258.0000    0    2.500   1.0000          NULL 
260.5000    1    2.000   1.0000          line
262.5000    0    2.000   1.0000          NULL 
264.5000    2    2.000   1.0000        square
266.5000    0    1.000   1.0000          NULL 
267.5000    1    2.000   1.0000          line
269.5000    0    0.500   1.0000          NULL 
270.0000    2    2.000   1.0000        square
272.0000    0    0.500   1.0000          NULL 
272.5000    2    2.000   1.0000        square
274.5000    0    1.000   1.0000          NULL 
275.5000    2    2.000   1.0000        square
277.5000    0    1.500   1.0000          NULL 
279.0000    2    2.000   1.0000        square
281.0000    0    1.000   1.0000          NULL 
282.0000    2    2.000   1.0000        square
284.0000    0    3.000   1.0000          NULL 
287.0000    2    2.000   1.0000        square
289.0000    0    0.500   1.0000          NULL 
289.5000    2    2.000   1.0000        square
291.5000    0    2.000   1.0000          NULL 
293.5000    1    2.000   1.0000          line
295.5000    0    0.500   1.0000          NULL 
296.0000    1    2.000   1.0000          line
298.0000    0    4.000   1.0000          NULL 
302.0000    1    2.000   1.0000          line
304.0000    0    0.500   1.0000          NULL 
304.5000    1    2.000   1.0000          line
306.5000    0    2.500   1.0000          NULL 
309.0000    1    2.000   1.0000          line
311.0000    0    0.500   1.0000          NULL 
311.5000    2    2.000   1.0000        square
313.5000    0    1.000   1.0000          NULL 
314.5000    2    2.000   1.0000        square
316.5000    0    0.500   1.0000          NULL 
317.0000    1    2.000   1.0000          line
319.0000    0    1.500   1.0000          NULL 
320.5000    1    2.000   1.0000          line
322.5000    0    4.000   1.0000          NULL 
326.5000    1    2.000   1.0000          line
328.5000    0    1.000   1.0000          NULL 
329.5000    2    2.000   1.0000        square
331.5000    0    0.500   1.0000          NULL 
332.0000    1    2.000   1.0000          line
334.0000    0    1.000   1.0000          NULL 
335.0000    1    2.000   1.0000          line
337.0000    0    3.500   1.0000          NULL 
340.5000    2    2.000   1.0000        square
342.5000    0    1.000   1.0000          NULL 
343.5000    2    2.000   1.0000        square
345.5000    0    3.000   1.0000          NULL 
348.5000    1    2.000   1.0000          line
350.5000    0    0.500   1.0000          NULL 
351.0000    2    2.000   1.0000        square
353.0000    0    1.500   1.0000          NULL 
354.5000    2    2.000   1.0000        square
356.5000    0    1.000   1.0000          NULL 
357.5000    1    2.000   1.0000          line
359.5000    0    0.500   1.0000          NULL 
360.0000    2    2.000   1.0000        square
362.0000    0    1.000   1.0000          NULL 
363.0000    1    2.000   1.0000          line
365.0000    0    1.000   1.0000          NULL 
366.0000    1    2.000   1.0000          line
368.0000    0    0.500   1.0000          NULL 
368.5000    1    2.000   1.0000          line
370.5000    0    4.000   1.0000          NULL 
374.5000    2    2.000   1.0000        square
376.5000    0    1.000   1.0000          NULL 
377.5000    1    2.000   1.0000          line
379.5000    0    1.500   1.0000          NULL 
381.0000    1    2.000   1.0000          line
383.0000    0    0.500   1.0000          NULL 
383.5000    2    2.000   1.0000        square
385.5000    0    2.500   1.0000          NULL 
388.0000    2    2.000   1.0000        square
390.0000    0    1.500   1.0000          NULL 
391.5000    2    2.000   1.0000        square
393.5000    0    1.500   1.0000          NULL 
395.0000    2    2.000   1.0000        square
397.0000    0    3.000   1.0000          NULL 
