  0.0000    2    2.000   1.0000        square
  2.0000    0    1.000   1.0000          NULL 
  3.0000    1    2.000   1.0000          line
  5.0000    0    1.000   1.0000          NULL 
  6.0000    1    2.000   1.0000          line
  8.0000    0    1.000   1.0000          NULL 
  9.0000    1    2.000   1.0000          line
 11.0000    0    1.500   1.0000          NULL 
 12.5000    1    2.000   1.0000          line
 14.5000    0    1.000   1.0000          NULL 
 15.5000    1    2.000   1.0000          line
 17.5000    0    1.300   1.0000          NULL 
 18.8000    2    2.000   1.0000        square
 20.8000    0    1.300   1.0000          NULL 
 22.1000    1    2.000   1.0000          line
 24.1000    0    1.800   1.0000          NULL 
 25.9000    2    2.000   1.0000        square
 27.9000    0    1.200   1.0000          NULL 
 29.1000    2    2.000   1.0000        square
 31.1000    0    1.200   1.0000          NULL 
 32.3000    1    2.000   1.0000          line
 34.3000    0    1.100   1.0000          NULL 
 35.4000    2    2.000   1.0000        square
 37.4000    0    1.100   1.0000          NULL 
 38.5000    2    2.000   1.0000        square
 40.5000    0    1.000   1.0000          NULL 
 41.5000    2    2.000   1.0000        square
 43.5000    0    1.000   1.0000          NULL 
 44.5000    1    2.000   1.0000          line
 46.5000    0    1.200   1.0000          NULL 
 47.7000    2    2.000   1.0000        square
 49.7000    0    1.900   1.0000          NULL 
 51.6000    1    2.000   1.0000          line
 53.6000    0    1.200   1.0000          NULL 
 54.8000    2    2.000   1.0000        square
 56.8000    0    1.500   1.0000          NULL 
 58.3000    1    2.000   1.0000          line
 60.3000    0    1.000   1.0000          NULL 
 61.3000    2    2.000   1.0000        square
 63.3000    0    1.100   1.0000          NULL 
 64.4000    1    2.000   1.0000          line
 66.4000    0    1.900   1.0000          NULL 
 68.3000    1    2.000   1.0000          line
 70.3000    0    1.100   1.0000          NULL 
 71.4000    1    2.000   1.0000          line
 73.4000    0    1.300   1.0000          NULL 
 74.7000    2    2.000   1.0000        square
 76.7000    0    1.200   1.0000          NULL 
 77.8999    1    2.000   1.0000          line
 79.8999    0    1.500   1.0000          NULL 
 81.3999    2    2.000   1.0000        square
 83.3999    0    2.000   1.0000          NULL 
 85.3999    2    2.000   1.0000        square
 87.3999    0    1.100   1.0000          NULL 
 88.4999    1    2.000   1.0000          line
 90.4999    0    1.000   1.0000          NULL 
 91.4999    1    2.000   1.0000          line
 93.4999    0    1.500   1.0000          NULL 
 94.9999    2    2.000   1.0000        square
 96.9999    0    1.000   1.0000          NULL 
 97.9999    2    2.000   1.0000        square
 99.9999    0    1.700   1.0000          NULL 
101.6999    2    2.000   1.0000        square
103.6999    0    1.000   1.0000          NULL 
104.6999    2    2.000   1.0000        square
106.6999    0    1.700   1.0000          NULL 
108.3999    1    2.000   1.0000          line
110.3999    0    1.100   1.0000          NULL 
111.4999    2    2.000   1.0000        square
113.4999    0    1.000   1.0000          NULL 
114.4999    1    2.000   1.0000          line
116.4999    0    1.000   1.0000          NULL 
117.4999    2    2.000   1.0000        square
119.4999    0    1.200   1.0000          NULL 
120.6999    1    2.000   1.0000          line
122.6999    0    1.000   1.0000          NULL 
123.6999    2    2.000   1.0000        square
125.6999    0    1.200   1.0000          NULL 
126.8999    1    2.000   1.0000          line
128.8999    0    1.100   1.0000          NULL 
