  0.0000    2    2.000   1.0000        square
  2.0000    0    1.000   1.0000          NULL 
  3.0000    1    2.000   1.0000          line
  5.0000    0    1.200   1.0000          NULL 
  6.2000    1    2.000   1.0000          line
  8.2000    0    1.100   1.0000          NULL 
  9.3000    1    2.000   1.0000          line
 11.3000    0    1.500   1.0000          NULL 
 12.8000    1    2.000   1.0000          line
 14.8000    0    1.000   1.0000          NULL 
 15.8000    1    2.000   1.0000          line
 17.8000    0    1.500   1.0000          NULL 
 19.3000    1    2.000   1.0000          line
 21.3000    0    1.200   1.0000          NULL 
 22.5000    2    2.000   1.0000        square
 24.5000    0    1.300   1.0000          NULL 
 25.8000    2    2.000   1.0000        square
 27.8000    0    1.000   1.0000          NULL 
 28.8000    2    2.000   1.0000        square
 30.8000    0    1.100   1.0000          NULL 
 31.9000    2    2.000   1.0000        square
 33.9000    0    1.300   1.0000          NULL 
 35.2000    1    2.000   1.0000          line
 37.2000    0    2.000   1.0000          NULL 
 39.2000    2    2.000   1.0000        square
 41.2000    0    1.700   1.0000          NULL 
 42.9000    2    2.000   1.0000        square
 44.9000    0    1.000   1.0000          NULL 
 45.9000    1    2.000   1.0000          line
 47.9000    0    1.900   1.0000          NULL 
 49.8000    2    2.000   1.0000        square
 51.8000    0    1.200   1.0000          NULL 
 53.0000    2    2.000   1.0000        square
 55.0000    0    1.100   1.0000          NULL 
 56.1000    1    2.000   1.0000          line
 58.1000    0    1.000   1.0000          NULL 
 59.1000    2    2.000   1.0000        square
 61.1000    0    1.800   1.0000          NULL 
 62.8999    2    2.000   1.0000        square
 64.8999    0    1.100   1.0000          NULL 
 65.9999    2    2.000   1.0000        square
 67.9999    0    1.300   1.0000          NULL 
 69.2999    2    2.000   1.0000        square
 71.2999    0    1.000   1.0000          NULL 
 72.2999    2    2.000   1.0000        square
 74.2999    0    1.000   1.0000          NULL 
 75.2999    1    2.000   1.0000          line
 77.2999    0    1.600   1.0000          NULL 
 78.8999    1    2.000   1.0000          line
 80.8999    0    1.100   1.0000          NULL 
 81.9999    1    2.000   1.0000          line
 83.9999    0    1.000   1.0000          NULL 
 84.9999    2    2.000   1.0000        square
 86.9999    0    1.100   1.0000          NULL 
 88.0999    2    2.000   1.0000        square
 90.0999    0    1.000   1.0000          NULL 
 91.0999    2    2.000   1.0000        square
 93.0999    0    2.000   1.0000          NULL 
 95.0999    1    2.000   1.0000          line
 97.0999    0    1.100   1.0000          NULL 
 98.1999    1    2.000   1.0000          line
100.1999    0    1.000   1.0000          NULL 
101.1999    1    2.000   1.0000          line
103.1999    0    1.700   1.0000          NULL 
104.8999    1    2.000   1.0000          line
106.8999    0    1.100   1.0000          NULL 
107.9999    2    2.000   1.0000        square
109.9999    0    1.300   1.0000          NULL 
111.2999    2    2.000   1.0000        square
113.2999    0    1.400   1.0000          NULL 
114.6999    1    2.000   1.0000          line
116.6999    0    1.000   1.0000          NULL 
117.6999    1    2.000   1.0000          line
119.6999    0    1.200   1.0000          NULL 
120.8999    1    2.000   1.0000          line
122.8999    0    1.000   1.0000          NULL 
123.8999    1    2.000   1.0000          line
125.8999    0    1.000   1.0000          NULL 
126.8999    2    2.000   1.0000        square
128.8999    0    1.100   1.0000          NULL 
