  0.0000    2    2.000   1.0000        square
  2.0000    0    1.000   1.0000          NULL 
  3.0000    2    2.000   1.0000        square
  5.0000    0    1.000   1.0000          NULL 
  6.0000    2    2.000   1.0000        square
  8.0000    0    1.900   1.0000          NULL 
  9.9000    2    2.000   1.0000        square
 11.9000    0    1.600   1.0000          NULL 
 13.5000    1    2.000   1.0000          line
 15.5000    0    1.100   1.0000          NULL 
 16.6000    1    2.000   1.0000          line
 18.6000    0    1.100   1.0000          NULL 
 19.7000    1    2.000   1.0000          line
 21.7000    0    1.400   1.0000          NULL 
 23.1000    2    2.000   1.0000        square
 25.1000    0    1.000   1.0000          NULL 
 26.1000    1    2.000   1.0000          line
 28.1000    0    2.000   1.0000          NULL 
 30.1000    1    2.000   1.0000          line
 32.1000    0    1.000   1.0000          NULL 
 33.1000    1    2.000   1.0000          line
 35.1000    0    1.900   1.0000          NULL 
 37.0000    2    2.000   1.0000        square
 39.0000    0    1.200   1.0000          NULL 
 40.2000    1    2.000   1.0000          line
 42.2000    0    1.000   1.0000          NULL 
 43.2000    1    2.000   1.0000          line
 45.2000    0    1.000   1.0000          NULL 
 46.2000    2    2.000   1.0000        square
 48.2000    0    1.300   1.0000          NULL 
 49.5000    2    2.000   1.0000        square
 51.5000    0    1.000   1.0000          NULL 
 52.5000    2    2.000   1.0000        square
 54.5000    0    1.700   1.0000          NULL 
 56.2000    1    2.000   1.0000          line
 58.2000    0    1.000   1.0000          NULL 
 59.2000    2    2.000   1.0000        square
 61.2000    0    1.100   1.0000          NULL 
 62.3000    1    2.000   1.0000          line
 64.3000    0    1.100   1.0000          NULL 
 65.4000    1    2.000   1.0000          line
 67.4000    0    1.100   1.0000          NULL 
 68.5000    2    2.000   1.0000        square
 70.5000    0    1.700   1.0000          NULL 
 72.2000    1    2.000   1.0000          line
 74.2000    0    1.500   1.0000          NULL 
 75.7000    2    2.000   1.0000        square
 77.7000    0    1.000   1.0000          NULL 
 78.7000    2    2.000   1.0000        square
 80.7000    0    1.500   1.0000          NULL 
 82.2000    2    2.000   1.0000        square
 84.2000    0    1.000   1.0000          NULL 
 85.2000    1    2.000   1.0000          line
 87.2000    0    1.700   1.0000          NULL 
 88.8999    2    2.000   1.0000        square
 90.8999    0    1.100   1.0000          NULL 
 91.9999    2    2.000   1.0000        square
 93.9999    0    1.200   1.0000          NULL 
 95.1999    2    2.000   1.0000        square
 97.1999    0    1.200   1.0000          NULL 
 98.3999    2    2.000   1.0000        square
100.3999    0    1.000   1.0000          NULL 
101.3999    1    2.000   1.0000          line
103.3999    0    1.200   1.0000          NULL 
104.5999    2    2.000   1.0000        square
106.5999    0    1.100   1.0000          NULL 
107.6999    1    2.000   1.0000          line
109.6999    0    1.400   1.0000          NULL 
111.0999    1    2.000   1.0000          line
113.0999    0    1.100   1.0000          NULL 
114.1999    1    2.000   1.0000          line
116.1999    0    1.000   1.0000          NULL 
117.1999    1    2.000   1.0000          line
119.1999    0    1.100   1.0000          NULL 
120.2999    1    2.000   1.0000          line
122.2999    0    1.200   1.0000          NULL 
123.4999    2    2.000   1.0000        square
125.4999    0    1.000   1.0000          NULL 
126.4999    1    2.000   1.0000          line
128.4999    0    1.500   1.0000          NULL 
