  0.0000    1    2.000   1.0000          line
  2.0000    0    1.000   1.0000          NULL 
  3.0000    1    2.000   1.0000          line
  5.0000    0    1.000   1.0000          NULL 
  6.0000    1    2.000   1.0000          line
  8.0000    0    1.300   1.0000          NULL 
  9.3000    2    2.000   1.0000        square
 11.3000    0    1.300   1.0000          NULL 
 12.6000    2    2.000   1.0000        square
 14.6000    0    1.400   1.0000          NULL 
 16.0000    2    2.000   1.0000        square
 18.0000    0    1.000   1.0000          NULL 
 19.0000    1    2.000   1.0000          line
 21.0000    0    1.800   1.0000          NULL 
 22.8000    1    2.000   1.0000          line
 24.8000    0    1.000   1.0000          NULL 
 25.8000    2    2.000   1.0000        square
 27.8000    0    1.700   1.0000          NULL 
 29.5000    2    2.000   1.0000        square
 31.5000    0    1.000   1.0000          NULL 
 32.5000    2    2.000   1.0000        square
 34.5000    0    1.000   1.0000          NULL 
 35.5000    2    2.000   1.0000        square
 37.5000    0    1.200   1.0000          NULL 
 38.7000    2    2.000   1.0000        square
 40.7000    0    1.100   1.0000          NULL 
 41.8000    2    2.000   1.0000        square
 43.8000    0    1.100   1.0000          NULL 
 44.9000    1    2.000   1.0000          line
 46.9000    0    1.100   1.0000          NULL 
 48.0000    1    2.000   1.0000          line
 50.0000    0    1.200   1.0000          NULL 
 51.2000    1    2.000   1.0000          line
 53.2000    0    1.800   1.0000          NULL 
 55.0000    1    2.000   1.0000          line
 57.0000    0    1.100   1.0000          NULL 
 58.1000    2    2.000   1.0000        square
 60.1000    0    1.100   1.0000          NULL 
 61.2000    2    2.000   1.0000        square
 63.2000    0    1.900   1.0000          NULL 
 65.1000    2    2.000   1.0000        square
 67.1000    0    1.000   1.0000          NULL 
 68.1000    2    2.000   1.0000        square
 70.1000    0    1.100   1.0000          NULL 
 71.2000    1    2.000   1.0000          line
 73.2000    0    1.900   1.0000          NULL 
 75.1000    2    2.000   1.0000        square
 77.1000    0    1.200   1.0000          NULL 
 78.2999    1    2.000   1.0000          line
 80.2999    0    1.500   1.0000          NULL 
 81.7999    1    2.000   1.0000          line
 83.7999    0    1.200   1.0000          NULL 
 84.9999    2    2.000   1.0000        square
 86.9999    0    1.200   1.0000          NULL 
 88.1999    2    2.000   1.0000        square
 90.1999    0    1.200   1.0000          NULL 
 91.3999    1    2.000   1.0000          line
 93.3999    0    1.600   1.0000          NULL 
 94.9999    1    2.000   1.0000          line
 96.9999    0    1.000   1.0000          NULL 
 97.9999    2    2.000   1.0000        square
 99.9999    0    1.100   1.0000          NULL 
101.0999    1    2.000   1.0000          line
103.0999    0    1.000   1.0000          NULL 
104.0999    1    2.000   1.0000          line
106.0999    0    1.200   1.0000          NULL 
107.2999    1    2.000   1.0000          line
109.2999    0    1.000   1.0000          NULL 
110.2999    2    2.000   1.0000        square
112.2999    0    2.000   1.0000          NULL 
114.2999    2    2.000   1.0000        square
116.2999    0    1.100   1.0000          NULL 
117.3999    1    2.000   1.0000          line
119.3999    0    1.400   1.0000          NULL 
120.7999    2    2.000   1.0000        square
122.7999    0    1.000   1.0000          NULL 
123.7999    1    2.000   1.0000          line
125.7999    0    1.100   1.0000          NULL 
126.8999    1    2.000   1.0000          line
128.8999    0    1.100   1.0000          NULL 
