  0.0000    1    2.000   1.0000          line
  2.0000    0    1.000   1.0000          NULL 
  3.0000    2    2.000   1.0000        square
  5.0000    0    1.000   1.0000          NULL 
  6.0000    1    2.000   1.0000          line
  8.0000    0    1.100   1.0000          NULL 
  9.1000    1    2.000   1.0000          line
 11.1000    0    1.500   1.0000          NULL 
 12.6000    1    2.000   1.0000          line
 14.6000    0    1.000   1.0000          NULL 
 15.6000    2    2.000   1.0000        square
 17.6000    0    1.900   1.0000          NULL 
 19.5000    2    2.000   1.0000        square
 21.5000    0    1.100   1.0000          NULL 
 22.6000    2    2.000   1.0000        square
 24.6000    0    1.000   1.0000          NULL 
 25.6000    2    2.000   1.0000        square
 27.6000    0    1.900   1.0000          NULL 
 29.5000    2    2.000   1.0000        square
 31.5000    0    1.700   1.0000          NULL 
 33.2000    2    2.000   1.0000        square
 35.2000    0    1.000   1.0000          NULL 
 36.2000    1    2.000   1.0000          line
 38.2000    0    1.700   1.0000          NULL 
 39.9000    2    2.000   1.0000        square
 41.9000    0    1.000   1.0000          NULL 
 42.9000    2    2.000   1.0000        square
 44.9000    0    1.800   1.0000          NULL 
 46.7000    1    2.000   1.0000          line
 48.7000    0    1.000   1.0000          NULL 
 49.7000    1    2.000   1.0000          line
 51.7000    0    1.000   1.0000          NULL 
 52.7000    1    2.000   1.0000          line
 54.7000    0    1.100   1.0000          NULL 
 55.8000    1    2.000   1.0000          line
 57.8000    0    2.000   1.0000          NULL 
 59.8000    2    2.000   1.0000        square
 61.8000    0    1.100   1.0000          NULL 
 62.9000    1    2.000   1.0000          line
 64.9000    0    1.200   1.0000          NULL 
 66.1000    1    2.000   1.0000          line
 68.1000    0    1.500   1.0000          NULL 
 69.5999    2    2.000   1.0000        square
 71.5999    0    1.500   1.0000          NULL 
 73.0999    2    2.000   1.0000        square
 75.0999    0    1.100   1.0000          NULL 
 76.1999    1    2.000   1.0000          line
 78.1999    0    1.100   1.0000          NULL 
 79.2999    2    2.000   1.0000        square
 81.2999    0    1.000   1.0000          NULL 
 82.2999    2    2.000   1.0000        square
 84.2999    0    1.600   1.0000          NULL 
 85.8999    2    2.000   1.0000        square
 87.8999    0    1.000   1.0000          NULL 
 88.8999    1    2.000   1.0000          line
 90.8999    0    1.000   1.0000          NULL 
 91.8999    2    2.000   1.0000        square
 93.8999    0    1.400   1.0000          NULL 
 95.2999    2    2.000   1.0000        square
 97.2999    0    1.000   1.0000          NULL 
 98.2999    2    2.000   1.0000        square
100.2999    0    1.100   1.0000          NULL 
101.3999    1    2.000   1.0000          line
103.3999    0    1.400   1.0000          NULL 
104.7999    2    2.000   1.0000        square
106.7999    0    1.000   1.0000          NULL 
107.7999    1    2.000   1.0000          line
109.7999    0    1.200   1.0000          NULL 
110.9999    1    2.000   1.0000          line
112.9999    0    1.200   1.0000          NULL 
114.1999    1    2.000   1.0000          line
116.1999    0    1.100   1.0000          NULL 
117.2999    1    2.000   1.0000          line
119.2999    0    1.000   1.0000          NULL 
120.2999    1    2.000   1.0000          line
122.2999    0    1.200   1.0000          NULL 
123.4999    1    2.000   1.0000          line
125.4999    0    1.300   1.0000          NULL 
126.7999    2    2.000   1.0000        square
128.7999    0    1.200   1.0000          NULL 
