  0.0000    1    2.000   1.0000          line
  2.0000    0    2.500   1.0000          NULL 
  4.5000    2    2.000   1.0000        square
  6.5000    0    0.500   1.0000          NULL 
  7.0000    1    2.000   1.0000          line
  9.0000    0    0.500   1.0000          NULL 
  9.5000    1    2.000   1.0000          line
 11.5000    0    2.000   1.0000          NULL 
 13.5000    1    2.000   1.0000          line
 15.5000    0    0.500   1.0000          NULL 
 16.0000    2    2.000   1.0000        square
 18.0000    0    3.000   1.0000          NULL 
 21.0000    1    2.000   1.0000          line
 23.0000    0    1.500   1.0000          NULL 
 24.5000    1    2.000   1.0000          line
 26.5000    0    1.500   1.0000          NULL 
 28.0000    1    2.000   1.0000          line
 30.0000    0    0.500   1.0000          NULL 
 30.5000    1    2.000   1.0000          line
 32.5000    0    1.500   1.0000          NULL 
 34.0000    1    2.000   1.0000          line
 36.0000    0    2.500   1.0000          NULL 
 38.5000    1    2.000   1.0000          line
 40.5000    0    0.500   1.0000          NULL 
 41.0000    1    2.000   1.0000          line
 43.0000    0    0.500   1.0000          NULL 
 43.5000    1    2.000   1.0000          line
 45.5000    0    3.500   1.0000          NULL 
 49.0000    2    2.000   1.0000        square
 51.0000    0    1.500   1.0000          NULL 
 52.5000    1    2.000   1.0000          line
 54.5000    0    3.000   1.0000          NULL 
 57.5000    1    2.000   1.0000          line
 59.5000    0    1.000   1.0000          NULL 
 60.5000    2    2.000   1.0000        square
 62.5000    0    1.500   1.0000          NULL 
 64.0000    2    2.000   1.0000        square
 66.0000    0    3.500   1.0000          NULL 
 69.5000    1    2.000   1.0000          line
 71.5000    0    0.500   1.0000          NULL 
 72.0000    2    2.000   1.0000        square
 74.0000    0    1.000   1.0000          NULL 
 75.0000    2    2.000   1.0000        square
 77.0000    0    2.500   1.0000          NULL 
 79.5000    1    2.000   1.0000          line
 81.5000    0    4.000   1.0000          NULL 
 85.5000    1    2.000   1.0000          line
 87.5000    0    2.000   1.0000          NULL 
 89.5000    1    2.000   1.0000          line
 91.5000    0    1.500   1.0000          NULL 
 93.0000    1    2.000   1.0000          line
 95.0000    0    0.500   1.0000          NULL 
 95.5000    2    2.000   1.0000        square
 97.5000    0    0.500   1.0000          NULL 
 98.0000    1    2.000   1.0000          line
100.0000    0    1.500   1.0000          NULL 
101.5000    2    2.000   1.0000        square
103.5000    0    0.500   1.0000          NULL 
104.0000    2    2.000   1.0000        square
106.0000    0    1.000   1.0000          NULL 
107.0000    1    2.000   1.0000          line
109.0000    0    1.000   1.0000          NULL 
110.0000    1    2.000   1.0000          line
112.0000    0    2.500   1.0000          NULL 
114.5000    1    2.000   1.0000          line
116.5000    0    0.500   1.0000          NULL 
117.0000    1    2.000   1.0000          line
119.0000    0    0.500   1.0000          NULL 
119.5000    1    2.000   1.0000          line
121.5000    0    0.500   1.0000          NULL 
122.0000    1    2.000   1.0000          line
124.0000    0    2.000   1.0000          NULL 
126.0000    2    2.000   1.0000        square
128.0000    0    0.500   1.0000          NULL 
128.5000    1    2.000   1.0000          line
130.5000    0    1.500   1.0000          NULL 
132.0000    2    2.000   1.0000        square
134.0000    0    0.500   1.0000          NULL 
134.5000    1    2.000   1.0000          line
136.5000    0    0.500   1.0000          NULL 
137.0000    2    2.000   1.0000        square
139.0000    0    1.000   1.0000          NULL 
140.0000    2    2.000   1.0000        square
142.0000    0    1.500   1.0000          NULL 
143.5000    1    2.000   1.0000          line
145.5000    0    3.000   1.0000          NULL 
148.5000    2    2.000   1.0000        square
150.5000    0    1.000   1.0000          NULL 
151.5000    2    2.000   1.0000        square
153.5000    0    1.000   1.0000          NULL 
154.5000    2    2.000   1.0000        square
156.5000    0    2.500   1.0000          NULL 
159.0000    2    2.000   1.0000        square
161.0000    0    1.500   1.0000          NULL 
162.5000    2    2.000   1.0000        square
164.5000    0    1.500   1.0000          NULL 
166.0000    2    2.000   1.0000        square
168.0000    0    1.500   1.0000          NULL 
169.5000    2    2.000   1.0000        square
171.5000    0    1.000   1.0000          NULL 
172.5000    1    2.000   1.0000          line
174.5000    0    0.500   1.0000          NULL 
175.0000    1    2.000   1.0000          line
177.0000    0    1.500   1.0000          NULL 
178.5000    2    2.000   1.0000        square
180.5000    0    0.500   1.0000          NULL 
181.0000    2    2.000   1.0000        square
183.0000    0    1.500   1.0000          NULL 
184.5000    1    2.000   1.0000          line
186.5000    0    0.500   1.0000          NULL 
187.0000    2    2.000   1.0000        square
189.0000    0    1.000   1.0000          NULL 
190.0000    1    2.000   1.0000          line
192.0000    0    1.000   1.0000          NULL 
193.0000    1    2.000   1.0000          line
195.0000    0    1.000   1.0000          NULL 
196.0000    1    2.000   1.0000          line
198.0000    0    2.000   1.0000          NULL 
200.0000    2    2.000   1.0000        square
202.0000    0    0.500   1.0000          NULL 
202.5000    1    2.000   1.0000          line
204.5000    0    1.000   1.0000          NULL 
205.5000    2    2.000   1.0000        square
207.5000    0    0.500   1.0000          NULL 
208.0000    1    2.000   1.0000          line
210.0000    0    1.500   1.0000          NULL 
211.5000    1    2.000   1.0000          line
213.5000    0    0.500   1.0000          NULL 
214.0000    1    2.000   1.0000          line
216.0000    0    0.500   1.0000          NULL 
216.5000    2    2.000   1.0000        square
218.5000    0    3.500   1.0000          NULL 
222.0000    1    2.000   1.0000          line
224.0000    0    0.500   1.0000          NULL 
224.5000    2    2.000   1.0000        square
226.5000    0    4.000   1.0000          NULL 
230.5000    2    2.000   1.0000        square
232.5000    0    1.500   1.0000          NULL 
234.0000    1    2.000   1.0000          line
236.0000    0    1.000   1.0000          NULL 
237.0000    1    2.000   1.0000          line
239.0000    0    2.000   1.0000          NULL 
241.0000    2    2.000   1.0000        square
243.0000    0    0.500   1.0000          NULL 
243.5000    1    2.000   1.0000          line
245.5000    0    0.500   1.0000          NULL 
246.0000    2    2.000   1.0000        square
248.0000    0    2.500   1.0000          NULL 
250.5000    1    2.000   1.0000          line
252.5000    0    0.500   1.0000          NULL 
253.0000    2    2.000   1.0000        square
255.0000    0    1.000   1.0000          NULL 
256.0000    2    2.000   1.0000        square
258.0000    0    2.000   1.0000          NULL 
260.0000    1    2.000   1.0000          line
262.0000    0    0.500   1.0000          NULL 
262.5000    2    2.000   1.0000        square
264.5000    0    0.500   1.0000          NULL 
265.0000    2    2.000   1.0000        square
267.0000    0    0.500   1.0000          NULL 
267.5000    2    2.000   1.0000        square
269.5000    0    1.000   1.0000          NULL 
270.5000    1    2.000   1.0000          line
272.5000    0    2.000   1.0000          NULL 
274.5000    2    2.000   1.0000        square
276.5000    0    1.000   1.0000          NULL 
277.5000    2    2.000   1.0000        square
279.5000    0    0.500   1.0000          NULL 
280.0000    2    2.000   1.0000        square
282.0000    0    0.500   1.0000          NULL 
282.5000    1    2.000   1.0000          line
284.5000    0    1.500   1.0000          NULL 
286.0000    2    2.000   1.0000        square
288.0000    0    3.500   1.0000          NULL 
291.5000    2    2.000   1.0000        square
293.5000    0    0.500   1.0000          NULL 
294.0000    1    2.000   1.0000          line
296.0000    0    0.500   1.0000          NULL 
296.5000    1    2.000   1.0000          line
298.5000    0    0.500   1.0000          NULL 
299.0000    2    2.000   1.0000        square
301.0000    0    1.500   1.0000          NULL 
302.5000    1    2.000   1.0000          line
304.5000    0    0.500   1.0000          NULL 
305.0000    1    2.000   1.0000          line
307.0000    0    0.500   1.0000          NULL 
307.5000    2    2.000   1.0000        square
309.5000    0    3.500   1.0000          NULL 
313.0000    2    2.000   1.0000        square
315.0000    0    2.000   1.0000          NULL 
317.0000    2    2.000   1.0000        square
319.0000    0    0.500   1.0000          NULL 
319.5000    2    2.000   1.0000        square
321.5000    0    2.000   1.0000          NULL 
323.5000    2    2.000   1.0000        square
325.5000    0    3.000   1.0000          NULL 
328.5000    2    2.000   1.0000        square
330.5000    0    0.500   1.0000          NULL 
331.0000    2    2.000   1.0000        square
333.0000    0    0.500   1.0000          NULL 
333.5000    2    2.000   1.0000        square
335.5000    0    0.500   1.0000          NULL 
336.0000    1    2.000   1.0000          line
338.0000    0    2.500   1.0000          NULL 
340.5000    1    2.000   1.0000          line
342.5000    0    3.500   1.0000          NULL 
346.0000    2    2.000   1.0000        square
348.0000    0    2.500   1.0000          NULL 
350.5000    2    2.000   1.0000        square
352.5000    0    0.500   1.0000          NULL 
353.0000    1    2.000   1.0000          line
355.0000    0    1.000   1.0000          NULL 
356.0000    1    2.000   1.0000          line
358.0000    0    1.500   1.0000          NULL 
359.5000    1    2.000   1.0000          line
361.5000    0    1.000   1.0000          NULL 
362.5000    2    2.000   1.0000        square
364.5000    0    2.500   1.0000          NULL 
367.0000    2    2.000   1.0000        square
369.0000    0    2.000   1.0000          NULL 
371.0000    1    2.000   1.0000          line
373.0000    0    1.000   1.0000          NULL 
374.0000    1    2.000   1.0000          line
376.0000    0    0.500   1.0000          NULL 
376.5000    2    2.000   1.0000        square
378.5000    0    0.500   1.0000          NULL 
379.0000    2    2.000   1.0000        square
381.0000    0    1.000   1.0000          NULL 
382.0000    2    2.000   1.0000        square
384.0000    0    1.000   1.0000          NULL 
385.0000    1    2.000   1.0000          line
387.0000    0    1.000   1.0000          NULL 
388.0000    2    2.000   1.0000        square
390.0000    0    0.500   1.0000          NULL 
390.5000    1    2.000   1.0000          line
392.5000    0    1.500   1.0000          NULL 
394.0000    2    2.000   1.0000        square
396.0000    0    0.500   1.0000          NULL 
396.5000    2    2.000   1.0000        square
398.5000    0    1.500   1.0000          NULL 
