  0.0000    1    2.000   1.0000          line
  2.0000    0    1.100   1.0000          NULL 
  3.1000    1    2.000   1.0000          line
  5.1000    0    1.100   1.0000          NULL 
  6.2000    2    2.000   1.0000        square
  8.2000    0    1.000   1.0000          NULL 
  9.2000    2    2.000   1.0000        square
 11.2000    0    1.300   1.0000          NULL 
 12.5000    2    2.000   1.0000        square
 14.5000    0    1.100   1.0000          NULL 
 15.6000    2    2.000   1.0000        square
 17.6000    0    1.200   1.0000          NULL 
 18.8000    2    2.000   1.0000        square
 20.8000    0    1.100   1.0000          NULL 
 21.9000    1    2.000   1.0000          line
 23.9000    0    1.600   1.0000          NULL 
 25.5000    1    2.000   1.0000          line
 27.5000    0    1.000   1.0000          NULL 
 28.5000    2    2.000   1.0000        square
 30.5000    0    1.600   1.0000          NULL 
 32.1000    1    2.000   1.0000          line
 34.1000    0    1.000   1.0000          NULL 
 35.1000    1    2.000   1.0000          line
 37.1000    0    1.300   1.0000          NULL 
 38.4000    1    2.000   1.0000          line
 40.4000    0    1.800   1.0000          NULL 
 42.2000    1    2.000   1.0000          line
 44.2000    0    1.100   1.0000          NULL 
 45.3000    1    2.000   1.0000          line
 47.3000    0    1.200   1.0000          NULL 
 48.5000    1    2.000   1.0000          line
 50.5000    0    1.000   1.0000          NULL 
 51.5000    2    2.000   1.0000        square
 53.5000    0    2.000   1.0000          NULL 
 55.5000    2    2.000   1.0000        square
 57.5000    0    1.000   1.0000          NULL 
 58.5000    2    2.000   1.0000        square
 60.5000    0    1.200   1.0000          NULL 
 61.7000    2    2.000   1.0000        square
 63.7000    0    1.000   1.0000          NULL 
 64.7000    1    2.000   1.0000          line
 66.7000    0    1.100   1.0000          NULL 
 67.8000    2    2.000   1.0000        square
 69.8000    0    1.200   1.0000          NULL 
 71.0000    2    2.000   1.0000        square
 73.0000    0    1.700   1.0000          NULL 
 74.7000    1    2.000   1.0000          line
 76.7000    0    2.000   1.0000          NULL 
 78.6999    1    2.000   1.0000          line
 80.6999    0    1.900   1.0000          NULL 
 82.5999    2    2.000   1.0000        square
 84.5999    0    1.000   1.0000          NULL 
 85.5999    2    2.000   1.0000        square
 87.5999    0    1.100   1.0000          NULL 
 88.6999    2    2.000   1.0000        square
 90.6999    0    1.300   1.0000          NULL 
 91.9999    2    2.000   1.0000        square
 93.9999    0    1.100   1.0000          NULL 
 95.0999    1    2.000   1.0000          line
 97.0999    0    1.100   1.0000          NULL 
 98.1999    1    2.000   1.0000          line
100.1999    0    1.200   1.0000          NULL 
101.3999    2    2.000   1.0000        square
103.3999    0    1.200   1.0000          NULL 
104.5999    1    2.000   1.0000          line
106.5999    0    1.100   1.0000          NULL 
107.6999    2    2.000   1.0000        square
109.6999    0    1.400   1.0000          NULL 
111.0999    1    2.000   1.0000          line
113.0999    0    1.000   1.0000          NULL 
114.0999    2    2.000   1.0000        square
116.0999    0    1.100   1.0000          NULL 
117.1999    1    2.000   1.0000          line
119.1999    0    1.000   1.0000          NULL 
120.1999    1    2.000   1.0000          line
122.1999    0    1.200   1.0000          NULL 
123.3999    1    2.000   1.0000          line
125.3999    0    1.200   1.0000          NULL 
126.5999    2    2.000   1.0000        square
128.5999    0    1.400   1.0000          NULL 
