  0.0000    1    2.000   1.0000          line
  2.0000    0    0.500   1.0000          NULL 
  2.5000    2    2.000   1.0000        square
  4.5000    0    1.000   1.0000          NULL 
  5.5000    1    2.000   1.0000          line
  7.5000    0    0.500   1.0000          NULL 
  8.0000    1    2.000   1.0000          line
 10.0000    0    0.500   1.0000          NULL 
 10.5000    1    2.000   1.0000          line
 12.5000    0    0.500   1.0000          NULL 
 13.0000    2    2.000   1.0000        square
 15.0000    0    2.000   1.0000          NULL 
 17.0000    1    2.000   1.0000          line
 19.0000    0    3.500   1.0000          NULL 
 22.5000    1    2.000   1.0000          line
 24.5000    0    3.500   1.0000          NULL 
 28.0000    1    2.000   1.0000          line
 30.0000    0    0.500   1.0000          NULL 
 30.5000    1    2.000   1.0000          line
 32.5000    0    1.500   1.0000          NULL 
 34.0000    1    2.000   1.0000          line
 36.0000    0    1.000   1.0000          NULL 
 37.0000    2    2.000   1.0000        square
 39.0000    0    0.500   1.0000          NULL 
 39.5000    2    2.000   1.0000        square
 41.5000    0    0.500   1.0000          NULL 
 42.0000    2    2.000   1.0000        square
 44.0000    0    0.500   1.0000          NULL 
 44.5000    2    2.000   1.0000        square
 46.5000    0    3.000   1.0000          NULL 
 49.5000    1    2.000   1.0000          line
 51.5000    0    1.000   1.0000          NULL 
 52.5000    2    2.000   1.0000        square
 54.5000    0    4.000   1.0000          NULL 
 58.5000    1    2.000   1.0000          line
 60.5000    0    3.000   1.0000          NULL 
 63.5000    1    2.000   1.0000          line
 65.5000    0    2.500   1.0000          NULL 
 68.0000    2    2.000   1.0000        square
 70.0000    0    0.500   1.0000          NULL 
 70.5000    2    2.000   1.0000        square
 72.5000    0    0.500   1.0000          NULL 
 73.0000    1    2.000   1.0000          line
 75.0000    0    3.000   1.0000          NULL 
 78.0000    1    2.000   1.0000          line
 80.0000    0    2.000   1.0000          NULL 
 82.0000    1    2.000   1.0000          line
 84.0000    0    0.500   1.0000          NULL 
 84.5000    2    2.000   1.0000        square
 86.5000    0    1.500   1.0000          NULL 
 88.0000    1    2.000   1.0000          line
 90.0000    0    0.500   1.0000          NULL 
 90.5000    1    2.000   1.0000          line
 92.5000    0    0.500   1.0000          NULL 
 93.0000    2    2.000   1.0000        square
 95.0000    0    0.500   1.0000          NULL 
 95.5000    1    2.000   1.0000          line
 97.5000    0    1.000   1.0000          NULL 
 98.5000    1    2.000   1.0000          line
100.5000    0    1.000   1.0000          NULL 
101.5000    1    2.000   1.0000          line
103.5000    0    3.000   1.0000          NULL 
106.5000    2    2.000   1.0000        square
108.5000    0    0.500   1.0000          NULL 
109.0000    1    2.000   1.0000          line
111.0000    0    1.000   1.0000          NULL 
112.0000    1    2.000   1.0000          line
114.0000    0    1.000   1.0000          NULL 
115.0000    1    2.000   1.0000          line
117.0000    0    1.000   1.0000          NULL 
118.0000    1    2.000   1.0000          line
120.0000    0    0.500   1.0000          NULL 
120.5000    2    2.000   1.0000        square
122.5000    0    1.500   1.0000          NULL 
124.0000    2    2.000   1.0000        square
126.0000    0    1.000   1.0000          NULL 
127.0000    1    2.000   1.0000          line
129.0000    0    2.500   1.0000          NULL 
131.5000    1    2.000   1.0000          line
133.5000    0    0.500   1.0000          NULL 
134.0000    1    2.000   1.0000          line
136.0000    0    1.000   1.0000          NULL 
137.0000    2    2.000   1.0000        square
139.0000    0    1.500   1.0000          NULL 
140.5000    2    2.000   1.0000        square
142.5000    0    0.500   1.0000          NULL 
143.0000    2    2.000   1.0000        square
145.0000    0    2.000   1.0000          NULL 
147.0000    2    2.000   1.0000        square
149.0000    0    3.000   1.0000          NULL 
152.0000    2    2.000   1.0000        square
154.0000    0    1.000   1.0000          NULL 
155.0000    2    2.000   1.0000        square
157.0000    0    4.000   1.0000          NULL 
161.0000    2    2.000   1.0000        square
163.0000    0    2.500   1.0000          NULL 
165.5000    1    2.000   1.0000          line
167.5000    0    0.500   1.0000          NULL 
168.0000    2    2.000   1.0000        square
170.0000    0    0.500   1.0000          NULL 
170.5000    1    2.000   1.0000          line
172.5000    0    1.000   1.0000          NULL 
173.5000    2    2.000   1.0000        square
175.5000    0    2.500   1.0000          NULL 
178.0000    2    2.000   1.0000        square
180.0000    0    2.000   1.0000          NULL 
182.0000    2    2.000   1.0000        square
184.0000    0    0.500   1.0000          NULL 
184.5000    2    2.000   1.0000        square
186.5000    0    0.500   1.0000          NULL 
187.0000    2    2.000   1.0000        square
189.0000    0    3.500   1.0000          NULL 
192.5000    2    2.000   1.0000        square
194.5000    0    1.000   1.0000          NULL 
195.5000    2    2.000   1.0000        square
197.5000    0    1.000   1.0000          NULL 
198.5000    1    2.000   1.0000          line
200.5000    0    1.000   1.0000          NULL 
201.5000    2    2.000   1.0000        square
203.5000    0    1.500   1.0000          NULL 
205.0000    2    2.000   1.0000        square
207.0000    0    2.000   1.0000          NULL 
209.0000    2    2.000   1.0000        square
211.0000    0    2.500   1.0000          NULL 
213.5000    2    2.000   1.0000        square
215.5000    0    1.000   1.0000          NULL 
216.5000    1    2.000   1.0000          line
218.5000    0    0.500   1.0000          NULL 
219.0000    2    2.000   1.0000        square
221.0000    0    2.000   1.0000          NULL 
223.0000    1    2.000   1.0000          line
225.0000    0    0.500   1.0000          NULL 
225.5000    2    2.000   1.0000        square
227.5000    0    1.500   1.0000          NULL 
229.0000    1    2.000   1.0000          line
231.0000    0    0.500   1.0000          NULL 
231.5000    2    2.000   1.0000        square
233.5000    0    3.500   1.0000          NULL 
237.0000    1    2.000   1.0000          line
239.0000    0    1.500   1.0000          NULL 
240.5000    1    2.000   1.0000          line
242.5000    0    1.000   1.0000          NULL 
243.5000    2    2.000   1.0000        square
245.5000    0    3.500   1.0000          NULL 
249.0000    1    2.000   1.0000          line
251.0000    0    0.500   1.0000          NULL 
251.5000    2    2.000   1.0000        square
253.5000    0    0.500   1.0000          NULL 
254.0000    2    2.000   1.0000        square
256.0000    0    0.500   1.0000          NULL 
256.5000    1    2.000   1.0000          line
258.5000    0    2.500   1.0000          NULL 
261.0000    1    2.000   1.0000          line
263.0000    0    0.500   1.0000          NULL 
263.5000    2    2.000   1.0000        square
265.5000    0    0.500   1.0000          NULL 
266.0000    1    2.000   1.0000          line
268.0000    0    1.500   1.0000          NULL 
269.5000    1    2.000   1.0000          line
271.5000    0    0.500   1.0000          NULL 
272.0000    2    2.000   1.0000        square
274.0000    0    2.000   1.0000          NULL 
276.0000    1    2.000   1.0000          line
278.0000    0    1.000   1.0000          NULL 
279.0000    2    2.000   1.0000        square
281.0000    0    1.500   1.0000          NULL 
282.5000    1    2.000   1.0000          line
284.5000    0    2.000   1.0000          NULL 
286.5000    2    2.000   1.0000        square
288.5000    0    2.000   1.0000          NULL 
290.5000    2    2.000   1.0000        square
292.5000    0    0.500   1.0000          NULL 
293.0000    2    2.000   1.0000        square
295.0000    0    1.500   1.0000          NULL 
296.5000    1    2.000   1.0000          line
298.5000    0    0.500   1.0000          NULL 
299.0000    2    2.000   1.0000        square
301.0000    0    1.000   1.0000          NULL 
302.0000    1    2.000   1.0000          line
304.0000    0    2.500   1.0000          NULL 
306.5000    2    2.000   1.0000        square
308.5000    0    0.500   1.0000          NULL 
309.0000    1    2.000   1.0000          line
311.0000    0    0.500   1.0000          NULL 
311.5000    1    2.000   1.0000          line
313.5000    0    0.500   1.0000          NULL 
314.0000    2    2.000   1.0000        square
316.0000    0    2.000   1.0000          NULL 
318.0000    1    2.000   1.0000          line
320.0000    0    0.500   1.0000          NULL 
320.5000    1    2.000   1.0000          line
322.5000    0    1.000   1.0000          NULL 
323.5000    1    2.000   1.0000          line
325.5000    0    1.500   1.0000          NULL 
327.0000    1    2.000   1.0000          line
329.0000    0    0.500   1.0000          NULL 
329.5000    1    2.000   1.0000          line
331.5000    0    2.000   1.0000          NULL 
333.5000    1    2.000   1.0000          line
335.5000    0    0.500   1.0000          NULL 
336.0000    1    2.000   1.0000          line
338.0000    0    2.000   1.0000          NULL 
340.0000    2    2.000   1.0000        square
342.0000    0    2.500   1.0000          NULL 
344.5000    1    2.000   1.0000          line
346.5000    0    0.500   1.0000          NULL 
347.0000    2    2.000   1.0000        square
349.0000    0    0.500   1.0000          NULL 
349.5000    1    2.000   1.0000          line
351.5000    0    1.000   1.0000          NULL 
352.5000    2    2.000   1.0000        square
354.5000    0    1.000   1.0000          NULL 
355.5000    2    2.000   1.0000        square
357.5000    0    1.500   1.0000          NULL 
359.0000    2    2.000   1.0000        square
361.0000    0    0.500   1.0000          NULL 
361.5000    2    2.000   1.0000        square
363.5000    0    2.000   1.0000          NULL 
365.5000    2    2.000   1.0000        square
367.5000    0    1.500   1.0000          NULL 
369.0000    1    2.000   1.0000          line
371.0000    0    1.500   1.0000          NULL 
372.5000    2    2.000   1.0000        square
374.5000    0    1.500   1.0000          NULL 
376.0000    2    2.000   1.0000        square
378.0000    0    1.500   1.0000          NULL 
379.5000    1    2.000   1.0000          line
381.5000    0    0.500   1.0000          NULL 
382.0000    1    2.000   1.0000          line
384.0000    0    0.500   1.0000          NULL 
384.5000    2    2.000   1.0000        square
386.5000    0    1.500   1.0000          NULL 
388.0000    2    2.000   1.0000        square
390.0000    0    2.500   1.0000          NULL 
392.5000    2    2.000   1.0000        square
394.5000    0    0.500   1.0000          NULL 
395.0000    1    2.000   1.0000          line
397.0000    0    0.500   1.0000          NULL 
397.5000    1    2.000   1.0000          line
399.5000    0    0.500   1.0000          NULL 
