  0.0000    2    2.000   1.0000        square
  2.0000    0    1.000   1.0000          NULL 
  3.0000    1    2.000   1.0000          line
  5.0000    0    1.000   1.0000          NULL 
  6.0000    1    2.000   1.0000          line
  8.0000    0    1.000   1.0000          NULL 
  9.0000    1    2.000   1.0000          line
 11.0000    0    2.000   1.0000          NULL 
 13.0000    2    2.000   1.0000        square
 15.0000    0    1.100   1.0000          NULL 
 16.1000    1    2.000   1.0000          line
 18.1000    0    2.000   1.0000          NULL 
 20.1000    1    2.000   1.0000          line
 22.1000    0    1.800   1.0000          NULL 
 23.9000    2    2.000   1.0000        square
 25.9000    0    1.000   1.0000          NULL 
 26.9000    2    2.000   1.0000        square
 28.9000    0    1.200   1.0000          NULL 
 30.1000    1    2.000   1.0000          line
 32.1000    0    1.000   1.0000          NULL 
 33.1000    1    2.000   1.0000          line
 35.1000    0    1.800   1.0000          NULL 
 36.9000    1    2.000   1.0000          line
 38.9000    0    1.100   1.0000          NULL 
 40.0000    1    2.000   1.0000          line
 42.0000    0    1.600   1.0000          NULL 
 43.6000    2    2.000   1.0000        square
 45.6000    0    1.400   1.0000          NULL 
 47.0000    1    2.000   1.0000          line
 49.0000    0    1.000   1.0000          NULL 
 50.0000    2    2.000   1.0000        square
 52.0000    0    1.000   1.0000          NULL 
 53.0000    1    2.000   1.0000          line
 55.0000    0    1.100   1.0000          NULL 
 56.1000    1    2.000   1.0000          line
 58.1000    0    1.700   1.0000          NULL 
 59.8000    2    2.000   1.0000        square
 61.8000    0    1.000   1.0000          NULL 
 62.8000    2    2.000   1.0000        square
 64.8000    0    1.100   1.0000          NULL 
 65.9000    2    2.000   1.0000        square
 67.9000    0    1.800   1.0000          NULL 
 69.7000    2    2.000   1.0000        square
 71.7000    0    1.000   1.0000          NULL 
 72.7000    2    2.000   1.0000        square
 74.7000    0    1.500   1.0000          NULL 
 76.2000    2    2.000   1.0000        square
 78.2000    0    1.000   1.0000          NULL 
 79.2000    1    2.000   1.0000          line
 81.2000    0    1.200   1.0000          NULL 
 82.3999    2    2.000   1.0000        square
 84.3999    0    1.100   1.0000          NULL 
 85.4999    1    2.000   1.0000          line
 87.4999    0    1.000   1.0000          NULL 
 88.4999    1    2.000   1.0000          line
 90.4999    0    1.000   1.0000          NULL 
 91.4999    2    2.000   1.0000        square
 93.4999    0    1.000   1.0000          NULL 
 94.4999    2    2.000   1.0000        square
 96.4999    0    1.600   1.0000          NULL 
 98.0999    1    2.000   1.0000          line
100.0999    0    1.100   1.0000          NULL 
101.1999    1    2.000   1.0000          line
103.1999    0    1.000   1.0000          NULL 
104.1999    1    2.000   1.0000          line
106.1999    0    1.400   1.0000          NULL 
107.5999    2    2.000   1.0000        square
109.5999    0    1.200   1.0000          NULL 
110.7999    2    2.000   1.0000        square
112.7999    0    1.500   1.0000          NULL 
114.2999    2    2.000   1.0000        square
116.2999    0    1.400   1.0000          NULL 
117.6999    2    2.000   1.0000        square
119.6999    0    1.100   1.0000          NULL 
120.7999    1    2.000   1.0000          line
122.7999    0    1.100   1.0000          NULL 
123.8999    2    2.000   1.0000        square
125.8999    0    1.100   1.0000          NULL 
126.9999    1    2.000   1.0000          line
128.9999    0    1.000   1.0000          NULL 
