  0.0000    1    2.000   1.0000          line
  2.0000    0    1.000   1.0000          NULL 
  3.0000    1    2.000   1.0000          line
  5.0000    0    1.600   1.0000          NULL 
  6.6000    1    2.000   1.0000          line
  8.6000    0    1.000   1.0000          NULL 
  9.6000    2    2.000   1.0000        square
 11.6000    0    1.800   1.0000          NULL 
 13.4000    1    2.000   1.0000          line
 15.4000    0    1.100   1.0000          NULL 
 16.5000    1    2.000   1.0000          line
 18.5000    0    1.200   1.0000          NULL 
 19.7000    2    2.000   1.0000        square
 21.7000    0    1.300   1.0000          NULL 
 23.0000    1    2.000   1.0000          line
 25.0000    0    1.000   1.0000          NULL 
 26.0000    1    2.000   1.0000          line
 28.0000    0    1.000   1.0000          NULL 
 29.0000    1    2.000   1.0000          line
 31.0000    0    1.200   1.0000          NULL 
 32.2000    1    2.000   1.0000          line
 34.2000    0    1.000   1.0000          NULL 
 35.2000    2    2.000   1.0000        square
 37.2000    0    1.700   1.0000          NULL 
 38.9000    1    2.000   1.0000          line
 40.9000    0    1.500   1.0000          NULL 
 42.4000    1    2.000   1.0000          line
 44.4000    0    1.500   1.0000          NULL 
 45.9000    2    2.000   1.0000        square
 47.9000    0    1.000   1.0000          NULL 
 48.9000    1    2.000   1.0000          line
 50.9000    0    1.400   1.0000          NULL 
 52.3000    2    2.000   1.0000        square
 54.3000    0    1.400   1.0000          NULL 
 55.7000    2    2.000   1.0000        square
 57.7000    0    1.000   1.0000          NULL 
 58.7000    1    2.000   1.0000          line
 60.7000    0    1.200   1.0000          NULL 
 61.9000    1    2.000   1.0000          line
 63.9000    0    1.300   1.0000          NULL 
 65.2000    2    2.000   1.0000        square
 67.2000    0    1.600   1.0000          NULL 
 68.7999    2    2.000   1.0000        square
 70.7999    0    1.000   1.0000          NULL 
 71.7999    2    2.000   1.0000        square
 73.7999    0    1.000   1.0000          NULL 
 74.7999    2    2.000   1.0000        square
 76.7999    0    2.000   1.0000          NULL 
 78.7999    1    2.000   1.0000          line
 80.7999    0    1.100   1.0000          NULL 
 81.8999    2    2.000   1.0000        square
 83.8999    0    1.300   1.0000          NULL 
 85.1999    2    2.000   1.0000        square
 87.1999    0    1.100   1.0000          NULL 
 88.2999    2    2.000   1.0000        square
 90.2999    0    1.000   1.0000          NULL 
 91.2999    1    2.000   1.0000          line
 93.2999    0    1.500   1.0000          NULL 
 94.7999    1    2.000   1.0000          line
 96.7999    0    1.400   1.0000          NULL 
 98.1999    1    2.000   1.0000          line
100.1999    0    1.000   1.0000          NULL 
101.1999    2    2.000   1.0000        square
103.1999    0    1.100   1.0000          NULL 
104.2999    2    2.000   1.0000        square
106.2999    0    1.600   1.0000          NULL 
107.8999    2    2.000   1.0000        square
109.8999    0    1.000   1.0000          NULL 
110.8999    1    2.000   1.0000          line
112.8999    0    1.000   1.0000          NULL 
113.8999    2    2.000   1.0000        square
115.8999    0    1.400   1.0000          NULL 
117.2999    1    2.000   1.0000          line
119.2999    0    1.200   1.0000          NULL 
120.4999    2    2.000   1.0000        square
122.4999    0    1.200   1.0000          NULL 
123.6999    2    2.000   1.0000        square
125.6999    0    1.100   1.0000          NULL 
126.7999    2    2.000   1.0000        square
128.7999    0    1.200   1.0000          NULL 
