  0.0000    1    2.000   1.0000          line
  2.0000    0    2.000   1.0000          NULL 
  4.0000    2    2.000   1.0000        square
  6.0000    0    0.500   1.0000          NULL 
  6.5000    2    2.000   1.0000        square
  8.5000    0    1.000   1.0000          NULL 
  9.5000    1    2.000   1.0000          line
 11.5000    0    0.500   1.0000          NULL 
 12.0000    1    2.000   1.0000          line
 14.0000    0    1.500   1.0000          NULL 
 15.5000    2    2.000   1.0000        square
 17.5000    0    0.500   1.0000          NULL 
 18.0000    1    2.000   1.0000          line
 20.0000    0    0.500   1.0000          NULL 
 20.5000    1    2.000   1.0000          line
 22.5000    0    2.500   1.0000          NULL 
 25.0000    1    2.000   1.0000          line
 27.0000    0    0.500   1.0000          NULL 
 27.5000    2    2.000   1.0000        square
 29.5000    0    0.500   1.0000          NULL 
 30.0000    1    2.000   1.0000          line
 32.0000    0    0.500   1.0000          NULL 
 32.5000    1    2.000   1.0000          line
 34.5000    0    1.500   1.0000          NULL 
 36.0000    1    2.000   1.0000          line
 38.0000    0    0.500   1.0000          NULL 
 38.5000    2    2.000   1.0000        square
 40.5000    0    1.000   1.0000          NULL 
 41.5000    2    2.000   1.0000        square
 43.5000    0    1.000   1.0000          NULL 
 44.5000    1    2.000   1.0000          line
 46.5000    0    1.000   1.0000          NULL 
 47.5000    1    2.000   1.0000          line
 49.5000    0    2.500   1.0000          NULL 
 52.0000    1    2.000   1.0000          line
 54.0000    0    0.500   1.0000          NULL 
 54.5000    1    2.000   1.0000          line
 56.5000    0    0.500   1.0000          NULL 
 57.0000    1    2.000   1.0000          line
 59.0000    0    2.500   1.0000          NULL 
 61.5000    1    2.000   1.0000          line
 63.5000    0    1.000   1.0000          NULL 
 64.5000    1    2.000   1.0000          line
 66.5000    0    1.500   1.0000          NULL 
 68.0000    2    2.000   1.0000        square
 70.0000    0    2.000   1.0000          NULL 
 72.0000    2    2.000   1.0000        square
 74.0000    0    1.500   1.0000          NULL 
 75.5000    1    2.000   1.0000          line
 77.5000    0    2.000   1.0000          NULL 
 79.5000    2    2.000   1.0000        square
 81.5000    0    0.500   1.0000          NULL 
 82.0000    2    2.000   1.0000        square
 84.0000    0    1.500   1.0000          NULL 
 85.5000    2    2.000   1.0000        square
 87.5000    0    0.500   1.0000          NULL 
 88.0000    2    2.000   1.0000        square
 90.0000    0    2.000   1.0000          NULL 
 92.0000    2    2.000   1.0000        square
 94.0000    0    0.500   1.0000          NULL 
 94.5000    2    2.000   1.0000        square
 96.5000    0    0.500   1.0000          NULL 
 97.0000    2    2.000   1.0000        square
 99.0000    0    1.500   1.0000          NULL 
100.5000    1    2.000   1.0000          line
102.5000    0    1.000   1.0000          NULL 
103.5000    1    2.000   1.0000          line
105.5000    0    1.000   1.0000          NULL 
106.5000    2    2.000   1.0000        square
108.5000    0    0.500   1.0000          NULL 
109.0000    1    2.000   1.0000          line
111.0000    0    2.500   1.0000          NULL 
113.5000    2    2.000   1.0000        square
115.5000    0    1.500   1.0000          NULL 
117.0000    2    2.000   1.0000        square
119.0000    0    2.500   1.0000          NULL 
121.5000    2    2.000   1.0000        square
123.5000    0    1.000   1.0000          NULL 
124.5000    1    2.000   1.0000          line
126.5000    0    0.500   1.0000          NULL 
127.0000    2    2.000   1.0000        square
129.0000    0    0.500   1.0000          NULL 
129.5000    2    2.000   1.0000        square
131.5000    0    2.500   1.0000          NULL 
134.0000    2    2.000   1.0000        square
136.0000    0    0.500   1.0000          NULL 
136.5000    1    2.000   1.0000          line
138.5000    0    2.000   1.0000          NULL 
140.5000    1    2.000   1.0000          line
142.5000    0    0.500   1.0000          NULL 
143.0000    2    2.000   1.0000        square
145.0000    0    0.500   1.0000          NULL 
145.5000    1    2.000   1.0000          line
147.5000    0    0.500   1.0000          NULL 
148.0000    1    2.000   1.0000          line
150.0000    0    2.500   1.0000          NULL 
152.5000    2    2.000   1.0000        square
154.5000    0    1.500   1.0000          NULL 
156.0000    2    2.000   1.0000        square
158.0000    0    0.500   1.0000          NULL 
158.5000    2    2.000   1.0000        square
160.5000    0    0.500   1.0000          NULL 
161.0000    1    2.000   1.0000          line
163.0000    0    2.000   1.0000          NULL 
165.0000    1    2.000   1.0000          line
167.0000    0    1.000   1.0000          NULL 
168.0000    1    2.000   1.0000          line
170.0000    0    2.000   1.0000          NULL 
172.0000    1    2.000   1.0000          line
174.0000    0    1.000   1.0000          NULL 
175.0000    2    2.000   1.0000        square
177.0000    0    3.500   1.0000          NULL 
180.5000    1    2.000   1.0000          line
182.5000    0    3.000   1.0000          NULL 
185.5000    2    2.000   1.0000        square
187.5000    0    1.000   1.0000          NULL 
188.5000    2    2.000   1.0000        square
190.5000    0    0.500   1.0000          NULL 
191.0000    2    2.000   1.0000        square
193.0000    0    4.000   1.0000          NULL 
197.0000    1    2.000   1.0000          line
199.0000    0    3.500   1.0000          NULL 
202.5000    1    2.000   1.0000          line
204.5000    0    1.500   1.0000          NULL 
206.0000    2    2.000   1.0000        square
208.0000    0    0.500   1.0000          NULL 
208.5000    1    2.000   1.0000          line
210.5000    0    0.500   1.0000          NULL 
211.0000    1    2.000   1.0000          line
213.0000    0    0.500   1.0000          NULL 
213.5000    1    2.000   1.0000          line
215.5000    0    3.500   1.0000          NULL 
219.0000    2    2.000   1.0000        square
221.0000    0    1.500   1.0000          NULL 
222.5000    1    2.000   1.0000          line
224.5000    0    3.500   1.0000          NULL 
228.0000    2    2.000   1.0000        square
230.0000    0    2.500   1.0000          NULL 
232.5000    2    2.000   1.0000        square
234.5000    0    0.500   1.0000          NULL 
235.0000    1    2.000   1.0000          line
237.0000    0    1.000   1.0000          NULL 
238.0000    2    2.000   1.0000        square
240.0000    0    0.500   1.0000          NULL 
240.5000    2    2.000   1.0000        square
242.5000    0    1.500   1.0000          NULL 
244.0000    1    2.000   1.0000          line
246.0000    0    2.000   1.0000          NULL 
248.0000    2    2.000   1.0000        square
250.0000    0    1.000   1.0000          NULL 
251.0000    1    2.000   1.0000          line
253.0000    0    0.500   1.0000          NULL 
253.5000    1    2.000   1.0000          line
255.5000    0    1.500   1.0000          NULL 
257.0000    2    2.000   1.0000        square
259.0000    0    0.500   1.0000          NULL 
259.5000    2    2.000   1.0000        square
261.5000    0    3.000   1.0000          NULL 
264.5000    1    2.000   1.0000          line
266.5000    0    1.500   1.0000          NULL 
268.0000    1    2.000   1.0000          line
270.0000    0    1.500   1.0000          NULL 
271.5000    2    2.000   1.0000        square
273.5000    0    0.500   1.0000          NULL 
274.0000    2    2.000   1.0000        square
276.0000    0    3.000   1.0000          NULL 
279.0000    1    2.000   1.0000          line
281.0000    0    0.500   1.0000          NULL 
281.5000    1    2.000   1.0000          line
283.5000    0    0.500   1.0000          NULL 
284.0000    2    2.000   1.0000        square
286.0000    0    1.500   1.0000          NULL 
287.5000    1    2.000   1.0000          line
289.5000    0    0.500   1.0000          NULL 
290.0000    1    2.000   1.0000          line
292.0000    0    3.000   1.0000          NULL 
295.0000    2    2.000   1.0000        square
297.0000    0    1.500   1.0000          NULL 
298.5000    2    2.000   1.0000        square
300.5000    0    0.500   1.0000          NULL 
301.0000    2    2.000   1.0000        square
303.0000    0    0.500   1.0000          NULL 
303.5000    2    2.000   1.0000        square
305.5000    0    3.000   1.0000          NULL 
308.5000    2    2.000   1.0000        square
310.5000    0    1.000   1.0000          NULL 
311.5000    2    2.000   1.0000        square
313.5000    0    0.500   1.0000          NULL 
314.0000    1    2.000   1.0000          line
316.0000    0    1.000   1.0000          NULL 
317.0000    1    2.000   1.0000          line
319.0000    0    1.000   1.0000          NULL 
320.0000    2    2.000   1.0000        square
322.0000    0    3.000   1.0000          NULL 
325.0000    1    2.000   1.0000          line
327.0000    0    1.000   1.0000          NULL 
328.0000    2    2.000   1.0000        square
330.0000    0    1.500   1.0000          NULL 
331.5000    2    2.000   1.0000        square
333.5000    0    1.500   1.0000          NULL 
335.0000    2    2.000   1.0000        square
337.0000    0    0.500   1.0000          NULL 
337.5000    2    2.000   1.0000        square
339.5000    0    1.000   1.0000          NULL 
340.5000    1    2.000   1.0000          line
342.5000    0    3.000   1.0000          NULL 
345.5000    1    2.000   1.0000          line
347.5000    0    0.500   1.0000          NULL 
348.0000    2    2.000   1.0000        square
350.0000    0    1.500   1.0000          NULL 
351.5000    1    2.000   1.0000          line
353.5000    0    1.000   1.0000          NULL 
354.5000    1    2.000   1.0000          line
356.5000    0    2.000   1.0000          NULL 
358.5000    2    2.000   1.0000        square
360.5000    0    2.500   1.0000          NULL 
363.0000    1    2.000   1.0000          line
365.0000    0    3.500   1.0000          NULL 
368.5000    1    2.000   1.0000          line
370.5000    0    0.500   1.0000          NULL 
371.0000    2    2.000   1.0000        square
373.0000    0    1.000   1.0000          NULL 
374.0000    1    2.000   1.0000          line
376.0000    0    1.000   1.0000          NULL 
377.0000    2    2.000   1.0000        square
379.0000    0    1.000   1.0000          NULL 
380.0000    2    2.000   1.0000        square
382.0000    0    1.500   1.0000          NULL 
383.5000    1    2.000   1.0000          line
385.5000    0    0.500   1.0000          NULL 
386.0000    2    2.000   1.0000        square
388.0000    0    0.500   1.0000          NULL 
388.5000    1    2.000   1.0000          line
390.5000    0    0.500   1.0000          NULL 
391.0000    2    2.000   1.0000        square
393.0000    0    1.000   1.0000          NULL 
394.0000    1    2.000   1.0000          line
396.0000    0    1.000   1.0000          NULL 
397.0000    1    2.000   1.0000          line
399.0000    0    1.000   1.0000          NULL 
