  0.0000    2    2.000   1.0000        square
  2.0000    0    0.500   1.0000          NULL 
  2.5000    2    2.000   1.0000        square
  4.5000    0    0.500   1.0000          NULL 
  5.0000    2    2.000   1.0000        square
  7.0000    0    0.500   1.0000          NULL 
  7.5000    2    2.000   1.0000        square
  9.5000    0    4.000   1.0000          NULL 
 13.5000    2    2.000   1.0000        square
 15.5000    0    0.500   1.0000          NULL 
 16.0000    1    2.000   1.0000          line
 18.0000    0    1.000   1.0000          NULL 
 19.0000    1    2.000   1.0000          line
 21.0000    0    1.000   1.0000          NULL 
 22.0000    1    2.000   1.0000          line
 24.0000    0    0.500   1.0000          NULL 
 24.5000    2    2.000   1.0000        square
 26.5000    0    0.500   1.0000          NULL 
 27.0000    1    2.000   1.0000          line
 29.0000    0    0.500   1.0000          NULL 
 29.5000    2    2.000   1.0000        square
 31.5000    0    1.000   1.0000          NULL 
 32.5000    2    2.000   1.0000        square
 34.5000    0    1.500   1.0000          NULL 
 36.0000    2    2.000   1.0000        square
 38.0000    0    1.000   1.0000          NULL 
 39.0000    1    2.000   1.0000          line
 41.0000    0    1.000   1.0000          NULL 
 42.0000    2    2.000   1.0000        square
 44.0000    0    0.500   1.0000          NULL 
 44.5000    1    2.000   1.0000          line
 46.5000    0    1.000   1.0000          NULL 
 47.5000    2    2.000   1.0000        square
 49.5000    0    1.000   1.0000          NULL 
 50.5000    1    2.000   1.0000          line
 52.5000    0    0.500   1.0000          NULL 
 53.0000    2    2.000   1.0000        square
 55.0000    0    1.000   1.0000          NULL 
 56.0000    2    2.000   1.0000        square
 58.0000    0    0.500   1.0000          NULL 
 58.5000    1    2.000   1.0000          line
 60.5000    0    0.500   1.0000          NULL 
 61.0000    1    2.000   1.0000          line
 63.0000    0    4.000   1.0000          NULL 
 67.0000    1    2.000   1.0000          line
 69.0000    0    3.000   1.0000          NULL 
 72.0000    2    2.000   1.0000        square
 74.0000    0    3.500   1.0000          NULL 
 77.5000    1    2.000   1.0000          line
 79.5000    0    1.500   1.0000          NULL 
 81.0000    1    2.000   1.0000          line
 83.0000    0    0.500   1.0000          NULL 
 83.5000    1    2.000   1.0000          line
 85.5000    0    4.000   1.0000          NULL 
 89.5000    2    2.000   1.0000        square
 91.5000    0    1.000   1.0000          NULL 
 92.5000    2    2.000   1.0000        square
 94.5000    0    2.500   1.0000          NULL 
 97.0000    1    2.000   1.0000          line
 99.0000    0    2.500   1.0000          NULL 
101.5000    1    2.000   1.0000          line
103.5000    0    2.500   1.0000          NULL 
106.0000    1    2.000   1.0000          line
108.0000    0    0.500   1.0000          NULL 
108.5000    1    2.000   1.0000          line
110.5000    0    0.500   1.0000          NULL 
111.0000    1    2.000   1.0000          line
113.0000    0    0.500   1.0000          NULL 
113.5000    2    2.000   1.0000        square
115.5000    0    0.500   1.0000          NULL 
116.0000    2    2.000   1.0000        square
118.0000    0    1.000   1.0000          NULL 
119.0000    1    2.000   1.0000          line
121.0000    0    2.500   1.0000          NULL 
123.5000    2    2.000   1.0000        square
125.5000    0    0.500   1.0000          NULL 
126.0000    2    2.000   1.0000        square
128.0000    0    0.500   1.0000          NULL 
128.5000    1    2.000   1.0000          line
130.5000    0    1.500   1.0000          NULL 
132.0000    1    2.000   1.0000          line
134.0000    0    1.500   1.0000          NULL 
135.5000    2    2.000   1.0000        square
137.5000    0    0.500   1.0000          NULL 
138.0000    2    2.000   1.0000        square
140.0000    0    0.500   1.0000          NULL 
140.5000    2    2.000   1.0000        square
142.5000    0    0.500   1.0000          NULL 
143.0000    2    2.000   1.0000        square
145.0000    0    0.500   1.0000          NULL 
145.5000    2    2.000   1.0000        square
147.5000    0    3.000   1.0000          NULL 
150.5000    1    2.000   1.0000          line
152.5000    0    3.500   1.0000          NULL 
156.0000    2    2.000   1.0000        square
158.0000    0    1.500   1.0000          NULL 
159.5000    2    2.000   1.0000        square
161.5000    0    4.000   1.0000          NULL 
165.5000    2    2.000   1.0000        square
167.5000    0    0.500   1.0000          NULL 
168.0000    1    2.000   1.0000          line
170.0000    0    2.000   1.0000          NULL 
172.0000    1    2.000   1.0000          line
174.0000    0    0.500   1.0000          NULL 
174.5000    2    2.000   1.0000        square
176.5000    0    0.500   1.0000          NULL 
177.0000    2    2.000   1.0000        square
179.0000    0    1.000   1.0000          NULL 
180.0000    1    2.000   1.0000          line
182.0000    0    0.500   1.0000          NULL 
182.5000    2    2.000   1.0000        square
184.5000    0    1.500   1.0000          NULL 
186.0000    1    2.000   1.0000          line
188.0000    0    1.000   1.0000          NULL 
189.0000    2    2.000   1.0000        square
191.0000    0    0.500   1.0000          NULL 
191.5000    2    2.000   1.0000        square
193.5000    0    0.500   1.0000          NULL 
194.0000    2    2.000   1.0000        square
196.0000    0    1.000   1.0000          NULL 
197.0000    2    2.000   1.0000        square
199.0000    0    2.000   1.0000          NULL 
201.0000    2    2.000   1.0000        square
203.0000    0    4.000   1.0000          NULL 
207.0000    2    2.000   1.0000        square
209.0000    0    0.500   1.0000          NULL 
209.5000    2    2.000   1.0000        square
211.5000    0    1.500   1.0000          NULL 
213.0000    2    2.000   1.0000        square
215.0000    0    1.000   1.0000          NULL 
216.0000    1    2.000   1.0000          line
218.0000    0    3.500   1.0000          NULL 
221.5000    1    2.000   1.0000          line
223.5000    0    0.500   1.0000          NULL 
224.0000    2    2.000   1.0000        square
226.0000    0    0.500   1.0000          NULL 
226.5000    1    2.000   1.0000          line
228.5000    0    0.500   1.0000          NULL 
229.0000    1    2.000   1.0000          line
231.0000    0    1.500   1.0000          NULL 
232.5000    1    2.000   1.0000          line
234.5000    0    1.000   1.0000          NULL 
235.5000    1    2.000   1.0000          line
237.5000    0    2.000   1.0000          NULL 
239.5000    2    2.000   1.0000        square
241.5000    0    3.500   1.0000          NULL 
245.0000    2    2.000   1.0000        square
247.0000    0    4.000   1.0000          NULL 
251.0000    1    2.000   1.0000          line
253.0000    0    1.000   1.0000          NULL 
254.0000    2    2.000   1.0000        square
256.0000    0    2.000   1.0000          NULL 
258.0000    2    2.000   1.0000        square
260.0000    0    1.000   1.0000          NULL 
261.0000    2    2.000   1.0000        square
263.0000    0    0.500   1.0000          NULL 
263.5000    2    2.000   1.0000        square
265.5000    0    0.500   1.0000          NULL 
266.0000    2    2.000   1.0000        square
268.0000    0    0.500   1.0000          NULL 
268.5000    2    2.000   1.0000        square
270.5000    0    1.000   1.0000          NULL 
271.5000    2    2.000   1.0000        square
273.5000    0    3.000   1.0000          NULL 
276.5000    1    2.000   1.0000          line
278.5000    0    1.000   1.0000          NULL 
279.5000    1    2.000   1.0000          line
281.5000    0    0.500   1.0000          NULL 
282.0000    2    2.000   1.0000        square
284.0000    0    2.000   1.0000          NULL 
286.0000    1    2.000   1.0000          line
288.0000    0    0.500   1.0000          NULL 
288.5000    1    2.000   1.0000          line
290.5000    0    2.000   1.0000          NULL 
292.5000    1    2.000   1.0000          line
294.5000    0    1.000   1.0000          NULL 
295.5000    1    2.000   1.0000          line
297.5000    0    1.000   1.0000          NULL 
298.5000    2    2.000   1.0000        square
300.5000    0    1.000   1.0000          NULL 
301.5000    1    2.000   1.0000          line
303.5000    0    0.500   1.0000          NULL 
304.0000    1    2.000   1.0000          line
306.0000    0    1.000   1.0000          NULL 
307.0000    1    2.000   1.0000          line
309.0000    0    0.500   1.0000          NULL 
309.5000    2    2.000   1.0000        square
311.5000    0    0.500   1.0000          NULL 
312.0000    2    2.000   1.0000        square
314.0000    0    2.000   1.0000          NULL 
316.0000    1    2.000   1.0000          line
318.0000    0    0.500   1.0000          NULL 
318.5000    1    2.000   1.0000          line
320.5000    0    0.500   1.0000          NULL 
321.0000    1    2.000   1.0000          line
323.0000    0    1.000   1.0000          NULL 
324.0000    1    2.000   1.0000          line
326.0000    0    3.500   1.0000          NULL 
329.5000    1    2.000   1.0000          line
331.5000    0    0.500   1.0000          NULL 
332.0000    2    2.000   1.0000        square
334.0000    0    0.500   1.0000          NULL 
334.5000    1    2.000   1.0000          line
336.5000    0    3.500   1.0000          NULL 
340.0000    1    2.000   1.0000          line
342.0000    0    0.500   1.0000          NULL 
342.5000    1    2.000   1.0000          line
344.5000    0    2.500   1.0000          NULL 
347.0000    1    2.000   1.0000          line
349.0000    0    1.000   1.0000          NULL 
350.0000    1    2.000   1.0000          line
352.0000    0    2.000   1.0000          NULL 
354.0000    2    2.000   1.0000        square
356.0000    0    1.000   1.0000          NULL 
357.0000    1    2.000   1.0000          line
359.0000    0    1.000   1.0000          NULL 
360.0000    1    2.000   1.0000          line
362.0000    0    0.500   1.0000          NULL 
362.5000    2    2.000   1.0000        square
364.5000    0    1.000   1.0000          NULL 
365.5000    1    2.000   1.0000          line
367.5000    0    1.000   1.0000          NULL 
368.5000    2    2.000   1.0000        square
370.5000    0    1.500   1.0000          NULL 
372.0000    1    2.000   1.0000          line
374.0000    0    0.500   1.0000          NULL 
374.5000    2    2.000   1.0000        square
376.5000    0    3.500   1.0000          NULL 
380.0000    1    2.000   1.0000          line
382.0000    0    1.000   1.0000          NULL 
383.0000    2    2.000   1.0000        square
385.0000    0    1.500   1.0000          NULL 
386.5000    1    2.000   1.0000          line
388.5000    0    2.000   1.0000          NULL 
390.5000    2    2.000   1.0000        square
392.5000    0    0.500   1.0000          NULL 
393.0000    1    2.000   1.0000          line
395.0000    0    0.500   1.0000          NULL 
395.5000    1    2.000   1.0000          line
397.5000    0    2.500   1.0000          NULL 
