  0.0000    2    2.000   1.0000        square
  2.0000    0    0.500   1.0000          NULL 
  2.5000    1    2.000   1.0000          line
  4.5000    0    0.500   1.0000          NULL 
  5.0000    1    2.000   1.0000          line
  7.0000    0    0.500   1.0000          NULL 
  7.5000    1    2.000   1.0000          line
  9.5000    0    0.500   1.0000          NULL 
 10.0000    1    2.000   1.0000          line
 12.0000    0    1.000   1.0000          NULL 
 13.0000    1    2.000   1.0000          line
 15.0000    0    0.500   1.0000          NULL 
 15.5000    2    2.000   1.0000        square
 17.5000    0    2.500   1.0000          NULL 
 20.0000    1    2.000   1.0000          line
 22.0000    0    1.000   1.0000          NULL 
 23.0000    2    2.000   1.0000        square
 25.0000    0    0.500   1.0000          NULL 
 25.5000    1    2.000   1.0000          line
 27.5000    0    1.500   1.0000          NULL 
 29.0000    1    2.000   1.0000          line
 31.0000    0    1.500   1.0000          NULL 
 32.5000    2    2.000   1.0000        square
 34.5000    0    0.500   1.0000          NULL 
 35.0000    2    2.000   1.0000        square
 37.0000    0    3.500   1.0000          NULL 
 40.5000    2    2.000   1.0000        square
 42.5000    0    1.000   1.0000          NULL 
 43.5000    2    2.000   1.0000        square
 45.5000    0    0.500   1.0000          NULL 
 46.0000    1    2.000   1.0000          line
 48.0000    0    3.000   1.0000          NULL 
 51.0000    2    2.000   1.0000        square
 53.0000    0    3.000   1.0000          NULL 
 56.0000    1    2.000   1.0000          line
 58.0000    0    1.000   1.0000          NULL 
 59.0000    1    2.000   1.0000          line
 61.0000    0    1.000   1.0000          NULL 
 62.0000    2    2.000   1.0000        square
 64.0000    0    2.500   1.0000          NULL 
 66.5000    2    2.000   1.0000        square
 68.5000    0    1.500   1.0000          NULL 
 70.0000    2    2.000   1.0000        square
 72.0000    0    3.000   1.0000          NULL 
 75.0000    2    2.000   1.0000        square
 77.0000    0    0.500   1.0000          NULL 
 77.5000    1    2.000   1.0000          line
 79.5000    0    0.500   1.0000          NULL 
 80.0000    2    2.000   1.0000        square
 82.0000    0    0.500   1.0000          NULL 
 82.5000    2    2.000   1.0000        square
 84.5000    0    2.000   1.0000          NULL 
 86.5000    1    2.000   1.0000          line
 88.5000    0    1.500   1.0000          NULL 
 90.0000    2    2.000   1.0000        square
 92.0000    0    1.500   1.0000          NULL 
 93.5000    1    2.000   1.0000          line
 95.5000    0    1.500   1.0000          NULL 
 97.0000    2    2.000   1.0000        square
 99.0000    0    0.500   1.0000          NULL 
 99.5000    2    2.000   1.0000        square
101.5000    0    1.500   1.0000          NULL 
103.0000    1    2.000   1.0000          line
105.0000    0    0.500   1.0000          NULL 
105.5000    2    2.000   1.0000        square
107.5000    0    0.500   1.0000          NULL 
108.0000    1    2.000   1.0000          line
110.0000    0    1.500   1.0000          NULL 
111.5000    2    2.000   1.0000        square
113.5000    0    1.000   1.0000          NULL 
114.5000    1    2.000   1.0000          line
116.5000    0    1.000   1.0000          NULL 
117.5000    1    2.000   1.0000          line
119.5000    0    0.500   1.0000          NULL 
120.0000    2    2.000   1.0000        square
122.0000    0    0.500   1.0000          NULL 
122.5000    1    2.000   1.0000          line
124.5000    0    0.500   1.0000          NULL 
125.0000    2    2.000   1.0000        square
127.0000    0    3.000   1.0000          NULL 
130.0000    2    2.000   1.0000        square
132.0000    0    2.000   1.0000          NULL 
134.0000    2    2.000   1.0000        square
136.0000    0    0.500   1.0000          NULL 
136.5000    1    2.000   1.0000          line
138.5000    0    3.000   1.0000          NULL 
141.5000    1    2.000   1.0000          line
143.5000    0    4.000   1.0000          NULL 
147.5000    2    2.000   1.0000        square
149.5000    0    0.500   1.0000          NULL 
150.0000    1    2.000   1.0000          line
152.0000    0    2.000   1.0000          NULL 
154.0000    1    2.000   1.0000          line
156.0000    0    3.000   1.0000          NULL 
159.0000    1    2.000   1.0000          line
161.0000    0    1.000   1.0000          NULL 
162.0000    2    2.000   1.0000        square
164.0000    0    1.000   1.0000          NULL 
165.0000    2    2.000   1.0000        square
167.0000    0    1.500   1.0000          NULL 
168.5000    2    2.000   1.0000        square
170.5000    0    2.000   1.0000          NULL 
172.5000    2    2.000   1.0000        square
174.5000    0    0.500   1.0000          NULL 
175.0000    1    2.000   1.0000          line
177.0000    0    4.000   1.0000          NULL 
181.0000    1    2.000   1.0000          line
183.0000    0    1.000   1.0000          NULL 
184.0000    1    2.000   1.0000          line
186.0000    0    0.500   1.0000          NULL 
186.5000    1    2.000   1.0000          line
188.5000    0    3.500   1.0000          NULL 
192.0000    2    2.000   1.0000        square
194.0000    0    1.500   1.0000          NULL 
195.5000    1    2.000   1.0000          line
197.5000    0    1.500   1.0000          NULL 
199.0000    2    2.000   1.0000        square
201.0000    0    0.500   1.0000          NULL 
201.5000    2    2.000   1.0000        square
203.5000    0    1.000   1.0000          NULL 
204.5000    1    2.000   1.0000          line
206.5000    0    1.000   1.0000          NULL 
207.5000    1    2.000   1.0000          line
209.5000    0    1.000   1.0000          NULL 
210.5000    2    2.000   1.0000        square
212.5000    0    1.500   1.0000          NULL 
214.0000    1    2.000   1.0000          line
216.0000    0    0.500   1.0000          NULL 
216.5000    2    2.000   1.0000        square
218.5000    0    0.500   1.0000          NULL 
219.0000    1    2.000   1.0000          line
221.0000    0    2.500   1.0000          NULL 
223.5000    1    2.000   1.0000          line
225.5000    0    1.000   1.0000          NULL 
226.5000    2    2.000   1.0000        square
228.5000    0    1.000   1.0000          NULL 
229.5000    1    2.000   1.0000          line
231.5000    0    3.000   1.0000          NULL 
234.5000    1    2.000   1.0000          line
236.5000    0    3.000   1.0000          NULL 
239.5000    1    2.000   1.0000          line
241.5000    0    1.000   1.0000          NULL 
242.5000    2    2.000   1.0000        square
244.5000    0    0.500   1.0000          NULL 
245.0000    2    2.000   1.0000        square
247.0000    0    2.500   1.0000          NULL 
249.5000    1    2.000   1.0000          line
251.5000    0    2.000   1.0000          NULL 
253.5000    2    2.000   1.0000        square
255.5000    0    3.000   1.0000          NULL 
258.5000    2    2.000   1.0000        square
260.5000    0    4.000   1.0000          NULL 
264.5000    2    2.000   1.0000        square
266.5000    0    3.500   1.0000          NULL 
270.0000    2    2.000   1.0000        square
272.0000    0    2.000   1.0000          NULL 
274.0000    2    2.000   1.0000        square
276.0000    0    1.000   1.0000          NULL 
277.0000    1    2.000   1.0000          line
279.0000    0    1.000   1.0000          NULL 
280.0000    2    2.000   1.0000        square
282.0000    0    0.500   1.0000          NULL 
282.5000    1    2.000   1.0000          line
284.5000    0    1.000   1.0000          NULL 
285.5000    2    2.000   1.0000        square
287.5000    0    0.500   1.0000          NULL 
288.0000    2    2.000   1.0000        square
290.0000    0    0.500   1.0000          NULL 
290.5000    1    2.000   1.0000          line
292.5000    0    2.000   1.0000          NULL 
294.5000    1    2.000   1.0000          line
296.5000    0    1.000   1.0000          NULL 
297.5000    1    2.000   1.0000          line
299.5000    0    0.500   1.0000          NULL 
300.0000    1    2.000   1.0000          line
302.0000    0    0.500   1.0000          NULL 
302.5000    1    2.000   1.0000          line
304.5000    0    1.000   1.0000          NULL 
305.5000    1    2.000   1.0000          line
307.5000    0    1.000   1.0000          NULL 
308.5000    1    2.000   1.0000          line
310.5000    0    0.500   1.0000          NULL 
311.0000    1    2.000   1.0000          line
313.0000    0    1.000   1.0000          NULL 
314.0000    1    2.000   1.0000          line
316.0000    0    1.000   1.0000          NULL 
317.0000    2    2.000   1.0000        square
319.0000    0    3.000   1.0000          NULL 
322.0000    1    2.000   1.0000          line
324.0000    0    1.000   1.0000          NULL 
325.0000    2    2.000   1.0000        square
327.0000    0    0.500   1.0000          NULL 
327.5000    2    2.000   1.0000        square
329.5000    0    0.500   1.0000          NULL 
330.0000    1    2.000   1.0000          line
332.0000    0    0.500   1.0000          NULL 
332.5000    2    2.000   1.0000        square
334.5000    0    0.500   1.0000          NULL 
335.0000    2    2.000   1.0000        square
337.0000    0    1.500   1.0000          NULL 
338.5000    2    2.000   1.0000        square
340.5000    0    0.500   1.0000          NULL 
341.0000    2    2.000   1.0000        square
343.0000    0    1.000   1.0000          NULL 
344.0000    2    2.000   1.0000        square
346.0000    0    3.500   1.0000          NULL 
349.5000    2    2.000   1.0000        square
351.5000    0    1.000   1.0000          NULL 
352.5000    1    2.000   1.0000          line
354.5000    0    0.500   1.0000          NULL 
355.0000    1    2.000   1.0000          line
357.0000    0    0.500   1.0000          NULL 
357.5000    2    2.000   1.0000        square
359.5000    0    3.000   1.0000          NULL 
362.5000    1    2.000   1.0000          line
364.5000    0    1.000   1.0000          NULL 
365.5000    1    2.000   1.0000          line
367.5000    0    1.000   1.0000          NULL 
368.5000    1    2.000   1.0000          line
370.5000    0    1.000   1.0000          NULL 
371.5000    1    2.000   1.0000          line
373.5000    0    2.000   1.0000          NULL 
375.5000    1    2.000   1.0000          line
377.5000    0    0.500   1.0000          NULL 
378.0000    2    2.000   1.0000        square
380.0000    0    0.500   1.0000          NULL 
380.5000    2    2.000   1.0000        square
382.5000    0    0.500   1.0000          NULL 
383.0000    1    2.000   1.0000          line
385.0000    0    1.000   1.0000          NULL 
386.0000    1    2.000   1.0000          line
388.0000    0    0.500   1.0000          NULL 
388.5000    2    2.000   1.0000        square
390.5000    0    1.000   1.0000          NULL 
391.5000    2    2.000   1.0000        square
393.5000    0    0.500   1.0000          NULL 
394.0000    2    2.000   1.0000        square
396.0000    0    1.500   1.0000          NULL 
397.5000    2    2.000   1.0000        square
399.5000    0    0.500   1.0000          NULL 
