  0.0000    2    2.000   1.0000        square
  2.0000    0    3.000   1.0000          NULL 
  5.0000    1    2.000   1.0000          line
  7.0000    0    0.500   1.0000          NULL 
  7.5000    2    2.000   1.0000        square
  9.5000    0    1.500   1.0000          NULL 
 11.0000    1    2.000   1.0000          line
 13.0000    0    0.500   1.0000          NULL 
 13.5000    2    2.000   1.0000        square
 15.5000    0    1.000   1.0000          NULL 
 16.5000    1    2.000   1.0000          line
 18.5000    0    4.000   1.0000          NULL 
 22.5000    2    2.000   1.0000        square
 24.5000    0    1.000   1.0000          NULL 
 25.5000    1    2.000   1.0000          line
 27.5000    0    3.500   1.0000          NULL 
 31.0000    2    2.000   1.0000        square
 33.0000    0    4.000   1.0000          NULL 
 37.0000    1    2.000   1.0000          line
 39.0000    0    0.500   1.0000          NULL 
 39.5000    1    2.000   1.0000          line
 41.5000    0    1.000   1.0000          NULL 
 42.5000    2    2.000   1.0000        square
 44.5000    0    2.000   1.0000          NULL 
 46.5000    2    2.000   1.0000        square
 48.5000    0    1.500   1.0000          NULL 
 50.0000    2    2.000   1.0000        square
 52.0000    0    0.500   1.0000          NULL 
 52.5000    2    2.000   1.0000        square
 54.5000    0    0.500   1.0000          NULL 
 55.0000    2    2.000   1.0000        square
 57.0000    0    0.500   1.0000          NULL 
 57.5000    1    2.000   1.0000          line
 59.5000    0    4.000   1.0000          NULL 
 63.5000    1    2.000   1.0000          line
 65.5000    0    0.500   1.0000          NULL 
 66.0000    2    2.000   1.0000        square
 68.0000    0    1.000   1.0000          NULL 
 69.0000    2    2.000   1.0000        square
 71.0000    0    2.000   1.0000          NULL 
 73.0000    2    2.000   1.0000        square
 75.0000    0    0.500   1.0000          NULL 
 75.5000    1    2.000   1.0000          line
 77.5000    0    2.500   1.0000          NULL 
 80.0000    1    2.000   1.0000          line
 82.0000    0    0.500   1.0000          NULL 
 82.5000    1    2.000   1.0000          line
 84.5000    0    0.500   1.0000          NULL 
 85.0000    2    2.000   1.0000        square
 87.0000    0    0.500   1.0000          NULL 
 87.5000    2    2.000   1.0000        square
 89.5000    0    0.500   1.0000          NULL 
 90.0000    2    2.000   1.0000        square
 92.0000    0    0.500   1.0000          NULL 
 92.5000    2    2.000   1.0000        square
 94.5000    0    0.500   1.0000          NULL 
 95.0000    2    2.000   1.0000        square
 97.0000    0    1.000   1.0000          NULL 
 98.0000    1    2.000   1.0000          line
100.0000    0    1.000   1.0000          NULL 
101.0000    1    2.000   1.0000          line
103.0000    0    2.500   1.0000          NULL 
105.5000    1    2.000   1.0000          line
107.5000    0    0.500   1.0000          NULL 
108.0000    2    2.000   1.0000        square
110.0000    0    0.500   1.0000          NULL 
110.5000    1    2.000   1.0000          line
112.5000    0    1.500   1.0000          NULL 
114.0000    1    2.000   1.0000          line
116.0000    0    2.000   1.0000          NULL 
118.0000    1    2.000   1.0000          line
120.0000    0    1.500   1.0000          NULL 
121.5000    2    2.000   1.0000        square
123.5000    0    1.000   1.0000          NULL 
124.5000    2    2.000   1.0000        square
126.5000    0    3.500   1.0000          NULL 
130.0000    2    2.000   1.0000        square
132.0000    0    0.500   1.0000          NULL 
132.5000    2    2.000   1.0000        square
134.5000    0    1.500   1.0000          NULL 
136.0000    2    2.000   1.0000        square
138.0000    0    0.500   1.0000          NULL 
138.5000    2    2.000   1.0000        square
140.5000    0    0.500   1.0000          NULL 
141.0000    1    2.000   1.0000          line
143.0000    0    1.500   1.0000          NULL 
144.5000    1    2.000   1.0000          line
146.5000    0    0.500   1.0000          NULL 
147.0000    1    2.000   1.0000          line
149.0000    0    0.500   1.0000          NULL 
149.5000    2    2.000   1.0000        square
151.5000    0    2.000   1.0000          NULL 
153.5000    1    2.000   1.0000          line
155.5000    0    0.500   1.0000          NULL 
156.0000    2    2.000   1.0000        square
158.0000    0    2.000   1.0000          NULL 
160.0000    1    2.000   1.0000          line
162.0000    0    0.500   1.0000          NULL 
162.5000    2    2.000   1.0000        square
164.5000    0    0.500   1.0000          NULL 
165.0000    1    2.000   1.0000          line
167.0000    0    1.000   1.0000          NULL 
168.0000    2    2.000   1.0000        square
170.0000    0    3.000   1.0000          NULL 
173.0000    1    2.000   1.0000          line
175.0000    0    0.500   1.0000          NULL 
175.5000    2    2.000   1.0000        square
177.5000    0    2.000   1.0000          NULL 
179.5000    2    2.000   1.0000        square
181.5000    0    1.000   1.0000          NULL 
182.5000    1    2.000   1.0000          line
184.5000    0    1.000   1.0000          NULL 
185.5000    1    2.000   1.0000          line
187.5000    0    0.500   1.0000          NULL 
188.0000    2    2.000   1.0000        square
190.0000    0    0.500   1.0000          NULL 
190.5000    1    2.000   1.0000          line
192.5000    0    0.500   1.0000          NULL 
193.0000    1    2.000   1.0000          line
195.0000    0    2.000   1.0000          NULL 
197.0000    2    2.000   1.0000        square
199.0000    0    1.000   1.0000          NULL 
200.0000    1    2.000   1.0000          line
202.0000    0    0.500   1.0000          NULL 
202.5000    2    2.000   1.0000        square
204.5000    0    0.500   1.0000          NULL 
205.0000    2    2.000   1.0000        square
207.0000    0    1.500   1.0000          NULL 
208.5000    2    2.000   1.0000        square
210.5000    0    2.500   1.0000          NULL 
213.0000    1    2.000   1.0000          line
215.0000    0    0.500   1.0000          NULL 
215.5000    1    2.000   1.0000          line
217.5000    0    0.500   1.0000          NULL 
218.0000    1    2.000   1.0000          line
220.0000    0    2.000   1.0000          NULL 
222.0000    2    2.000   1.0000        square
224.0000    0    2.500   1.0000          NULL 
226.5000    2    2.000   1.0000        square
228.5000    0    3.500   1.0000          NULL 
232.0000    1    2.000   1.0000          line
234.0000    0    1.000   1.0000          NULL 
235.0000    1    2.000   1.0000          line
237.0000    0    1.000   1.0000          NULL 
238.0000    1    2.000   1.0000          line
240.0000    0    0.500   1.0000          NULL 
240.5000    1    2.000   1.0000          line
242.5000    0    2.000   1.0000          NULL 
244.5000    1    2.000   1.0000          line
246.5000    0    1.000   1.0000          NULL 
247.5000    1    2.000   1.0000          line
249.5000    0    1.000   1.0000          NULL 
250.5000    2    2.000   1.0000        square
252.5000    0    1.000   1.0000          NULL 
253.5000    1    2.000   1.0000          line
255.5000    0    0.500   1.0000          NULL 
256.0000    1    2.000   1.0000          line
258.0000    0    2.500   1.0000          NULL 
260.5000    2    2.000   1.0000        square
262.5000    0    2.500   1.0000          NULL 
265.0000    2    2.000   1.0000        square
267.0000    0    1.500   1.0000          NULL 
268.5000    1    2.000   1.0000          line
270.5000    0    0.500   1.0000          NULL 
271.0000    2    2.000   1.0000        square
273.0000    0    4.000   1.0000          NULL 
277.0000    2    2.000   1.0000        square
279.0000    0    2.000   1.0000          NULL 
281.0000    1    2.000   1.0000          line
283.0000    0    0.500   1.0000          NULL 
283.5000    2    2.000   1.0000        square
285.5000    0    2.000   1.0000          NULL 
287.5000    1    2.000   1.0000          line
289.5000    0    1.000   1.0000          NULL 
290.5000    2    2.000   1.0000        square
292.5000    0    0.500   1.0000          NULL 
293.0000    1    2.000   1.0000          line
295.0000    0    1.000   1.0000          NULL 
296.0000    2    2.000   1.0000        square
298.0000    0    1.000   1.0000          NULL 
299.0000    2    2.000   1.0000        square
301.0000    0    3.500   1.0000          NULL 
304.5000    1    2.000   1.0000          line
306.5000    0    0.500   1.0000          NULL 
307.0000    2    2.000   1.0000        square
309.0000    0    0.500   1.0000          NULL 
309.5000    1    2.000   1.0000          line
311.5000    0    2.500   1.0000          NULL 
314.0000    1    2.000   1.0000          line
316.0000    0    3.500   1.0000          NULL 
319.5000    2    2.000   1.0000        square
321.5000    0    1.500   1.0000          NULL 
323.0000    2    2.000   1.0000        square
325.0000    0    1.000   1.0000          NULL 
326.0000    1    2.000   1.0000          line
328.0000    0    1.500   1.0000          NULL 
329.5000    1    2.000   1.0000          line
331.5000    0    1.000   1.0000          NULL 
332.5000    1    2.000   1.0000          line
334.5000    0    0.500   1.0000          NULL 
335.0000    1    2.000   1.0000          line
337.0000    0    1.000   1.0000          NULL 
338.0000    1    2.000   1.0000          line
340.0000    0    1.000   1.0000          NULL 
341.0000    1    2.000   1.0000          line
343.0000    0    1.000   1.0000          NULL 
344.0000    1    2.000   1.0000          line
346.0000    0    1.500   1.0000          NULL 
347.5000    2    2.000   1.0000        square
349.5000    0    0.500   1.0000          NULL 
350.0000    2    2.000   1.0000        square
352.0000    0    1.500   1.0000          NULL 
353.5000    2    2.000   1.0000        square
355.5000    0    1.000   1.0000          NULL 
356.5000    1    2.000   1.0000          line
358.5000    0    1.000   1.0000          NULL 
359.5000    1    2.000   1.0000          line
361.5000    0    3.500   1.0000          NULL 
365.0000    2    2.000   1.0000        square
367.0000    0    0.500   1.0000          NULL 
367.5000    2    2.000   1.0000        square
369.5000    0    1.000   1.0000          NULL 
370.5000    2    2.000   1.0000        square
372.5000    0    0.500   1.0000          NULL 
373.0000    1    2.000   1.0000          line
375.0000    0    1.000   1.0000          NULL 
376.0000    2    2.000   1.0000        square
378.0000    0    2.000   1.0000          NULL 
380.0000    1    2.000   1.0000          line
382.0000    0    0.500   1.0000          NULL 
382.5000    1    2.000   1.0000          line
384.5000    0    0.500   1.0000          NULL 
385.0000    2    2.000   1.0000        square
387.0000    0    1.500   1.0000          NULL 
388.5000    2    2.000   1.0000        square
390.5000    0    0.500   1.0000          NULL 
391.0000    1    2.000   1.0000          line
393.0000    0    3.500   1.0000          NULL 
396.5000    2    2.000   1.0000        square
398.5000    0    1.500   1.0000          NULL 
