  0.0000    1    2.000   1.0000          line
  2.0000    0    0.500   1.0000          NULL 
  2.5000    2    2.000   1.0000        square
  4.5000    0    1.000   1.0000          NULL 
  5.5000    2    2.000   1.0000        square
  7.5000    0    2.500   1.0000          NULL 
 10.0000    1    2.000   1.0000          line
 12.0000    0    0.500   1.0000          NULL 
 12.5000    2    2.000   1.0000        square
 14.5000    0    1.000   1.0000          NULL 
 15.5000    1    2.000   1.0000          line
 17.5000    0    0.500   1.0000          NULL 
 18.0000    2    2.000   1.0000        square
 20.0000    0    1.000   1.0000          NULL 
 21.0000    1    2.000   1.0000          line
 23.0000    0    1.000   1.0000          NULL 
 24.0000    2    2.000   1.0000        square
 26.0000    0    0.500   1.0000          NULL 
 26.5000    1    2.000   1.0000          line
 28.5000    0    0.500   1.0000          NULL 
 29.0000    2    2.000   1.0000        square
 31.0000    0    0.500   1.0000          NULL 
 31.5000    2    2.000   1.0000        square
 33.5000    0    3.000   1.0000          NULL 
 36.5000    1    2.000   1.0000          line
 38.5000    0    2.000   1.0000          NULL 
 40.5000    1    2.000   1.0000          line
 42.5000    0    3.000   1.0000          NULL 
 45.5000    2    2.000   1.0000        square
 47.5000    0    1.000   1.0000          NULL 
 48.5000    2    2.000   1.0000        square
 50.5000    0    2.000   1.0000          NULL 
 52.5000    2    2.000   1.0000        square
 54.5000    0    0.500   1.0000          NULL 
 55.0000    1    2.000   1.0000          line
 57.0000    0    3.500   1.0000          NULL 
 60.5000    1    2.000   1.0000          line
 62.5000    0    2.500   1.0000          NULL 
 65.0000    2    2.000   1.0000        square
 67.0000    0    1.500   1.0000          NULL 
 68.5000    1    2.000   1.0000          line
 70.5000    0    1.000   1.0000          NULL 
 71.5000    2    2.000   1.0000        square
 73.5000    0    0.500   1.0000          NULL 
 74.0000    1    2.000   1.0000          line
 76.0000    0    1.500   1.0000          NULL 
 77.5000    1    2.000   1.0000          line
 79.5000    0    0.500   1.0000          NULL 
 80.0000    1    2.000   1.0000          line
 82.0000    0    3.500   1.0000          NULL 
 85.5000    1    2.000   1.0000          line
 87.5000    0    1.000   1.0000          NULL 
 88.5000    2    2.000   1.0000        square
 90.5000    0    0.500   1.0000          NULL 
 91.0000    1    2.000   1.0000          line
 93.0000    0    1.000   1.0000          NULL 
 94.0000    1    2.000   1.0000          line
 96.0000    0    1.500   1.0000          NULL 
 97.5000    1    2.000   1.0000          line
 99.5000    0    0.500   1.0000          NULL 
100.0000    1    2.000   1.0000          line
102.0000    0    1.000   1.0000          NULL 
103.0000    2    2.000   1.0000        square
105.0000    0    1.000   1.0000          NULL 
106.0000    2    2.000   1.0000        square
108.0000    0    1.000   1.0000          NULL 
109.0000    1    2.000   1.0000          line
111.0000    0    0.500   1.0000          NULL 
111.5000    1    2.000   1.0000          line
113.5000    0    1.500   1.0000          NULL 
115.0000    1    2.000   1.0000          line
117.0000    0    0.500   1.0000          NULL 
117.5000    2    2.000   1.0000        square
119.5000    0    0.500   1.0000          NULL 
120.0000    1    2.000   1.0000          line
122.0000    0    0.500   1.0000          NULL 
122.5000    2    2.000   1.0000        square
124.5000    0    3.500   1.0000          NULL 
128.0000    1    2.000   1.0000          line
130.0000    0    2.500   1.0000          NULL 
132.5000    1    2.000   1.0000          line
134.5000    0    0.500   1.0000          NULL 
135.0000    2    2.000   1.0000        square
137.0000    0    0.500   1.0000          NULL 
137.5000    2    2.000   1.0000        square
139.5000    0    1.500   1.0000          NULL 
141.0000    2    2.000   1.0000        square
143.0000    0    2.000   1.0000          NULL 
145.0000    2    2.000   1.0000        square
147.0000    0    2.500   1.0000          NULL 
149.5000    2    2.000   1.0000        square
151.5000    0    1.000   1.0000          NULL 
152.5000    1    2.000   1.0000          line
154.5000    0    0.500   1.0000          NULL 
155.0000    2    2.000   1.0000        square
157.0000    0    2.500   1.0000          NULL 
159.5000    1    2.000   1.0000          line
161.5000    0    1.500   1.0000          NULL 
163.0000    1    2.000   1.0000          line
165.0000    0    0.500   1.0000          NULL 
165.5000    2    2.000   1.0000        square
167.5000    0    3.000   1.0000          NULL 
170.5000    2    2.000   1.0000        square
172.5000    0    0.500   1.0000          NULL 
173.0000    2    2.000   1.0000        square
175.0000    0    1.000   1.0000          NULL 
176.0000    2    2.000   1.0000        square
178.0000    0    3.000   1.0000          NULL 
181.0000    2    2.000   1.0000        square
183.0000    0    0.500   1.0000          NULL 
183.5000    1    2.000   1.0000          line
185.5000    0    2.000   1.0000          NULL 
187.5000    1    2.000   1.0000          line
189.5000    0    2.000   1.0000          NULL 
191.5000    1    2.000   1.0000          line
193.5000    0    0.500   1.0000          NULL 
194.0000    2    2.000   1.0000        square
196.0000    0    2.500   1.0000          NULL 
198.5000    1    2.000   1.0000          line
200.5000    0    1.000   1.0000          NULL 
201.5000    2    2.000   1.0000        square
203.5000    0    1.000   1.0000          NULL 
204.5000    1    2.000   1.0000          line
206.5000    0    0.500   1.0000          NULL 
207.0000    1    2.000   1.0000          line
209.0000    0    3.000   1.0000          NULL 
212.0000    1    2.000   1.0000          line
214.0000    0    1.000   1.0000          NULL 
215.0000    2    2.000   1.0000        square
217.0000    0    3.500   1.0000          NULL 
220.5000    1    2.000   1.0000          line
222.5000    0    1.500   1.0000          NULL 
224.0000    1    2.000   1.0000          line
226.0000    0    1.000   1.0000          NULL 
227.0000    1    2.000   1.0000          line
229.0000    0    1.000   1.0000          NULL 
230.0000    1    2.000   1.0000          line
232.0000    0    2.000   1.0000          NULL 
234.0000    2    2.000   1.0000        square
236.0000    0    0.500   1.0000          NULL 
236.5000    2    2.000   1.0000        square
238.5000    0    0.500   1.0000          NULL 
239.0000    1    2.000   1.0000          line
241.0000    0    0.500   1.0000          NULL 
241.5000    1    2.000   1.0000          line
243.5000    0    0.500   1.0000          NULL 
244.0000    1    2.000   1.0000          line
246.0000    0    1.000   1.0000          NULL 
247.0000    2    2.000   1.0000        square
249.0000    0    1.000   1.0000          NULL 
250.0000    2    2.000   1.0000        square
252.0000    0    2.000   1.0000          NULL 
254.0000    2    2.000   1.0000        square
256.0000    0    3.500   1.0000          NULL 
259.5000    2    2.000   1.0000        square
261.5000    0    0.500   1.0000          NULL 
262.0000    2    2.000   1.0000        square
264.0000    0    0.500   1.0000          NULL 
264.5000    1    2.000   1.0000          line
266.5000    0    1.500   1.0000          NULL 
268.0000    2    2.000   1.0000        square
270.0000    0    2.000   1.0000          NULL 
272.0000    2    2.000   1.0000        square
274.0000    0    1.000   1.0000          NULL 
275.0000    2    2.000   1.0000        square
277.0000    0    4.000   1.0000          NULL 
281.0000    1    2.000   1.0000          line
283.0000    0    0.500   1.0000          NULL 
283.5000    1    2.000   1.0000          line
285.5000    0    1.500   1.0000          NULL 
287.0000    2    2.000   1.0000        square
289.0000    0    0.500   1.0000          NULL 
289.5000    2    2.000   1.0000        square
291.5000    0    1.000   1.0000          NULL 
292.5000    1    2.000   1.0000          line
294.5000    0    2.000   1.0000          NULL 
296.5000    2    2.000   1.0000        square
298.5000    0    0.500   1.0000          NULL 
299.0000    1    2.000   1.0000          line
301.0000    0    1.500   1.0000          NULL 
302.5000    2    2.000   1.0000        square
304.5000    0    1.000   1.0000          NULL 
305.5000    1    2.000   1.0000          line
307.5000    0    1.500   1.0000          NULL 
309.0000    1    2.000   1.0000          line
311.0000    0    1.500   1.0000          NULL 
312.5000    2    2.000   1.0000        square
314.5000    0    4.000   1.0000          NULL 
318.5000    2    2.000   1.0000        square
320.5000    0    1.500   1.0000          NULL 
322.0000    1    2.000   1.0000          line
324.0000    0    0.500   1.0000          NULL 
324.5000    1    2.000   1.0000          line
326.5000    0    1.000   1.0000          NULL 
327.5000    1    2.000   1.0000          line
329.5000    0    1.000   1.0000          NULL 
330.5000    2    2.000   1.0000        square
332.5000    0    1.500   1.0000          NULL 
334.0000    2    2.000   1.0000        square
336.0000    0    0.500   1.0000          NULL 
336.5000    1    2.000   1.0000          line
338.5000    0    0.500   1.0000          NULL 
339.0000    2    2.000   1.0000        square
341.0000    0    0.500   1.0000          NULL 
341.5000    1    2.000   1.0000          line
343.5000    0    0.500   1.0000          NULL 
344.0000    1    2.000   1.0000          line
346.0000    0    0.500   1.0000          NULL 
346.5000    1    2.000   1.0000          line
348.5000    0    2.000   1.0000          NULL 
350.5000    2    2.000   1.0000        square
352.5000    0    1.000   1.0000          NULL 
353.5000    2    2.000   1.0000        square
355.5000    0    0.500   1.0000          NULL 
356.0000    1    2.000   1.0000          line
358.0000    0    0.500   1.0000          NULL 
358.5000    2    2.000   1.0000        square
360.5000    0    0.500   1.0000          NULL 
361.0000    2    2.000   1.0000        square
363.0000    0    1.000   1.0000          NULL 
364.0000    1    2.000   1.0000          line
366.0000    0    2.000   1.0000          NULL 
368.0000    2    2.000   1.0000        square
370.0000    0    3.000   1.0000          NULL 
373.0000    1    2.000   1.0000          line
375.0000    0    2.000   1.0000          NULL 
377.0000    2    2.000   1.0000        square
379.0000    0    0.500   1.0000          NULL 
379.5000    2    2.000   1.0000        square
381.5000    0    1.500   1.0000          NULL 
383.0000    1    2.000   1.0000          line
385.0000    0    1.000   1.0000          NULL 
386.0000    2    2.000   1.0000        square
388.0000    0    1.000   1.0000          NULL 
389.0000    1    2.000   1.0000          line
391.0000    0    3.500   1.0000          NULL 
394.5000    2    2.000   1.0000        square
396.5000    0    0.500   1.0000          NULL 
397.0000    2    2.000   1.0000        square
399.0000    0    1.000   1.0000          NULL 
