  0.0000    2    2.000   1.0000        square
  2.0000    0    1.000   1.0000          NULL 
  3.0000    1    2.000   1.0000          line
  5.0000    0    1.100   1.0000          NULL 
  6.1000    1    2.000   1.0000          line
  8.1000    0    1.100   1.0000          NULL 
  9.2000    2    2.000   1.0000        square
 11.2000    0    1.000   1.0000          NULL 
 12.2000    2    2.000   1.0000        square
 14.2000    0    1.200   1.0000          NULL 
 15.4000    1    2.000   1.0000          line
 17.4000    0    1.100   1.0000          NULL 
 18.5000    2    2.000   1.0000        square
 20.5000    0    1.500   1.0000          NULL 
 22.0000    2    2.000   1.0000        square
 24.0000    0    1.200   1.0000          NULL 
 25.2000    2    2.000   1.0000        square
 27.2000    0    1.100   1.0000          NULL 
 28.3000    1    2.000   1.0000          line
 30.3000    0    1.000   1.0000          NULL 
 31.3000    2    2.000   1.0000        square
 33.3000    0    1.600   1.0000          NULL 
 34.9000    1    2.000   1.0000          line
 36.9000    0    1.000   1.0000          NULL 
 37.9000    1    2.000   1.0000          line
 39.9000    0    1.000   1.0000          NULL 
 40.9000    1    2.000   1.0000          line
 42.9000    0    1.700   1.0000          NULL 
 44.6000    1    2.000   1.0000          line
 46.6000    0    1.300   1.0000          NULL 
 47.9000    1    2.000   1.0000          line
 49.9000    0    1.200   1.0000          NULL 
 51.1000    2    2.000   1.0000        square
 53.1000    0    1.800   1.0000          NULL 
 54.9000    1    2.000   1.0000          line
 56.9000    0    1.000   1.0000          NULL 
 57.9000    1    2.000   1.0000          line
 59.9000    0    1.500   1.0000          NULL 
 61.4000    2    2.000   1.0000        square
 63.4000    0    1.400   1.0000          NULL 
 64.7999    2    2.000   1.0000        square
 66.7999    0    1.100   1.0000          NULL 
 67.8999    1    2.000   1.0000          line
 69.8999    0    1.200   1.0000          NULL 
 71.0999    2    2.000   1.0000        square
 73.0999    0    1.000   1.0000          NULL 
 74.0999    2    2.000   1.0000        square
 76.0999    0    1.200   1.0000          NULL 
 77.2999    2    2.000   1.0000        square
 79.2999    0    1.900   1.0000          NULL 
 81.1999    1    2.000   1.0000          line
 83.1999    0    1.000   1.0000          NULL 
 84.1999    1    2.000   1.0000          line
 86.1999    0    1.900   1.0000          NULL 
 88.0999    1    2.000   1.0000          line
 90.0999    0    1.000   1.0000          NULL 
 91.0999    2    2.000   1.0000        square
 93.0999    0    1.100   1.0000          NULL 
 94.1999    2    2.000   1.0000        square
 96.1999    0    1.500   1.0000          NULL 
 97.6999    2    2.000   1.0000        square
 99.6999    0    1.200   1.0000          NULL 
100.8999    1    2.000   1.0000          line
102.8999    0    1.700   1.0000          NULL 
104.5999    2    2.000   1.0000        square
106.5999    0    1.000   1.0000          NULL 
107.5999    1    2.000   1.0000          line
109.5999    0    1.600   1.0000          NULL 
111.1999    2    2.000   1.0000        square
113.1999    0    1.100   1.0000          NULL 
114.2999    2    2.000   1.0000        square
116.2999    0    1.000   1.0000          NULL 
117.2999    1    2.000   1.0000          line
119.2999    0    1.000   1.0000          NULL 
120.2999    1    2.000   1.0000          line
122.2999    0    1.300   1.0000          NULL 
123.5999    1    2.000   1.0000          line
125.5999    0    1.200   1.0000          NULL 
126.7999    2    2.000   1.0000        square
128.7999    0    1.200   1.0000          NULL 
