  0.0000    2    2.000   1.0000        square
  2.0000    0    1.000   1.0000          NULL 
  3.0000    1    2.000   1.0000          line
  5.0000    0    0.500   1.0000          NULL 
  5.5000    2    2.000   1.0000        square
  7.5000    0    2.500   1.0000          NULL 
 10.0000    1    2.000   1.0000          line
 12.0000    0    0.500   1.0000          NULL 
 12.5000    2    2.000   1.0000        square
 14.5000    0    0.500   1.0000          NULL 
 15.0000    1    2.000   1.0000          line
 17.0000    0    1.000   1.0000          NULL 
 18.0000    1    2.000   1.0000          line
 20.0000    0    0.500   1.0000          NULL 
 20.5000    1    2.000   1.0000          line
 22.5000    0    0.500   1.0000          NULL 
 23.0000    2    2.000   1.0000        square
 25.0000    0    0.500   1.0000          NULL 
 25.5000    2    2.000   1.0000        square
 27.5000    0    1.500   1.0000          NULL 
 29.0000    1    2.000   1.0000          line
 31.0000    0    1.000   1.0000          NULL 
 32.0000    1    2.000   1.0000          line
 34.0000    0    1.500   1.0000          NULL 
 35.5000    1    2.000   1.0000          line
 37.5000    0    1.500   1.0000          NULL 
 39.0000    2    2.000   1.0000        square
 41.0000    0    0.500   1.0000          NULL 
 41.5000    2    2.000   1.0000        square
 43.5000    0    2.000   1.0000          NULL 
 45.5000    1    2.000   1.0000          line
 47.5000    0    2.000   1.0000          NULL 
 49.5000    2    2.000   1.0000        square
 51.5000    0    1.000   1.0000          NULL 
 52.5000    2    2.000   1.0000        square
 54.5000    0    2.500   1.0000          NULL 
 57.0000    1    2.000   1.0000          line
 59.0000    0    0.500   1.0000          NULL 
 59.5000    2    2.000   1.0000        square
 61.5000    0    0.500   1.0000          NULL 
 62.0000    2    2.000   1.0000        square
 64.0000    0    1.500   1.0000          NULL 
 65.5000    1    2.000   1.0000          line
 67.5000    0    1.000   1.0000          NULL 
 68.5000    1    2.000   1.0000          line
 70.5000    0    1.000   1.0000          NULL 
 71.5000    1    2.000   1.0000          line
 73.5000    0    2.000   1.0000          NULL 
 75.5000    1    2.000   1.0000          line
 77.5000    0    2.500   1.0000          NULL 
 80.0000    2    2.000   1.0000        square
 82.0000    0    0.500   1.0000          NULL 
 82.5000    1    2.000   1.0000          line
 84.5000    0    2.500   1.0000          NULL 
 87.0000    2    2.000   1.0000        square
 89.0000    0    0.500   1.0000          NULL 
 89.5000    1    2.000   1.0000          line
 91.5000    0    1.500   1.0000          NULL 
 93.0000    2    2.000   1.0000        square
 95.0000    0    2.000   1.0000          NULL 
 97.0000    1    2.000   1.0000          line
 99.0000    0    0.500   1.0000          NULL 
 99.5000    1    2.000   1.0000          line
101.5000    0    1.500   1.0000          NULL 
103.0000    1    2.000   1.0000          line
105.0000    0    2.500   1.0000          NULL 
107.5000    1    2.000   1.0000          line
109.5000    0    0.500   1.0000          NULL 
110.0000    1    2.000   1.0000          line
112.0000    0    0.500   1.0000          NULL 
112.5000    1    2.000   1.0000          line
114.5000    0    0.500   1.0000          NULL 
115.0000    1    2.000   1.0000          line
117.0000    0    0.500   1.0000          NULL 
117.5000    1    2.000   1.0000          line
119.5000    0    2.500   1.0000          NULL 
122.0000    2    2.000   1.0000        square
124.0000    0    3.500   1.0000          NULL 
127.5000    1    2.000   1.0000          line
129.5000    0    0.500   1.0000          NULL 
130.0000    2    2.000   1.0000        square
132.0000    0    1.500   1.0000          NULL 
133.5000    2    2.000   1.0000        square
135.5000    0    4.000   1.0000          NULL 
139.5000    2    2.000   1.0000        square
141.5000    0    1.000   1.0000          NULL 
142.5000    2    2.000   1.0000        square
144.5000    0    1.000   1.0000          NULL 
145.5000    1    2.000   1.0000          line
147.5000    0    0.500   1.0000          NULL 
148.0000    1    2.000   1.0000          line
150.0000    0    0.500   1.0000          NULL 
150.5000    2    2.000   1.0000        square
152.5000    0    1.500   1.0000          NULL 
154.0000    1    2.000   1.0000          line
156.0000    0    1.000   1.0000          NULL 
157.0000    2    2.000   1.0000        square
159.0000    0    2.000   1.0000          NULL 
161.0000    2    2.000   1.0000        square
163.0000    0    0.500   1.0000          NULL 
163.5000    1    2.000   1.0000          line
165.5000    0    0.500   1.0000          NULL 
166.0000    2    2.000   1.0000        square
168.0000    0    1.500   1.0000          NULL 
169.5000    2    2.000   1.0000        square
171.5000    0    1.000   1.0000          NULL 
172.5000    1    2.000   1.0000          line
174.5000    0    0.500   1.0000          NULL 
175.0000    2    2.000   1.0000        square
177.0000    0    1.000   1.0000          NULL 
178.0000    1    2.000   1.0000          line
180.0000    0    2.000   1.0000          NULL 
182.0000    1    2.000   1.0000          line
184.0000    0    1.000   1.0000          NULL 
185.0000    2    2.000   1.0000        square
187.0000    0    2.000   1.0000          NULL 
189.0000    1    2.000   1.0000          line
191.0000    0    2.500   1.0000          NULL 
193.5000    1    2.000   1.0000          line
195.5000    0    1.000   1.0000          NULL 
196.5000    1    2.000   1.0000          line
198.5000    0    0.500   1.0000          NULL 
199.0000    1    2.000   1.0000          line
201.0000    0    2.000   1.0000          NULL 
203.0000    2    2.000   1.0000        square
205.0000    0    3.000   1.0000          NULL 
208.0000    2    2.000   1.0000        square
210.0000    0    0.500   1.0000          NULL 
210.5000    2    2.000   1.0000        square
212.5000    0    0.500   1.0000          NULL 
213.0000    2    2.000   1.0000        square
215.0000    0    1.500   1.0000          NULL 
216.5000    2    2.000   1.0000        square
218.5000    0    0.500   1.0000          NULL 
219.0000    2    2.000   1.0000        square
221.0000    0    1.500   1.0000          NULL 
222.5000    1    2.000   1.0000          line
224.5000    0    1.500   1.0000          NULL 
226.0000    2    2.000   1.0000        square
228.0000    0    1.500   1.0000          NULL 
229.5000    1    2.000   1.0000          line
231.5000    0    0.500   1.0000          NULL 
232.0000    2    2.000   1.0000        square
234.0000    0    2.000   1.0000          NULL 
236.0000    2    2.000   1.0000        square
238.0000    0    0.500   1.0000          NULL 
238.5000    1    2.000   1.0000          line
240.5000    0    4.000   1.0000          NULL 
244.5000    2    2.000   1.0000        square
246.5000    0    4.000   1.0000          NULL 
250.5000    2    2.000   1.0000        square
252.5000    0    0.500   1.0000          NULL 
253.0000    2    2.000   1.0000        square
255.0000    0    0.500   1.0000          NULL 
255.5000    2    2.000   1.0000        square
257.5000    0    1.000   1.0000          NULL 
258.5000    1    2.000   1.0000          line
260.5000    0    1.000   1.0000          NULL 
261.5000    1    2.000   1.0000          line
263.5000    0    1.000   1.0000          NULL 
264.5000    2    2.000   1.0000        square
266.5000    0    0.500   1.0000          NULL 
267.0000    2    2.000   1.0000        square
269.0000    0    1.000   1.0000          NULL 
270.0000    2    2.000   1.0000        square
272.0000    0    2.500   1.0000          NULL 
274.5000    2    2.000   1.0000        square
276.5000    0    4.000   1.0000          NULL 
280.5000    1    2.000   1.0000          line
282.5000    0    1.000   1.0000          NULL 
283.5000    1    2.000   1.0000          line
285.5000    0    1.000   1.0000          NULL 
286.5000    2    2.000   1.0000        square
288.5000    0    2.000   1.0000          NULL 
290.5000    1    2.000   1.0000          line
292.5000    0    3.000   1.0000          NULL 
295.5000    2    2.000   1.0000        square
297.5000    0    1.500   1.0000          NULL 
299.0000    1    2.000   1.0000          line
301.0000    0    1.000   1.0000          NULL 
302.0000    1    2.000   1.0000          line
304.0000    0    2.000   1.0000          NULL 
306.0000    1    2.000   1.0000          line
308.0000    0    1.500   1.0000          NULL 
309.5000    2    2.000   1.0000        square
311.5000    0    3.500   1.0000          NULL 
315.0000    1    2.000   1.0000          line
317.0000    0    1.500   1.0000          NULL 
318.5000    2    2.000   1.0000        square
320.5000    0    1.000   1.0000          NULL 
321.5000    2    2.000   1.0000        square
323.5000    0    1.500   1.0000          NULL 
325.0000    2    2.000   1.0000        square
327.0000    0    2.500   1.0000          NULL 
329.5000    1    2.000   1.0000          line
331.5000    0    3.000   1.0000          NULL 
334.5000    1    2.000   1.0000          line
336.5000    0    0.500   1.0000          NULL 
337.0000    1    2.000   1.0000          line
339.0000    0    0.500   1.0000          NULL 
339.5000    2    2.000   1.0000        square
341.5000    0    0.500   1.0000          NULL 
342.0000    2    2.000   1.0000        square
344.0000    0    0.500   1.0000          NULL 
344.5000    2    2.000   1.0000        square
346.5000    0    1.500   1.0000          NULL 
348.0000    1    2.000   1.0000          line
350.0000    0    0.500   1.0000          NULL 
350.5000    1    2.000   1.0000          line
352.5000    0    3.000   1.0000          NULL 
355.5000    1    2.000   1.0000          line
357.5000    0    0.500   1.0000          NULL 
358.0000    1    2.000   1.0000          line
360.0000    0    2.000   1.0000          NULL 
362.0000    1    2.000   1.0000          line
364.0000    0    1.000   1.0000          NULL 
365.0000    2    2.000   1.0000        square
367.0000    0    0.500   1.0000          NULL 
367.5000    1    2.000   1.0000          line
369.5000    0    0.500   1.0000          NULL 
370.0000    2    2.000   1.0000        square
372.0000    0    2.500   1.0000          NULL 
374.5000    1    2.000   1.0000          line
376.5000    0    2.000   1.0000          NULL 
378.5000    2    2.000   1.0000        square
380.5000    0    1.000   1.0000          NULL 
381.5000    2    2.000   1.0000        square
383.5000    0    0.500   1.0000          NULL 
384.0000    1    2.000   1.0000          line
386.0000    0    0.500   1.0000          NULL 
386.5000    2    2.000   1.0000        square
388.5000    0    0.500   1.0000          NULL 
389.0000    2    2.000   1.0000        square
391.0000    0    1.000   1.0000          NULL 
392.0000    1    2.000   1.0000          line
394.0000    0    0.500   1.0000          NULL 
394.5000    2    2.000   1.0000        square
396.5000    0    1.000   1.0000          NULL 
397.5000    2    2.000   1.0000        square
399.5000    0    0.500   1.0000          NULL 
