  0.0000    2    2.000   1.0000        square
  2.0000    0    1.400   1.0000          NULL 
  3.4000    2    2.000   1.0000        square
  5.4000    0    1.000   1.0000          NULL 
  6.4000    1    2.000   1.0000          line
  8.4000    0    1.000   1.0000          NULL 
  9.4000    1    2.000   1.0000          line
 11.4000    0    1.100   1.0000          NULL 
 12.5000    2    2.000   1.0000        square
 14.5000    0    1.200   1.0000          NULL 
 15.7000    1    2.000   1.0000          line
 17.7000    0    1.100   1.0000          NULL 
 18.8000    1    2.000   1.0000          line
 20.8000    0    1.100   1.0000          NULL 
 21.9000    1    2.000   1.0000          line
 23.9000    0    1.400   1.0000          NULL 
 25.3000    1    2.000   1.0000          line
 27.3000    0    2.000   1.0000          NULL 
 29.3000    2    2.000   1.0000        square
 31.3000    0    1.000   1.0000          NULL 
 32.3000    2    2.000   1.0000        square
 34.3000    0    1.900   1.0000          NULL 
 36.2000    1    2.000   1.0000          line
 38.2000    0    1.500   1.0000          NULL 
 39.7000    1    2.000   1.0000          line
 41.7000    0    1.000   1.0000          NULL 
 42.7000    2    2.000   1.0000        square
 44.7000    0    1.500   1.0000          NULL 
 46.2000    2    2.000   1.0000        square
 48.2000    0    1.300   1.0000          NULL 
 49.5000    2    2.000   1.0000        square
 51.5000    0    1.500   1.0000          NULL 
 53.0000    1    2.000   1.0000          line
 55.0000    0    1.000   1.0000          NULL 
 56.0000    1    2.000   1.0000          line
 58.0000    0    1.000   1.0000          NULL 
 59.0000    2    2.000   1.0000        square
 61.0000    0    1.800   1.0000          NULL 
 62.8000    2    2.000   1.0000        square
 64.8000    0    1.200   1.0000          NULL 
 66.0000    2    2.000   1.0000        square
 68.0000    0    1.200   1.0000          NULL 
 69.2000    2    2.000   1.0000        square
 71.2000    0    1.100   1.0000          NULL 
 72.2999    2    2.000   1.0000        square
 74.2999    0    1.300   1.0000          NULL 
 75.5999    1    2.000   1.0000          line
 77.5999    0    1.000   1.0000          NULL 
 78.5999    1    2.000   1.0000          line
 80.5999    0    1.800   1.0000          NULL 
 82.3999    2    2.000   1.0000        square
 84.3999    0    1.500   1.0000          NULL 
 85.8999    2    2.000   1.0000        square
 87.8999    0    1.000   1.0000          NULL 
 88.8999    2    2.000   1.0000        square
 90.8999    0    1.000   1.0000          NULL 
 91.8999    1    2.000   1.0000          line
 93.8999    0    1.800   1.0000          NULL 
 95.6999    2    2.000   1.0000        square
 97.6999    0    1.100   1.0000          NULL 
 98.7999    1    2.000   1.0000          line
100.7999    0    1.100   1.0000          NULL 
101.8999    2    2.000   1.0000        square
103.8999    0    1.000   1.0000          NULL 
104.8999    1    2.000   1.0000          line
106.8999    0    1.300   1.0000          NULL 
108.1999    1    2.000   1.0000          line
110.1999    0    1.200   1.0000          NULL 
111.3999    2    2.000   1.0000        square
113.3999    0    1.000   1.0000          NULL 
114.3999    2    2.000   1.0000        square
116.3999    0    1.100   1.0000          NULL 
117.4999    1    2.000   1.0000          line
119.4999    0    1.100   1.0000          NULL 
120.5999    1    2.000   1.0000          line
122.5999    0    1.300   1.0000          NULL 
123.8999    1    2.000   1.0000          line
125.8999    0    1.000   1.0000          NULL 
126.8999    1    2.000   1.0000          line
128.8999    0    1.100   1.0000          NULL 
