  0.0000    1    2.000   1.0000          line
  2.0000    0    1.400   1.0000          NULL 
  3.4000    1    2.000   1.0000          line
  5.4000    0    1.800   1.0000          NULL 
  7.2000    2    2.000   1.0000        square
  9.2000    0    1.300   1.0000          NULL 
 10.5000    2    2.000   1.0000        square
 12.5000    0    1.100   1.0000          NULL 
 13.6000    1    2.000   1.0000          line
 15.6000    0    1.000   1.0000          NULL 
 16.6000    2    2.000   1.0000        square
 18.6000    0    1.300   1.0000          NULL 
 19.9000    1    2.000   1.0000          line
 21.9000    0    1.000   1.0000          NULL 
 22.9000    2    2.000   1.0000        square
 24.9000    0    1.000   1.0000          NULL 
 25.9000    1    2.000   1.0000          line
 27.9000    0    1.300   1.0000          NULL 
 29.2000    1    2.000   1.0000          line
 31.2000    0    1.900   1.0000          NULL 
 33.1000    1    2.000   1.0000          line
 35.1000    0    1.000   1.0000          NULL 
 36.1000    1    2.000   1.0000          line
 38.1000    0    2.000   1.0000          NULL 
 40.1000    1    2.000   1.0000          line
 42.1000    0    1.200   1.0000          NULL 
 43.3000    2    2.000   1.0000        square
 45.3000    0    1.000   1.0000          NULL 
 46.3000    2    2.000   1.0000        square
 48.3000    0    1.800   1.0000          NULL 
 50.1000    1    2.000   1.0000          line
 52.1000    0    1.300   1.0000          NULL 
 53.4000    1    2.000   1.0000          line
 55.4000    0    1.100   1.0000          NULL 
 56.5000    2    2.000   1.0000        square
 58.5000    0    1.100   1.0000          NULL 
 59.6000    2    2.000   1.0000        square
 61.6000    0    1.000   1.0000          NULL 
 62.6000    1    2.000   1.0000          line
 64.6000    0    1.000   1.0000          NULL 
 65.6000    1    2.000   1.0000          line
 67.6000    0    1.100   1.0000          NULL 
 68.7000    2    2.000   1.0000        square
 70.7000    0    1.400   1.0000          NULL 
 72.0999    1    2.000   1.0000          line
 74.0999    0    1.900   1.0000          NULL 
 75.9999    2    2.000   1.0000        square
 77.9999    0    1.000   1.0000          NULL 
 78.9999    1    2.000   1.0000          line
 80.9999    0    1.300   1.0000          NULL 
 82.2999    1    2.000   1.0000          line
 84.2999    0    1.000   1.0000          NULL 
 85.2999    2    2.000   1.0000        square
 87.2999    0    1.000   1.0000          NULL 
 88.2999    2    2.000   1.0000        square
 90.2999    0    1.300   1.0000          NULL 
 91.5999    2    2.000   1.0000        square
 93.5999    0    1.200   1.0000          NULL 
 94.7999    2    2.000   1.0000        square
 96.7999    0    1.200   1.0000          NULL 
 97.9999    2    2.000   1.0000        square
 99.9999    0    1.100   1.0000          NULL 
101.0999    1    2.000   1.0000          line
103.0999    0    1.100   1.0000          NULL 
104.1999    2    2.000   1.0000        square
106.1999    0    1.100   1.0000          NULL 
107.2999    1    2.000   1.0000          line
109.2999    0    1.700   1.0000          NULL 
110.9999    2    2.000   1.0000        square
112.9999    0    1.600   1.0000          NULL 
114.5999    2    2.000   1.0000        square
116.5999    0    1.100   1.0000          NULL 
117.6999    2    2.000   1.0000        square
119.6999    0    1.200   1.0000          NULL 
120.8999    2    2.000   1.0000        square
122.8999    0    1.000   1.0000          NULL 
123.8999    1    2.000   1.0000          line
125.8999    0    1.100   1.0000          NULL 
126.9999    1    2.000   1.0000          line
128.9999    0    1.000   1.0000          NULL 
