  0.0000    2    2.000   1.0000        square
  2.0000    0    1.100   1.0000          NULL 
  3.1000    2    2.000   1.0000        square
  5.1000    0    1.300   1.0000          NULL 
  6.4000    2    2.000   1.0000        square
  8.4000    0    1.600   1.0000          NULL 
 10.0000    2    2.000   1.0000        square
 12.0000    0    1.000   1.0000          NULL 
 13.0000    1    2.000   1.0000          line
 15.0000    0    1.100   1.0000          NULL 
 16.1000    2    2.000   1.0000        square
 18.1000    0    1.700   1.0000          NULL 
 19.8000    1    2.000   1.0000          line
 21.8000    0    1.000   1.0000          NULL 
 22.8000    2    2.000   1.0000        square
 24.8000    0    1.600   1.0000          NULL 
 26.4000    2    2.000   1.0000        square
 28.4000    0    1.000   1.0000          NULL 
 29.4000    1    2.000   1.0000          line
 31.4000    0    1.200   1.0000          NULL 
 32.6000    2    2.000   1.0000        square
 34.6000    0    1.400   1.0000          NULL 
 36.0000    2    2.000   1.0000        square
 38.0000    0    1.300   1.0000          NULL 
 39.3000    1    2.000   1.0000          line
 41.3000    0    1.300   1.0000          NULL 
 42.6000    2    2.000   1.0000        square
 44.6000    0    1.000   1.0000          NULL 
 45.6000    2    2.000   1.0000        square
 47.6000    0    1.700   1.0000          NULL 
 49.3000    2    2.000   1.0000        square
 51.3000    0    1.000   1.0000          NULL 
 52.3000    2    2.000   1.0000        square
 54.3000    0    1.200   1.0000          NULL 
 55.5000    1    2.000   1.0000          line
 57.5000    0    1.000   1.0000          NULL 
 58.5000    2    2.000   1.0000        square
 60.5000    0    1.000   1.0000          NULL 
 61.5000    2    2.000   1.0000        square
 63.5000    0    1.000   1.0000          NULL 
 64.5000    1    2.000   1.0000          line
 66.5000    0    1.400   1.0000          NULL 
 67.9000    1    2.000   1.0000          line
 69.9000    0    1.000   1.0000          NULL 
 70.9000    1    2.000   1.0000          line
 72.9000    0    1.100   1.0000          NULL 
 74.0000    2    2.000   1.0000        square
 76.0000    0    1.400   1.0000          NULL 
 77.4000    1    2.000   1.0000          line
 79.4000    0    1.200   1.0000          NULL 
 80.6000    1    2.000   1.0000          line
 82.6000    0    1.900   1.0000          NULL 
 84.4999    1    2.000   1.0000          line
 86.4999    0    1.000   1.0000          NULL 
 87.4999    2    2.000   1.0000        square
 89.4999    0    1.100   1.0000          NULL 
 90.5999    1    2.000   1.0000          line
 92.5999    0    1.000   1.0000          NULL 
 93.5999    1    2.000   1.0000          line
 95.5999    0    1.900   1.0000          NULL 
 97.4999    1    2.000   1.0000          line
 99.4999    0    1.100   1.0000          NULL 
100.5999    2    2.000   1.0000        square
102.5999    0    1.100   1.0000          NULL 
103.6999    1    2.000   1.0000          line
105.6999    0    1.400   1.0000          NULL 
107.0999    1    2.000   1.0000          line
109.0999    0    1.100   1.0000          NULL 
110.1999    2    2.000   1.0000        square
112.1999    0    2.000   1.0000          NULL 
114.1999    2    2.000   1.0000        square
116.1999    0    1.200   1.0000          NULL 
117.3999    1    2.000   1.0000          line
119.3999    0    1.200   1.0000          NULL 
120.5999    1    2.000   1.0000          line
122.5999    0    1.400   1.0000          NULL 
123.9999    1    2.000   1.0000          line
125.9999    0    1.000   1.0000          NULL 
126.9999    1    2.000   1.0000          line
128.9999    0    1.000   1.0000          NULL 
