  0.0000    1    2.000   1.0000          line
  2.0000    0    0.500   1.0000          NULL 
  2.5000    1    2.000   1.0000          line
  4.5000    0    1.500   1.0000          NULL 
  6.0000    1    2.000   1.0000          line
  8.0000    0    1.500   1.0000          NULL 
  9.5000    2    2.000   1.0000        square
 11.5000    0    3.000   1.0000          NULL 
 14.5000    1    2.000   1.0000          line
 16.5000    0    0.500   1.0000          NULL 
 17.0000    1    2.000   1.0000          line
 19.0000    0    0.500   1.0000          NULL 
 19.5000    1    2.000   1.0000          line
 21.5000    0    1.500   1.0000          NULL 
 23.0000    1    2.000   1.0000          line
 25.0000    0    1.000   1.0000          NULL 
 26.0000    2    2.000   1.0000        square
 28.0000    0    0.500   1.0000          NULL 
 28.5000    1    2.000   1.0000          line
 30.5000    0    2.500   1.0000          NULL 
 33.0000    1    2.000   1.0000          line
 35.0000    0    0.500   1.0000          NULL 
 35.5000    1    2.000   1.0000          line
 37.5000    0    3.000   1.0000          NULL 
 40.5000    2    2.000   1.0000        square
 42.5000    0    2.500   1.0000          NULL 
 45.0000    2    2.000   1.0000        square
 47.0000    0    1.500   1.0000          NULL 
 48.5000    2    2.000   1.0000        square
 50.5000    0    1.000   1.0000          NULL 
 51.5000    2    2.000   1.0000        square
 53.5000    0    2.000   1.0000          NULL 
 55.5000    1    2.000   1.0000          line
 57.5000    0    0.500   1.0000          NULL 
 58.0000    2    2.000   1.0000        square
 60.0000    0    2.000   1.0000          NULL 
 62.0000    2    2.000   1.0000        square
 64.0000    0    1.000   1.0000          NULL 
 65.0000    2    2.000   1.0000        square
 67.0000    0    0.500   1.0000          NULL 
 67.5000    1    2.000   1.0000          line
 69.5000    0    1.500   1.0000          NULL 
 71.0000    2    2.000   1.0000        square
 73.0000    0    0.500   1.0000          NULL 
 73.5000    1    2.000   1.0000          line
 75.5000    0    0.500   1.0000          NULL 
 76.0000    2    2.000   1.0000        square
 78.0000    0    1.500   1.0000          NULL 
 79.5000    1    2.000   1.0000          line
 81.5000    0    0.500   1.0000          NULL 
 82.0000    2    2.000   1.0000        square
 84.0000    0    1.000   1.0000          NULL 
 85.0000    1    2.000   1.0000          line
 87.0000    0    0.500   1.0000          NULL 
 87.5000    1    2.000   1.0000          line
 89.5000    0    1.000   1.0000          NULL 
 90.5000    2    2.000   1.0000        square
 92.5000    0    0.500   1.0000          NULL 
 93.0000    2    2.000   1.0000        square
 95.0000    0    1.000   1.0000          NULL 
 96.0000    1    2.000   1.0000          line
 98.0000    0    2.000   1.0000          NULL 
100.0000    2    2.000   1.0000        square
102.0000    0    0.500   1.0000          NULL 
102.5000    1    2.000   1.0000          line
104.5000    0    2.500   1.0000          NULL 
107.0000    1    2.000   1.0000          line
109.0000    0    1.000   1.0000          NULL 
110.0000    2    2.000   1.0000        square
112.0000    0    0.500   1.0000          NULL 
112.5000    2    2.000   1.0000        square
114.5000    0    0.500   1.0000          NULL 
115.0000    1    2.000   1.0000          line
117.0000    0    0.500   1.0000          NULL 
117.5000    2    2.000   1.0000        square
119.5000    0    1.500   1.0000          NULL 
121.0000    2    2.000   1.0000        square
123.0000    0    2.500   1.0000          NULL 
125.5000    1    2.000   1.0000          line
127.5000    0    2.500   1.0000          NULL 
130.0000    1    2.000   1.0000          line
132.0000    0    1.500   1.0000          NULL 
133.5000    1    2.000   1.0000          line
135.5000    0    1.500   1.0000          NULL 
137.0000    2    2.000   1.0000        square
139.0000    0    0.500   1.0000          NULL 
139.5000    1    2.000   1.0000          line
141.5000    0    0.500   1.0000          NULL 
142.0000    1    2.000   1.0000          line
144.0000    0    3.000   1.0000          NULL 
147.0000    2    2.000   1.0000        square
149.0000    0    2.500   1.0000          NULL 
151.5000    2    2.000   1.0000        square
153.5000    0    1.000   1.0000          NULL 
154.5000    1    2.000   1.0000          line
156.5000    0    1.000   1.0000          NULL 
157.5000    2    2.000   1.0000        square
159.5000    0    2.500   1.0000          NULL 
162.0000    1    2.000   1.0000          line
164.0000    0    1.000   1.0000          NULL 
165.0000    2    2.000   1.0000        square
167.0000    0    2.500   1.0000          NULL 
169.5000    2    2.000   1.0000        square
171.5000    0    0.500   1.0000          NULL 
172.0000    1    2.000   1.0000          line
174.0000    0    0.500   1.0000          NULL 
174.5000    2    2.000   1.0000        square
176.5000    0    3.000   1.0000          NULL 
179.5000    1    2.000   1.0000          line
181.5000    0    1.000   1.0000          NULL 
182.5000    1    2.000   1.0000          line
184.5000    0    1.000   1.0000          NULL 
185.5000    1    2.000   1.0000          line
187.5000    0    1.500   1.0000          NULL 
189.0000    2    2.000   1.0000        square
191.0000    0    0.500   1.0000          NULL 
191.5000    1    2.000   1.0000          line
193.5000    0    0.500   1.0000          NULL 
194.0000    1    2.000   1.0000          line
196.0000    0    2.500   1.0000          NULL 
198.5000    2    2.000   1.0000        square
200.5000    0    2.500   1.0000          NULL 
203.0000    2    2.000   1.0000        square
205.0000    0    0.500   1.0000          NULL 
205.5000    1    2.000   1.0000          line
207.5000    0    0.500   1.0000          NULL 
208.0000    1    2.000   1.0000          line
210.0000    0    3.500   1.0000          NULL 
213.5000    1    2.000   1.0000          line
215.5000    0    0.500   1.0000          NULL 
216.0000    2    2.000   1.0000        square
218.0000    0    0.500   1.0000          NULL 
218.5000    2    2.000   1.0000        square
220.5000    0    2.000   1.0000          NULL 
222.5000    1    2.000   1.0000          line
224.5000    0    0.500   1.0000          NULL 
225.0000    2    2.000   1.0000        square
227.0000    0    2.000   1.0000          NULL 
229.0000    1    2.000   1.0000          line
231.0000    0    0.500   1.0000          NULL 
231.5000    2    2.000   1.0000        square
233.5000    0    0.500   1.0000          NULL 
234.0000    2    2.000   1.0000        square
236.0000    0    2.000   1.0000          NULL 
238.0000    2    2.000   1.0000        square
240.0000    0    0.500   1.0000          NULL 
240.5000    2    2.000   1.0000        square
242.5000    0    0.500   1.0000          NULL 
243.0000    1    2.000   1.0000          line
245.0000    0    2.000   1.0000          NULL 
247.0000    1    2.000   1.0000          line
249.0000    0    1.000   1.0000          NULL 
250.0000    1    2.000   1.0000          line
252.0000    0    1.000   1.0000          NULL 
253.0000    2    2.000   1.0000        square
255.0000    0    1.000   1.0000          NULL 
256.0000    2    2.000   1.0000        square
258.0000    0    2.500   1.0000          NULL 
260.5000    2    2.000   1.0000        square
262.5000    0    0.500   1.0000          NULL 
263.0000    1    2.000   1.0000          line
265.0000    0    2.500   1.0000          NULL 
267.5000    2    2.000   1.0000        square
269.5000    0    0.500   1.0000          NULL 
270.0000    1    2.000   1.0000          line
272.0000    0    1.500   1.0000          NULL 
273.5000    1    2.000   1.0000          line
275.5000    0    1.000   1.0000          NULL 
276.5000    1    2.000   1.0000          line
278.5000    0    0.500   1.0000          NULL 
279.0000    1    2.000   1.0000          line
281.0000    0    2.500   1.0000          NULL 
283.5000    1    2.000   1.0000          line
285.5000    0    3.000   1.0000          NULL 
288.5000    2    2.000   1.0000        square
290.5000    0    0.500   1.0000          NULL 
291.0000    1    2.000   1.0000          line
293.0000    0    1.000   1.0000          NULL 
294.0000    2    2.000   1.0000        square
296.0000    0    0.500   1.0000          NULL 
296.5000    2    2.000   1.0000        square
298.5000    0    4.000   1.0000          NULL 
302.5000    2    2.000   1.0000        square
304.5000    0    1.000   1.0000          NULL 
305.5000    2    2.000   1.0000        square
307.5000    0    3.500   1.0000          NULL 
311.0000    2    2.000   1.0000        square
313.0000    0    0.500   1.0000          NULL 
313.5000    2    2.000   1.0000        square
315.5000    0    1.000   1.0000          NULL 
316.5000    2    2.000   1.0000        square
318.5000    0    1.000   1.0000          NULL 
319.5000    2    2.000   1.0000        square
321.5000    0    2.000   1.0000          NULL 
323.5000    2    2.000   1.0000        square
325.5000    0    1.000   1.0000          NULL 
326.5000    2    2.000   1.0000        square
328.5000    0    1.000   1.0000          NULL 
329.5000    1    2.000   1.0000          line
331.5000    0    3.000   1.0000          NULL 
334.5000    1    2.000   1.0000          line
336.5000    0    2.000   1.0000          NULL 
338.5000    1    2.000   1.0000          line
340.5000    0    1.000   1.0000          NULL 
341.5000    2    2.000   1.0000        square
343.5000    0    0.500   1.0000          NULL 
344.0000    1    2.000   1.0000          line
346.0000    0    1.000   1.0000          NULL 
347.0000    1    2.000   1.0000          line
349.0000    0    1.500   1.0000          NULL 
350.5000    1    2.000   1.0000          line
352.5000    0    1.500   1.0000          NULL 
354.0000    2    2.000   1.0000        square
356.0000    0    2.500   1.0000          NULL 
358.5000    1    2.000   1.0000          line
360.5000    0    0.500   1.0000          NULL 
361.0000    2    2.000   1.0000        square
363.0000    0    0.500   1.0000          NULL 
363.5000    2    2.000   1.0000        square
365.5000    0    4.000   1.0000          NULL 
369.5000    1    2.000   1.0000          line
371.5000    0    0.500   1.0000          NULL 
372.0000    2    2.000   1.0000        square
374.0000    0    1.000   1.0000          NULL 
375.0000    2    2.000   1.0000        square
377.0000    0    1.500   1.0000          NULL 
378.5000    1    2.000   1.0000          line
380.5000    0    0.500   1.0000          NULL 
381.0000    1    2.000   1.0000          line
383.0000    0    2.000   1.0000          NULL 
385.0000    2    2.000   1.0000        square
387.0000    0    0.500   1.0000          NULL 
387.5000    2    2.000   1.0000        square
389.5000    0    1.000   1.0000          NULL 
390.5000    1    2.000   1.0000          line
392.5000    0    0.500   1.0000          NULL 
393.0000    2    2.000   1.0000        square
395.0000    0    2.000   1.0000          NULL 
397.0000    1    2.000   1.0000          line
399.0000    0    1.000   1.0000          NULL 
