  0.0000    1    2.000   1.0000          line
  2.0000    0    0.500   1.0000          NULL 
  2.5000    1    2.000   1.0000          line
  4.5000    0    1.500   1.0000          NULL 
  6.0000    2    2.000   1.0000        square
  8.0000    0    0.500   1.0000          NULL 
  8.5000    1    2.000   1.0000          line
 10.5000    0    3.500   1.0000          NULL 
 14.0000    2    2.000   1.0000        square
 16.0000    0    4.000   1.0000          NULL 
 20.0000    1    2.000   1.0000          line
 22.0000    0    4.000   1.0000          NULL 
 26.0000    2    2.000   1.0000        square
 28.0000    0    1.000   1.0000          NULL 
 29.0000    1    2.000   1.0000          line
 31.0000    0    1.000   1.0000          NULL 
 32.0000    1    2.000   1.0000          line
 34.0000    0    1.000   1.0000          NULL 
 35.0000    1    2.000   1.0000          line
 37.0000    0    0.500   1.0000          NULL 
 37.5000    2    2.000   1.0000        square
 39.5000    0    2.500   1.0000          NULL 
 42.0000    1    2.000   1.0000          line
 44.0000    0    2.000   1.0000          NULL 
 46.0000    1    2.000   1.0000          line
 48.0000    0    1.000   1.0000          NULL 
 49.0000    1    2.000   1.0000          line
 51.0000    0    4.000   1.0000          NULL 
 55.0000    1    2.000   1.0000          line
 57.0000    0    0.500   1.0000          NULL 
 57.5000    1    2.000   1.0000          line
 59.5000    0    1.500   1.0000          NULL 
 61.0000    2    2.000   1.0000        square
 63.0000    0    1.000   1.0000          NULL 
 64.0000    1    2.000   1.0000          line
 66.0000    0    1.000   1.0000          NULL 
 67.0000    1    2.000   1.0000          line
 69.0000    0    2.000   1.0000          NULL 
 71.0000    2    2.000   1.0000        square
 73.0000    0    0.500   1.0000          NULL 
 73.5000    2    2.000   1.0000        square
 75.5000    0    0.500   1.0000          NULL 
 76.0000    2    2.000   1.0000        square
 78.0000    0    4.000   1.0000          NULL 
 82.0000    1    2.000   1.0000          line
 84.0000    0    0.500   1.0000          NULL 
 84.5000    1    2.000   1.0000          line
 86.5000    0    1.500   1.0000          NULL 
 88.0000    1    2.000   1.0000          line
 90.0000    0    3.000   1.0000          NULL 
 93.0000    2    2.000   1.0000        square
 95.0000    0    1.500   1.0000          NULL 
 96.5000    1    2.000   1.0000          line
 98.5000    0    0.500   1.0000          NULL 
 99.0000    1    2.000   1.0000          line
101.0000    0    0.500   1.0000          NULL 
101.5000    2    2.000   1.0000        square
103.5000    0    1.000   1.0000          NULL 
104.5000    2    2.000   1.0000        square
106.5000    0    3.000   1.0000          NULL 
109.5000    1    2.000   1.0000          line
111.5000    0    2.000   1.0000          NULL 
113.5000    1    2.000   1.0000          line
115.5000    0    1.500   1.0000          NULL 
117.0000    1    2.000   1.0000          line
119.0000    0    1.500   1.0000          NULL 
120.5000    1    2.000   1.0000          line
122.5000    0    1.500   1.0000          NULL 
124.0000    2    2.000   1.0000        square
126.0000    0    1.500   1.0000          NULL 
127.5000    2    2.000   1.0000        square
129.5000    0    0.500   1.0000          NULL 
130.0000    2    2.000   1.0000        square
132.0000    0    0.500   1.0000          NULL 
132.5000    1    2.000   1.0000          line
134.5000    0    0.500   1.0000          NULL 
135.0000    2    2.000   1.0000        square
137.0000    0    1.500   1.0000          NULL 
138.5000    2    2.000   1.0000        square
140.5000    0    1.500   1.0000          NULL 
142.0000    2    2.000   1.0000        square
144.0000    0    1.000   1.0000          NULL 
145.0000    1    2.000   1.0000          line
147.0000    0    0.500   1.0000          NULL 
147.5000    1    2.000   1.0000          line
149.5000    0    1.000   1.0000          NULL 
150.5000    2    2.000   1.0000        square
152.5000    0    0.500   1.0000          NULL 
153.0000    2    2.000   1.0000        square
155.0000    0    1.000   1.0000          NULL 
156.0000    2    2.000   1.0000        square
158.0000    0    2.500   1.0000          NULL 
160.5000    1    2.000   1.0000          line
162.5000    0    2.500   1.0000          NULL 
165.0000    2    2.000   1.0000        square
167.0000    0    2.500   1.0000          NULL 
169.5000    1    2.000   1.0000          line
171.5000    0    0.500   1.0000          NULL 
172.0000    1    2.000   1.0000          line
174.0000    0    0.500   1.0000          NULL 
174.5000    2    2.000   1.0000        square
176.5000    0    1.000   1.0000          NULL 
177.5000    2    2.000   1.0000        square
179.5000    0    1.000   1.0000          NULL 
180.5000    2    2.000   1.0000        square
182.5000    0    0.500   1.0000          NULL 
183.0000    1    2.000   1.0000          line
185.0000    0    0.500   1.0000          NULL 
185.5000    1    2.000   1.0000          line
187.5000    0    1.500   1.0000          NULL 
189.0000    2    2.000   1.0000        square
191.0000    0    1.500   1.0000          NULL 
192.5000    1    2.000   1.0000          line
194.5000    0    1.500   1.0000          NULL 
196.0000    1    2.000   1.0000          line
198.0000    0    1.000   1.0000          NULL 
199.0000    2    2.000   1.0000        square
201.0000    0    0.500   1.0000          NULL 
201.5000    2    2.000   1.0000        square
203.5000    0    1.000   1.0000          NULL 
204.5000    2    2.000   1.0000        square
206.5000    0    1.000   1.0000          NULL 
207.5000    1    2.000   1.0000          line
209.5000    0    0.500   1.0000          NULL 
210.0000    2    2.000   1.0000        square
212.0000    0    1.500   1.0000          NULL 
213.5000    1    2.000   1.0000          line
215.5000    0    0.500   1.0000          NULL 
216.0000    1    2.000   1.0000          line
218.0000    0    2.500   1.0000          NULL 
220.5000    1    2.000   1.0000          line
222.5000    0    0.500   1.0000          NULL 
223.0000    2    2.000   1.0000        square
225.0000    0    0.500   1.0000          NULL 
225.5000    2    2.000   1.0000        square
227.5000    0    1.500   1.0000          NULL 
229.0000    1    2.000   1.0000          line
231.0000    0    2.500   1.0000          NULL 
233.5000    1    2.000   1.0000          line
235.5000    0    1.000   1.0000          NULL 
236.5000    1    2.000   1.0000          line
238.5000    0    1.000   1.0000          NULL 
239.5000    1    2.000   1.0000          line
241.5000    0    1.000   1.0000          NULL 
242.5000    1    2.000   1.0000          line
244.5000    0    2.000   1.0000          NULL 
246.5000    2    2.000   1.0000        square
248.5000    0    2.000   1.0000          NULL 
250.5000    2    2.000   1.0000        square
252.5000    0    0.500   1.0000          NULL 
253.0000    1    2.000   1.0000          line
255.0000    0    0.500   1.0000          NULL 
255.5000    2    2.000   1.0000        square
257.5000    0    3.500   1.0000          NULL 
261.0000    1    2.000   1.0000          line
263.0000    0    0.500   1.0000          NULL 
263.5000    2    2.000   1.0000        square
265.5000    0    0.500   1.0000          NULL 
266.0000    2    2.000   1.0000        square
268.0000    0    2.000   1.0000          NULL 
270.0000    1    2.000   1.0000          line
272.0000    0    0.500   1.0000          NULL 
272.5000    1    2.000   1.0000          line
274.5000    0    2.500   1.0000          NULL 
277.0000    1    2.000   1.0000          line
279.0000    0    0.500   1.0000          NULL 
279.5000    2    2.000   1.0000        square
281.5000    0    1.000   1.0000          NULL 
282.5000    2    2.000   1.0000        square
284.5000    0    1.000   1.0000          NULL 
285.5000    2    2.000   1.0000        square
287.5000    0    3.000   1.0000          NULL 
290.5000    1    2.000   1.0000          line
292.5000    0    1.000   1.0000          NULL 
293.5000    2    2.000   1.0000        square
295.5000    0    0.500   1.0000          NULL 
296.0000    1    2.000   1.0000          line
298.0000    0    1.000   1.0000          NULL 
299.0000    2    2.000   1.0000        square
301.0000    0    1.000   1.0000          NULL 
302.0000    1    2.000   1.0000          line
304.0000    0    2.500   1.0000          NULL 
306.5000    2    2.000   1.0000        square
308.5000    0    0.500   1.0000          NULL 
309.0000    2    2.000   1.0000        square
311.0000    0    1.000   1.0000          NULL 
312.0000    1    2.000   1.0000          line
314.0000    0    0.500   1.0000          NULL 
314.5000    1    2.000   1.0000          line
316.5000    0    1.000   1.0000          NULL 
317.5000    1    2.000   1.0000          line
319.5000    0    0.500   1.0000          NULL 
320.0000    2    2.000   1.0000        square
322.0000    0    1.000   1.0000          NULL 
323.0000    2    2.000   1.0000        square
325.0000    0    1.000   1.0000          NULL 
326.0000    2    2.000   1.0000        square
328.0000    0    1.000   1.0000          NULL 
329.0000    2    2.000   1.0000        square
331.0000    0    3.000   1.0000          NULL 
334.0000    1    2.000   1.0000          line
336.0000    0    1.000   1.0000          NULL 
337.0000    2    2.000   1.0000        square
339.0000    0    1.000   1.0000          NULL 
340.0000    2    2.000   1.0000        square
342.0000    0    0.500   1.0000          NULL 
342.5000    2    2.000   1.0000        square
344.5000    0    3.000   1.0000          NULL 
347.5000    2    2.000   1.0000        square
349.5000    0    3.000   1.0000          NULL 
352.5000    1    2.000   1.0000          line
354.5000    0    0.500   1.0000          NULL 
355.0000    2    2.000   1.0000        square
357.0000    0    0.500   1.0000          NULL 
357.5000    2    2.000   1.0000        square
359.5000    0    2.500   1.0000          NULL 
362.0000    2    2.000   1.0000        square
364.0000    0    0.500   1.0000          NULL 
364.5000    1    2.000   1.0000          line
366.5000    0    1.500   1.0000          NULL 
368.0000    2    2.000   1.0000        square
370.0000    0    4.000   1.0000          NULL 
374.0000    2    2.000   1.0000        square
376.0000    0    0.500   1.0000          NULL 
376.5000    2    2.000   1.0000        square
378.5000    0    1.000   1.0000          NULL 
379.5000    1    2.000   1.0000          line
381.5000    0    1.000   1.0000          NULL 
382.5000    2    2.000   1.0000        square
384.5000    0    1.000   1.0000          NULL 
385.5000    1    2.000   1.0000          line
387.5000    0    0.500   1.0000          NULL 
388.0000    1    2.000   1.0000          line
390.0000    0    0.500   1.0000          NULL 
390.5000    2    2.000   1.0000        square
392.5000    0    1.000   1.0000          NULL 
393.5000    1    2.000   1.0000          line
395.5000    0    2.000   1.0000          NULL 
397.5000    2    2.000   1.0000        square
399.5000    0    0.500   1.0000          NULL 
