  0.0000    1    2.000   1.0000          line
  2.0000    0    2.000   1.0000          NULL 
  4.0000    1    2.000   1.0000          line
  6.0000    0    0.500   1.0000          NULL 
  6.5000    1    2.000   1.0000          line
  8.5000    0    0.500   1.0000          NULL 
  9.0000    1    2.000   1.0000          line
 11.0000    0    0.500   1.0000          NULL 
 11.5000    2    2.000   1.0000        square
 13.5000    0    1.000   1.0000          NULL 
 14.5000    1    2.000   1.0000          line
 16.5000    0    0.500   1.0000          NULL 
 17.0000    1    2.000   1.0000          line
 19.0000    0    0.500   1.0000          NULL 
 19.5000    2    2.000   1.0000        square
 21.5000    0    3.000   1.0000          NULL 
 24.5000    2    2.000   1.0000        square
 26.5000    0    0.500   1.0000          NULL 
 27.0000    1    2.000   1.0000          line
 29.0000    0    0.500   1.0000          NULL 
 29.5000    1    2.000   1.0000          line
 31.5000    0    0.500   1.0000          NULL 
 32.0000    2    2.000   1.0000        square
 34.0000    0    2.000   1.0000          NULL 
 36.0000    2    2.000   1.0000        square
 38.0000    0    1.500   1.0000          NULL 
 39.5000    2    2.000   1.0000        square
 41.5000    0    1.500   1.0000          NULL 
 43.0000    1    2.000   1.0000          line
 45.0000    0    2.500   1.0000          NULL 
 47.5000    1    2.000   1.0000          line
 49.5000    0    0.500   1.0000          NULL 
 50.0000    1    2.000   1.0000          line
 52.0000    0    1.000   1.0000          NULL 
 53.0000    1    2.000   1.0000          line
 55.0000    0    1.000   1.0000          NULL 
 56.0000    1    2.000   1.0000          line
 58.0000    0    3.500   1.0000          NULL 
 61.5000    1    2.000   1.0000          line
 63.5000    0    0.500   1.0000          NULL 
 64.0000    2    2.000   1.0000        square
 66.0000    0    0.500   1.0000          NULL 
 66.5000    1    2.000   1.0000          line
 68.5000    0    1.000   1.0000          NULL 
 69.5000    2    2.000   1.0000        square
 71.5000    0    0.500   1.0000          NULL 
 72.0000    2    2.000   1.0000        square
 74.0000    0    0.500   1.0000          NULL 
 74.5000    2    2.000   1.0000        square
 76.5000    0    2.500   1.0000          NULL 
 79.0000    1    2.000   1.0000          line
 81.0000    0    1.000   1.0000          NULL 
 82.0000    2    2.000   1.0000        square
 84.0000    0    1.000   1.0000          NULL 
 85.0000    1    2.000   1.0000          line
 87.0000    0    1.500   1.0000          NULL 
 88.5000    2    2.000   1.0000        square
 90.5000    0    1.000   1.0000          NULL 
 91.5000    1    2.000   1.0000          line
 93.5000    0    1.500   1.0000          NULL 
 95.0000    1    2.000   1.0000          line
 97.0000    0    1.000   1.0000          NULL 
 98.0000    1    2.000   1.0000          line
100.0000    0    2.500   1.0000          NULL 
102.5000    1    2.000   1.0000          line
104.5000    0    3.500   1.0000          NULL 
108.0000    1    2.000   1.0000          line
110.0000    0    4.000   1.0000          NULL 
114.0000    2    2.000   1.0000        square
116.0000    0    0.500   1.0000          NULL 
116.5000    2    2.000   1.0000        square
118.5000    0    3.000   1.0000          NULL 
121.5000    1    2.000   1.0000          line
123.5000    0    1.000   1.0000          NULL 
124.5000    2    2.000   1.0000        square
126.5000    0    2.500   1.0000          NULL 
129.0000    2    2.000   1.0000        square
131.0000    0    0.500   1.0000          NULL 
131.5000    2    2.000   1.0000        square
133.5000    0    1.500   1.0000          NULL 
135.0000    2    2.000   1.0000        square
137.0000    0    1.000   1.0000          NULL 
138.0000    2    2.000   1.0000        square
140.0000    0    4.000   1.0000          NULL 
144.0000    2    2.000   1.0000        square
146.0000    0    0.500   1.0000          NULL 
146.5000    1    2.000   1.0000          line
148.5000    0    0.500   1.0000          NULL 
149.0000    2    2.000   1.0000        square
151.0000    0    2.500   1.0000          NULL 
153.5000    2    2.000   1.0000        square
155.5000    0    0.500   1.0000          NULL 
156.0000    2    2.000   1.0000        square
158.0000    0    1.000   1.0000          NULL 
159.0000    2    2.000   1.0000        square
161.0000    0    0.500   1.0000          NULL 
161.5000    1    2.000   1.0000          line
163.5000    0    0.500   1.0000          NULL 
164.0000    2    2.000   1.0000        square
166.0000    0    1.000   1.0000          NULL 
167.0000    1    2.000   1.0000          line
169.0000    0    0.500   1.0000          NULL 
169.5000    2    2.000   1.0000        square
171.5000    0    4.000   1.0000          NULL 
175.5000    2    2.000   1.0000        square
177.5000    0    1.500   1.0000          NULL 
179.0000    2    2.000   1.0000        square
181.0000    0    0.500   1.0000          NULL 
181.5000    1    2.000   1.0000          line
183.5000    0    0.500   1.0000          NULL 
184.0000    2    2.000   1.0000        square
186.0000    0    0.500   1.0000          NULL 
186.5000    1    2.000   1.0000          line
188.5000    0    1.000   1.0000          NULL 
189.5000    2    2.000   1.0000        square
191.5000    0    1.500   1.0000          NULL 
193.0000    2    2.000   1.0000        square
195.0000    0    1.000   1.0000          NULL 
196.0000    2    2.000   1.0000        square
198.0000    0    0.500   1.0000          NULL 
198.5000    1    2.000   1.0000          line
200.5000    0    4.000   1.0000          NULL 
204.5000    2    2.000   1.0000        square
206.5000    0    1.500   1.0000          NULL 
208.0000    1    2.000   1.0000          line
210.0000    0    1.000   1.0000          NULL 
211.0000    2    2.000   1.0000        square
213.0000    0    0.500   1.0000          NULL 
213.5000    2    2.000   1.0000        square
215.5000    0    0.500   1.0000          NULL 
216.0000    1    2.000   1.0000          line
218.0000    0    1.000   1.0000          NULL 
219.0000    2    2.000   1.0000        square
221.0000    0    1.500   1.0000          NULL 
222.5000    2    2.000   1.0000        square
224.5000    0    1.000   1.0000          NULL 
225.5000    1    2.000   1.0000          line
227.5000    0    3.500   1.0000          NULL 
231.0000    1    2.000   1.0000          line
233.0000    0    2.500   1.0000          NULL 
235.5000    1    2.000   1.0000          line
237.5000    0    1.500   1.0000          NULL 
239.0000    1    2.000   1.0000          line
241.0000    0    0.500   1.0000          NULL 
241.5000    1    2.000   1.0000          line
243.5000    0    0.500   1.0000          NULL 
244.0000    2    2.000   1.0000        square
246.0000    0    3.000   1.0000          NULL 
249.0000    1    2.000   1.0000          line
251.0000    0    0.500   1.0000          NULL 
251.5000    2    2.000   1.0000        square
253.5000    0    1.000   1.0000          NULL 
254.5000    2    2.000   1.0000        square
256.5000    0    0.500   1.0000          NULL 
257.0000    2    2.000   1.0000        square
259.0000    0    0.500   1.0000          NULL 
259.5000    1    2.000   1.0000          line
261.5000    0    2.000   1.0000          NULL 
263.5000    1    2.000   1.0000          line
265.5000    0    0.500   1.0000          NULL 
266.0000    2    2.000   1.0000        square
268.0000    0    1.500   1.0000          NULL 
269.5000    2    2.000   1.0000        square
271.5000    0    3.000   1.0000          NULL 
274.5000    1    2.000   1.0000          line
276.5000    0    0.500   1.0000          NULL 
277.0000    2    2.000   1.0000        square
279.0000    0    1.500   1.0000          NULL 
280.5000    1    2.000   1.0000          line
282.5000    0    0.500   1.0000          NULL 
283.0000    2    2.000   1.0000        square
285.0000    0    0.500   1.0000          NULL 
285.5000    2    2.000   1.0000        square
287.5000    0    2.000   1.0000          NULL 
289.5000    2    2.000   1.0000        square
291.5000    0    2.000   1.0000          NULL 
293.5000    2    2.000   1.0000        square
295.5000    0    1.000   1.0000          NULL 
296.5000    2    2.000   1.0000        square
298.5000    0    3.500   1.0000          NULL 
302.0000    1    2.000   1.0000          line
304.0000    0    1.000   1.0000          NULL 
305.0000    1    2.000   1.0000          line
307.0000    0    0.500   1.0000          NULL 
307.5000    2    2.000   1.0000        square
309.5000    0    1.500   1.0000          NULL 
311.0000    2    2.000   1.0000        square
313.0000    0    0.500   1.0000          NULL 
313.5000    2    2.000   1.0000        square
315.5000    0    1.000   1.0000          NULL 
316.5000    1    2.000   1.0000          line
318.5000    0    1.500   1.0000          NULL 
320.0000    1    2.000   1.0000          line
322.0000    0    3.000   1.0000          NULL 
325.0000    2    2.000   1.0000        square
327.0000    0    1.000   1.0000          NULL 
328.0000    1    2.000   1.0000          line
330.0000    0    0.500   1.0000          NULL 
330.5000    1    2.000   1.0000          line
332.5000    0    0.500   1.0000          NULL 
333.0000    2    2.000   1.0000        square
335.0000    0    3.500   1.0000          NULL 
338.5000    1    2.000   1.0000          line
340.5000    0    1.000   1.0000          NULL 
341.5000    2    2.000   1.0000        square
343.5000    0    0.500   1.0000          NULL 
344.0000    2    2.000   1.0000        square
346.0000    0    0.500   1.0000          NULL 
346.5000    2    2.000   1.0000        square
348.5000    0    0.500   1.0000          NULL 
349.0000    1    2.000   1.0000          line
351.0000    0    2.000   1.0000          NULL 
353.0000    1    2.000   1.0000          line
355.0000    0    0.500   1.0000          NULL 
355.5000    1    2.000   1.0000          line
357.5000    0    3.000   1.0000          NULL 
360.5000    2    2.000   1.0000        square
362.5000    0    0.500   1.0000          NULL 
363.0000    2    2.000   1.0000        square
365.0000    0    0.500   1.0000          NULL 
365.5000    1    2.000   1.0000          line
367.5000    0    2.000   1.0000          NULL 
369.5000    1    2.000   1.0000          line
371.5000    0    1.500   1.0000          NULL 
373.0000    1    2.000   1.0000          line
375.0000    0    1.000   1.0000          NULL 
376.0000    1    2.000   1.0000          line
378.0000    0    1.500   1.0000          NULL 
379.5000    1    2.000   1.0000          line
381.5000    0    0.500   1.0000          NULL 
382.0000    1    2.000   1.0000          line
384.0000    0    2.000   1.0000          NULL 
386.0000    1    2.000   1.0000          line
388.0000    0    1.500   1.0000          NULL 
389.5000    1    2.000   1.0000          line
391.5000    0    1.000   1.0000          NULL 
392.5000    2    2.000   1.0000        square
394.5000    0    2.500   1.0000          NULL 
397.0000    1    2.000   1.0000          line
399.0000    0    1.000   1.0000          NULL 
