  0.0000    2    2.000   1.0000        square
  2.0000    0    1.100   1.0000          NULL 
  3.1000    2    2.000   1.0000        square
  5.1000    0    1.200   1.0000          NULL 
  6.3000    2    2.000   1.0000        square
  8.3000    0    1.200   1.0000          NULL 
  9.5000    2    2.000   1.0000        square
 11.5000    0    1.000   1.0000          NULL 
 12.5000    1    2.000   1.0000          line
 14.5000    0    1.700   1.0000          NULL 
 16.2000    1    2.000   1.0000          line
 18.2000    0    1.100   1.0000          NULL 
 19.3000    1    2.000   1.0000          line
 21.3000    0    1.300   1.0000          NULL 
 22.6000    1    2.000   1.0000          line
 24.6000    0    2.000   1.0000          NULL 
 26.6000    1    2.000   1.0000          line
 28.6000    0    1.000   1.0000          NULL 
 29.6000    2    2.000   1.0000        square
 31.6000    0    1.900   1.0000          NULL 
 33.5000    2    2.000   1.0000        square
 35.5000    0    1.000   1.0000          NULL 
 36.5000    1    2.000   1.0000          line
 38.5000    0    1.100   1.0000          NULL 
 39.6000    2    2.000   1.0000        square
 41.6000    0    1.800   1.0000          NULL 
 43.4000    2    2.000   1.0000        square
 45.4000    0    1.000   1.0000          NULL 
 46.4000    2    2.000   1.0000        square
 48.4000    0    1.500   1.0000          NULL 
 49.9000    1    2.000   1.0000          line
 51.9000    0    1.100   1.0000          NULL 
 53.0000    2    2.000   1.0000        square
 55.0000    0    1.000   1.0000          NULL 
 56.0000    2    2.000   1.0000        square
 58.0000    0    1.200   1.0000          NULL 
 59.2000    1    2.000   1.0000          line
 61.2000    0    1.100   1.0000          NULL 
 62.3000    2    2.000   1.0000        square
 64.3000    0    1.000   1.0000          NULL 
 65.3000    1    2.000   1.0000          line
 67.3000    0    1.400   1.0000          NULL 
 68.7000    2    2.000   1.0000        square
 70.7000    0    1.100   1.0000          NULL 
 71.8000    1    2.000   1.0000          line
 73.8000    0    1.000   1.0000          NULL 
 74.8000    1    2.000   1.0000          line
 76.8000    0    1.000   1.0000          NULL 
 77.8000    1    2.000   1.0000          line
 79.8000    0    1.200   1.0000          NULL 
 81.0000    1    2.000   1.0000          line
 83.0000    0    1.100   1.0000          NULL 
 84.1000    2    2.000   1.0000        square
 86.1000    0    1.300   1.0000          NULL 
 87.3999    1    2.000   1.0000          line
 89.3999    0    1.000   1.0000          NULL 
 90.3999    1    2.000   1.0000          line
 92.3999    0    1.200   1.0000          NULL 
 93.5999    2    2.000   1.0000        square
 95.5999    0    1.000   1.0000          NULL 
 96.5999    2    2.000   1.0000        square
 98.5999    0    1.000   1.0000          NULL 
 99.5999    2    2.000   1.0000        square
101.5999    0    2.000   1.0000          NULL 
103.5999    1    2.000   1.0000          line
105.5999    0    1.200   1.0000          NULL 
106.7999    1    2.000   1.0000          line
108.7999    0    1.000   1.0000          NULL 
109.7999    2    2.000   1.0000        square
111.7999    0    1.900   1.0000          NULL 
113.6999    2    2.000   1.0000        square
115.6999    0    1.200   1.0000          NULL 
116.8999    1    2.000   1.0000          line
118.8999    0    1.300   1.0000          NULL 
120.1999    2    2.000   1.0000        square
122.1999    0    1.000   1.0000          NULL 
123.1999    1    2.000   1.0000          line
125.1999    0    1.600   1.0000          NULL 
126.7999    1    2.000   1.0000          line
128.7999    0    1.200   1.0000          NULL 
