  0.0000    1    2.000   1.0000          line
  2.0000    0    1.000   1.0000          NULL 
  3.0000    2    2.000   1.0000        square
  5.0000    0    1.400   1.0000          NULL 
  6.4000    2    2.000   1.0000        square
  8.4000    0    1.300   1.0000          NULL 
  9.7000    2    2.000   1.0000        square
 11.7000    0    1.200   1.0000          NULL 
 12.9000    1    2.000   1.0000          line
 14.9000    0    1.600   1.0000          NULL 
 16.5000    1    2.000   1.0000          line
 18.5000    0    1.000   1.0000          NULL 
 19.5000    2    2.000   1.0000        square
 21.5000    0    1.300   1.0000          NULL 
 22.8000    1    2.000   1.0000          line
 24.8000    0    1.100   1.0000          NULL 
 25.9000    1    2.000   1.0000          line
 27.9000    0    1.100   1.0000          NULL 
 29.0000    2    2.000   1.0000        square
 31.0000    0    1.000   1.0000          NULL 
 32.0000    1    2.000   1.0000          line
 34.0000    0    1.900   1.0000          NULL 
 35.9000    1    2.000   1.0000          line
 37.9000    0    1.100   1.0000          NULL 
 39.0000    1    2.000   1.0000          line
 41.0000    0    1.000   1.0000          NULL 
 42.0000    1    2.000   1.0000          line
 44.0000    0    1.300   1.0000          NULL 
 45.3000    2    2.000   1.0000        square
 47.3000    0    1.000   1.0000          NULL 
 48.3000    2    2.000   1.0000        square
 50.3000    0    1.300   1.0000          NULL 
 51.6000    2    2.000   1.0000        square
 53.6000    0    1.700   1.0000          NULL 
 55.3000    2    2.000   1.0000        square
 57.3000    0    1.000   1.0000          NULL 
 58.3000    1    2.000   1.0000          line
 60.3000    0    1.100   1.0000          NULL 
 61.4000    1    2.000   1.0000          line
 63.4000    0    1.900   1.0000          NULL 
 65.3000    2    2.000   1.0000        square
 67.3000    0    1.000   1.0000          NULL 
 68.3000    1    2.000   1.0000          line
 70.3000    0    1.000   1.0000          NULL 
 71.3000    2    2.000   1.0000        square
 73.3000    0    1.000   1.0000          NULL 
 74.3000    1    2.000   1.0000          line
 76.3000    0    1.300   1.0000          NULL 
 77.6000    2    2.000   1.0000        square
 79.6000    0    1.000   1.0000          NULL 
 80.6000    2    2.000   1.0000        square
 82.6000    0    2.000   1.0000          NULL 
 84.5999    1    2.000   1.0000          line
 86.5999    0    1.200   1.0000          NULL 
 87.7999    2    2.000   1.0000        square
 89.7999    0    1.700   1.0000          NULL 
 91.4999    1    2.000   1.0000          line
 93.4999    0    1.000   1.0000          NULL 
 94.4999    2    2.000   1.0000        square
 96.4999    0    1.200   1.0000          NULL 
 97.6999    1    2.000   1.0000          line
 99.6999    0    1.200   1.0000          NULL 
100.8999    2    2.000   1.0000        square
102.8999    0    1.400   1.0000          NULL 
104.2999    2    2.000   1.0000        square
106.2999    0    1.100   1.0000          NULL 
107.3999    1    2.000   1.0000          line
109.3999    0    1.200   1.0000          NULL 
110.5999    2    2.000   1.0000        square
112.5999    0    1.100   1.0000          NULL 
113.6999    1    2.000   1.0000          line
115.6999    0    1.800   1.0000          NULL 
117.4999    2    2.000   1.0000        square
119.4999    0    1.400   1.0000          NULL 
120.8999    1    2.000   1.0000          line
122.8999    0    1.000   1.0000          NULL 
123.8999    2    2.000   1.0000        square
125.8999    0    1.100   1.0000          NULL 
126.9999    1    2.000   1.0000          line
128.9999    0    1.000   1.0000          NULL 
