  0.0000    1    2.000   1.0000          line
  2.0000    0    1.100   1.0000          NULL 
  3.1000    2    2.000   1.0000        square
  5.1000    0    1.000   1.0000          NULL 
  6.1000    2    2.000   1.0000        square
  8.1000    0    1.900   1.0000          NULL 
 10.0000    2    2.000   1.0000        square
 12.0000    0    1.300   1.0000          NULL 
 13.3000    1    2.000   1.0000          line
 15.3000    0    1.000   1.0000          NULL 
 16.3000    2    2.000   1.0000        square
 18.3000    0    1.300   1.0000          NULL 
 19.6000    2    2.000   1.0000        square
 21.6000    0    1.900   1.0000          NULL 
 23.5000    2    2.000   1.0000        square
 25.5000    0    1.200   1.0000          NULL 
 26.7000    1    2.000   1.0000          line
 28.7000    0    1.200   1.0000          NULL 
 29.9000    1    2.000   1.0000          line
 31.9000    0    1.000   1.0000          NULL 
 32.9000    1    2.000   1.0000          line
 34.9000    0    1.100   1.0000          NULL 
 36.0000    1    2.000   1.0000          line
 38.0000    0    1.700   1.0000          NULL 
 39.7000    1    2.000   1.0000          line
 41.7000    0    1.200   1.0000          NULL 
 42.9000    2    2.000   1.0000        square
 44.9000    0    1.400   1.0000          NULL 
 46.3000    2    2.000   1.0000        square
 48.3000    0    1.100   1.0000          NULL 
 49.4000    1    2.000   1.0000          line
 51.4000    0    1.300   1.0000          NULL 
 52.7000    1    2.000   1.0000          line
 54.7000    0    1.100   1.0000          NULL 
 55.8000    2    2.000   1.0000        square
 57.8000    0    1.000   1.0000          NULL 
 58.8000    2    2.000   1.0000        square
 60.8000    0    1.100   1.0000          NULL 
 61.9000    1    2.000   1.0000          line
 63.9000    0    1.400   1.0000          NULL 
 65.3000    2    2.000   1.0000        square
 67.3000    0    1.500   1.0000          NULL 
 68.8000    1    2.000   1.0000          line
 70.8000    0    1.100   1.0000          NULL 
 71.9000    1    2.000   1.0000          line
 73.9000    0    1.900   1.0000          NULL 
 75.7999    2    2.000   1.0000        square
 77.7999    0    1.200   1.0000          NULL 
 78.9999    2    2.000   1.0000        square
 80.9999    0    1.100   1.0000          NULL 
 82.0999    1    2.000   1.0000          line
 84.0999    0    1.000   1.0000          NULL 
 85.0999    1    2.000   1.0000          line
 87.0999    0    1.700   1.0000          NULL 
 88.7999    2    2.000   1.0000        square
 90.7999    0    1.800   1.0000          NULL 
 92.5999    1    2.000   1.0000          line
 94.5999    0    1.000   1.0000          NULL 
 95.5999    2    2.000   1.0000        square
 97.5999    0    1.100   1.0000          NULL 
 98.6999    2    2.000   1.0000        square
100.6999    0    1.000   1.0000          NULL 
101.6999    1    2.000   1.0000          line
103.6999    0    1.300   1.0000          NULL 
104.9999    1    2.000   1.0000          line
106.9999    0    1.200   1.0000          NULL 
108.1999    2    2.000   1.0000        square
110.1999    0    1.300   1.0000          NULL 
111.4999    1    2.000   1.0000          line
113.4999    0    1.400   1.0000          NULL 
114.8999    2    2.000   1.0000        square
116.8999    0    1.000   1.0000          NULL 
117.8999    2    2.000   1.0000        square
119.8999    0    1.000   1.0000          NULL 
120.8999    1    2.000   1.0000          line
122.8999    0    1.000   1.0000          NULL 
123.8999    1    2.000   1.0000          line
125.8999    0    1.100   1.0000          NULL 
126.9999    2    2.000   1.0000        square
128.9999    0    1.000   1.0000          NULL 
