  0.0000    2    2.000   1.0000        square
  2.0000    0    1.600   1.0000          NULL 
  3.6000    1    2.000   1.0000          line
  5.6000    0    1.000   1.0000          NULL 
  6.6000    2    2.000   1.0000        square
  8.6000    0    1.200   1.0000          NULL 
  9.8000    1    2.000   1.0000          line
 11.8000    0    1.700   1.0000          NULL 
 13.5000    2    2.000   1.0000        square
 15.5000    0    1.100   1.0000          NULL 
 16.6000    1    2.000   1.0000          line
 18.6000    0    1.000   1.0000          NULL 
 19.6000    1    2.000   1.0000          line
 21.6000    0    1.100   1.0000          NULL 
 22.7000    1    2.000   1.0000          line
 24.7000    0    1.200   1.0000          NULL 
 25.9000    1    2.000   1.0000          line
 27.9000    0    1.200   1.0000          NULL 
 29.1000    1    2.000   1.0000          line
 31.1000    0    1.200   1.0000          NULL 
 32.3000    1    2.000   1.0000          line
 34.3000    0    1.600   1.0000          NULL 
 35.9000    2    2.000   1.0000        square
 37.9000    0    1.100   1.0000          NULL 
 39.0000    1    2.000   1.0000          line
 41.0000    0    1.400   1.0000          NULL 
 42.4000    1    2.000   1.0000          line
 44.4000    0    1.000   1.0000          NULL 
 45.4000    1    2.000   1.0000          line
 47.4000    0    1.100   1.0000          NULL 
 48.5000    1    2.000   1.0000          line
 50.5000    0    2.000   1.0000          NULL 
 52.5000    2    2.000   1.0000        square
 54.5000    0    1.000   1.0000          NULL 
 55.5000    2    2.000   1.0000        square
 57.5000    0    1.300   1.0000          NULL 
 58.8000    2    2.000   1.0000        square
 60.8000    0    1.500   1.0000          NULL 
 62.3000    2    2.000   1.0000        square
 64.3000    0    1.200   1.0000          NULL 
 65.5000    2    2.000   1.0000        square
 67.5000    0    1.200   1.0000          NULL 
 68.7000    1    2.000   1.0000          line
 70.7000    0    1.900   1.0000          NULL 
 72.5999    1    2.000   1.0000          line
 74.5999    0    1.000   1.0000          NULL 
 75.5999    2    2.000   1.0000        square
 77.5999    0    1.700   1.0000          NULL 
 79.2999    2    2.000   1.0000        square
 81.2999    0    1.000   1.0000          NULL 
 82.2999    1    2.000   1.0000          line
 84.2999    0    1.000   1.0000          NULL 
 85.2999    2    2.000   1.0000        square
 87.2999    0    1.000   1.0000          NULL 
 88.2999    1    2.000   1.0000          line
 90.2999    0    1.000   1.0000          NULL 
 91.2999    2    2.000   1.0000        square
 93.2999    0    1.800   1.0000          NULL 
 95.0999    2    2.000   1.0000        square
 97.0999    0    1.000   1.0000          NULL 
 98.0999    2    2.000   1.0000        square
100.0999    0    1.100   1.0000          NULL 
101.1999    2    2.000   1.0000        square
103.1999    0    1.500   1.0000          NULL 
104.6999    1    2.000   1.0000          line
106.6999    0    1.100   1.0000          NULL 
107.7999    1    2.000   1.0000          line
109.7999    0    1.700   1.0000          NULL 
111.4999    1    2.000   1.0000          line
113.4999    0    1.000   1.0000          NULL 
114.4999    2    2.000   1.0000        square
116.4999    0    1.500   1.0000          NULL 
117.9999    2    2.000   1.0000        square
119.9999    0    1.000   1.0000          NULL 
120.9999    1    2.000   1.0000          line
122.9999    0    1.000   1.0000          NULL 
123.9999    2    2.000   1.0000        square
125.9999    0    1.000   1.0000          NULL 
126.9999    2    2.000   1.0000        square
128.9999    0    1.000   1.0000          NULL 
