  0.0000    2    2.000   1.0000        square
  2.0000    0    0.500   1.0000          NULL 
  2.5000    2    2.000   1.0000        square
  4.5000    0    4.000   1.0000          NULL 
  8.5000    2    2.000   1.0000        square
 10.5000    0    0.500   1.0000          NULL 
 11.0000    1    2.000   1.0000          line
 13.0000    0    0.500   1.0000          NULL 
 13.5000    1    2.000   1.0000          line
 15.5000    0    1.000   1.0000          NULL 
 16.5000    2    2.000   1.0000        square
 18.5000    0    3.500   1.0000          NULL 
 22.0000    1    2.000   1.0000          line
 24.0000    0    0.500   1.0000          NULL 
 24.5000    1    2.000   1.0000          line
 26.5000    0    2.500   1.0000          NULL 
 29.0000    1    2.000   1.0000          line
 31.0000    0    1.000   1.0000          NULL 
 32.0000    2    2.000   1.0000        square
 34.0000    0    0.500   1.0000          NULL 
 34.5000    2    2.000   1.0000        square
 36.5000    0    0.500   1.0000          NULL 
 37.0000    1    2.000   1.0000          line
 39.0000    0    1.000   1.0000          NULL 
 40.0000    1    2.000   1.0000          line
 42.0000    0    1.000   1.0000          NULL 
 43.0000    1    2.000   1.0000          line
 45.0000    0    2.000   1.0000          NULL 
 47.0000    2    2.000   1.0000        square
 49.0000    0    1.500   1.0000          NULL 
 50.5000    2    2.000   1.0000        square
 52.5000    0    2.000   1.0000          NULL 
 54.5000    1    2.000   1.0000          line
 56.5000    0    0.500   1.0000          NULL 
 57.0000    2    2.000   1.0000        square
 59.0000    0    1.500   1.0000          NULL 
 60.5000    1    2.000   1.0000          line
 62.5000    0    2.500   1.0000          NULL 
 65.0000    2    2.000   1.0000        square
 67.0000    0    1.000   1.0000          NULL 
 68.0000    2    2.000   1.0000        square
 70.0000    0    1.000   1.0000          NULL 
 71.0000    1    2.000   1.0000          line
 73.0000    0    0.500   1.0000          NULL 
 73.5000    1    2.000   1.0000          line
 75.5000    0    1.500   1.0000          NULL 
 77.0000    1    2.000   1.0000          line
 79.0000    0    1.500   1.0000          NULL 
 80.5000    1    2.000   1.0000          line
 82.5000    0    1.000   1.0000          NULL 
 83.5000    2    2.000   1.0000        square
 85.5000    0    1.000   1.0000          NULL 
 86.5000    2    2.000   1.0000        square
 88.5000    0    1.500   1.0000          NULL 
 90.0000    1    2.000   1.0000          line
 92.0000    0    1.500   1.0000          NULL 
 93.5000    2    2.000   1.0000        square
 95.5000    0    0.500   1.0000          NULL 
 96.0000    2    2.000   1.0000        square
 98.0000    0    3.500   1.0000          NULL 
101.5000    1    2.000   1.0000          line
103.5000    0    2.500   1.0000          NULL 
106.0000    1    2.000   1.0000          line
108.0000    0    0.500   1.0000          NULL 
108.5000    2    2.000   1.0000        square
110.5000    0    2.500   1.0000          NULL 
113.0000    1    2.000   1.0000          line
115.0000    0    1.000   1.0000          NULL 
116.0000    1    2.000   1.0000          line
118.0000    0    2.000   1.0000          NULL 
120.0000    2    2.000   1.0000        square
122.0000    0    1.500   1.0000          NULL 
123.5000    2    2.000   1.0000        square
125.5000    0    1.500   1.0000          NULL 
127.0000    1    2.000   1.0000          line
129.0000    0    0.500   1.0000          NULL 
129.5000    2    2.000   1.0000        square
131.5000    0    0.500   1.0000          NULL 
132.0000    1    2.000   1.0000          line
134.0000    0    0.500   1.0000          NULL 
134.5000    1    2.000   1.0000          line
136.5000    0    2.500   1.0000          NULL 
139.0000    2    2.000   1.0000        square
141.0000    0    1.500   1.0000          NULL 
142.5000    2    2.000   1.0000        square
144.5000    0    0.500   1.0000          NULL 
145.0000    2    2.000   1.0000        square
147.0000    0    3.500   1.0000          NULL 
150.5000    2    2.000   1.0000        square
152.5000    0    0.500   1.0000          NULL 
153.0000    2    2.000   1.0000        square
155.0000    0    1.000   1.0000          NULL 
156.0000    2    2.000   1.0000        square
158.0000    0    2.000   1.0000          NULL 
160.0000    2    2.000   1.0000        square
162.0000    0    1.000   1.0000          NULL 
163.0000    1    2.000   1.0000          line
165.0000    0    0.500   1.0000          NULL 
165.5000    1    2.000   1.0000          line
167.5000    0    0.500   1.0000          NULL 
168.0000    2    2.000   1.0000        square
170.0000    0    2.500   1.0000          NULL 
172.5000    2    2.000   1.0000        square
174.5000    0    3.000   1.0000          NULL 
177.5000    1    2.000   1.0000          line
179.5000    0    2.500   1.0000          NULL 
182.0000    1    2.000   1.0000          line
184.0000    0    0.500   1.0000          NULL 
184.5000    2    2.000   1.0000        square
186.5000    0    1.000   1.0000          NULL 
187.5000    1    2.000   1.0000          line
189.5000    0    0.500   1.0000          NULL 
190.0000    2    2.000   1.0000        square
192.0000    0    1.000   1.0000          NULL 
193.0000    2    2.000   1.0000        square
195.0000    0    0.500   1.0000          NULL 
195.5000    2    2.000   1.0000        square
197.5000    0    1.500   1.0000          NULL 
199.0000    1    2.000   1.0000          line
201.0000    0    0.500   1.0000          NULL 
201.5000    2    2.000   1.0000        square
203.5000    0    3.500   1.0000          NULL 
207.0000    2    2.000   1.0000        square
209.0000    0    1.000   1.0000          NULL 
210.0000    1    2.000   1.0000          line
212.0000    0    1.000   1.0000          NULL 
213.0000    2    2.000   1.0000        square
215.0000    0    1.000   1.0000          NULL 
216.0000    1    2.000   1.0000          line
218.0000    0    0.500   1.0000          NULL 
218.5000    1    2.000   1.0000          line
220.5000    0    0.500   1.0000          NULL 
221.0000    1    2.000   1.0000          line
223.0000    0    0.500   1.0000          NULL 
223.5000    2    2.000   1.0000        square
225.5000    0    0.500   1.0000          NULL 
226.0000    2    2.000   1.0000        square
228.0000    0    1.000   1.0000          NULL 
229.0000    1    2.000   1.0000          line
231.0000    0    3.000   1.0000          NULL 
234.0000    2    2.000   1.0000        square
236.0000    0    1.500   1.0000          NULL 
237.5000    2    2.000   1.0000        square
239.5000    0    2.000   1.0000          NULL 
241.5000    1    2.000   1.0000          line
243.5000    0    0.500   1.0000          NULL 
244.0000    2    2.000   1.0000        square
246.0000    0    2.500   1.0000          NULL 
248.5000    1    2.000   1.0000          line
250.5000    0    0.500   1.0000          NULL 
251.0000    1    2.000   1.0000          line
253.0000    0    4.000   1.0000          NULL 
257.0000    1    2.000   1.0000          line
259.0000    0    4.000   1.0000          NULL 
263.0000    1    2.000   1.0000          line
265.0000    0    1.500   1.0000          NULL 
266.5000    2    2.000   1.0000        square
268.5000    0    1.500   1.0000          NULL 
270.0000    1    2.000   1.0000          line
272.0000    0    3.500   1.0000          NULL 
275.5000    2    2.000   1.0000        square
277.5000    0    1.000   1.0000          NULL 
278.5000    1    2.000   1.0000          line
280.5000    0    0.500   1.0000          NULL 
281.0000    2    2.000   1.0000        square
283.0000    0    0.500   1.0000          NULL 
283.5000    1    2.000   1.0000          line
285.5000    0    1.000   1.0000          NULL 
286.5000    2    2.000   1.0000        square
288.5000    0    0.500   1.0000          NULL 
289.0000    1    2.000   1.0000          line
291.0000    0    1.000   1.0000          NULL 
292.0000    1    2.000   1.0000          line
294.0000    0    1.500   1.0000          NULL 
295.5000    1    2.000   1.0000          line
297.5000    0    3.500   1.0000          NULL 
301.0000    2    2.000   1.0000        square
303.0000    0    1.000   1.0000          NULL 
304.0000    2    2.000   1.0000        square
306.0000    0    2.500   1.0000          NULL 
308.5000    2    2.000   1.0000        square
310.5000    0    1.000   1.0000          NULL 
311.5000    1    2.000   1.0000          line
313.5000    0    1.000   1.0000          NULL 
314.5000    2    2.000   1.0000        square
316.5000    0    1.000   1.0000          NULL 
317.5000    2    2.000   1.0000        square
319.5000    0    1.500   1.0000          NULL 
321.0000    1    2.000   1.0000          line
323.0000    0    2.000   1.0000          NULL 
325.0000    2    2.000   1.0000        square
327.0000    0    1.000   1.0000          NULL 
328.0000    1    2.000   1.0000          line
330.0000    0    2.500   1.0000          NULL 
332.5000    2    2.000   1.0000        square
334.5000    0    0.500   1.0000          NULL 
335.0000    2    2.000   1.0000        square
337.0000    0    0.500   1.0000          NULL 
337.5000    2    2.000   1.0000        square
339.5000    0    1.500   1.0000          NULL 
341.0000    1    2.000   1.0000          line
343.0000    0    1.000   1.0000          NULL 
344.0000    2    2.000   1.0000        square
346.0000    0    0.500   1.0000          NULL 
346.5000    1    2.000   1.0000          line
348.5000    0    0.500   1.0000          NULL 
349.0000    2    2.000   1.0000        square
351.0000    0    1.000   1.0000          NULL 
352.0000    1    2.000   1.0000          line
354.0000    0    1.000   1.0000          NULL 
355.0000    2    2.000   1.0000        square
357.0000    0    0.500   1.0000          NULL 
357.5000    1    2.000   1.0000          line
359.5000    0    2.000   1.0000          NULL 
361.5000    1    2.000   1.0000          line
363.5000    0    1.500   1.0000          NULL 
365.0000    1    2.000   1.0000          line
367.0000    0    0.500   1.0000          NULL 
367.5000    1    2.000   1.0000          line
369.5000    0    1.000   1.0000          NULL 
370.5000    1    2.000   1.0000          line
372.5000    0    1.000   1.0000          NULL 
373.5000    1    2.000   1.0000          line
375.5000    0    0.500   1.0000          NULL 
376.0000    1    2.000   1.0000          line
378.0000    0    0.500   1.0000          NULL 
378.5000    1    2.000   1.0000          line
380.5000    0    2.000   1.0000          NULL 
382.5000    1    2.000   1.0000          line
384.5000    0    1.500   1.0000          NULL 
386.0000    1    2.000   1.0000          line
388.0000    0    0.500   1.0000          NULL 
388.5000    2    2.000   1.0000        square
390.5000    0    1.000   1.0000          NULL 
391.5000    2    2.000   1.0000        square
393.5000    0    1.500   1.0000          NULL 
395.0000    2    2.000   1.0000        square
397.0000    0    0.500   1.0000          NULL 
397.5000    2    2.000   1.0000        square
399.5000    0    0.500   1.0000          NULL 
