  0.0000    2    2.000   1.0000        square
  2.0000    0    0.500   1.0000          NULL 
  2.5000    1    2.000   1.0000          line
  4.5000    0    4.000   1.0000          NULL 
  8.5000    2    2.000   1.0000        square
 10.5000    0    1.000   1.0000          NULL 
 11.5000    2    2.000   1.0000        square
 13.5000    0    1.000   1.0000          NULL 
 14.5000    1    2.000   1.0000          line
 16.5000    0    1.500   1.0000          NULL 
 18.0000    2    2.000   1.0000        square
 20.0000    0    0.500   1.0000          NULL 
 20.5000    2    2.000   1.0000        square
 22.5000    0    2.000   1.0000          NULL 
 24.5000    2    2.000   1.0000        square
 26.5000    0    1.000   1.0000          NULL 
 27.5000    1    2.000   1.0000          line
 29.5000    0    3.000   1.0000          NULL 
 32.5000    1    2.000   1.0000          line
 34.5000    0    0.500   1.0000          NULL 
 35.0000    1    2.000   1.0000          line
 37.0000    0    1.000   1.0000          NULL 
 38.0000    1    2.000   1.0000          line
 40.0000    0    0.500   1.0000          NULL 
 40.5000    1    2.000   1.0000          line
 42.5000    0    0.500   1.0000          NULL 
 43.0000    2    2.000   1.0000        square
 45.0000    0    1.500   1.0000          NULL 
 46.5000    2    2.000   1.0000        square
 48.5000    0    1.500   1.0000          NULL 
 50.0000    2    2.000   1.0000        square
 52.0000    0    1.000   1.0000          NULL 
 53.0000    2    2.000   1.0000        square
 55.0000    0    0.500   1.0000          NULL 
 55.5000    2    2.000   1.0000        square
 57.5000    0    1.500   1.0000          NULL 
 59.0000    1    2.000   1.0000          line
 61.0000    0    4.000   1.0000          NULL 
 65.0000    2    2.000   1.0000        square
 67.0000    0    1.000   1.0000          NULL 
 68.0000    2    2.000   1.0000        square
 70.0000    0    1.000   1.0000          NULL 
 71.0000    2    2.000   1.0000        square
 73.0000    0    0.500   1.0000          NULL 
 73.5000    2    2.000   1.0000        square
 75.5000    0    0.500   1.0000          NULL 
 76.0000    2    2.000   1.0000        square
 78.0000    0    0.500   1.0000          NULL 
 78.5000    1    2.000   1.0000          line
 80.5000    0    0.500   1.0000          NULL 
 81.0000    2    2.000   1.0000        square
 83.0000    0    1.500   1.0000          NULL 
 84.5000    1    2.000   1.0000          line
 86.5000    0    1.000   1.0000          NULL 
 87.5000    1    2.000   1.0000          line
 89.5000    0    1.000   1.0000          NULL 
 90.5000    1    2.000   1.0000          line
 92.5000    0    2.000   1.0000          NULL 
 94.5000    2    2.000   1.0000        square
 96.5000    0    0.500   1.0000          NULL 
 97.0000    1    2.000   1.0000          line
 99.0000    0    0.500   1.0000          NULL 
 99.5000    2    2.000   1.0000        square
101.5000    0    1.500   1.0000          NULL 
103.0000    2    2.000   1.0000        square
105.0000    0    1.500   1.0000          NULL 
106.5000    2    2.000   1.0000        square
108.5000    0    2.000   1.0000          NULL 
110.5000    2    2.000   1.0000        square
112.5000    0    0.500   1.0000          NULL 
113.0000    2    2.000   1.0000        square
115.0000    0    0.500   1.0000          NULL 
115.5000    1    2.000   1.0000          line
117.5000    0    2.500   1.0000          NULL 
120.0000    2    2.000   1.0000        square
122.0000    0    3.500   1.0000          NULL 
125.5000    2    2.000   1.0000        square
127.5000    0    2.000   1.0000          NULL 
129.5000    1    2.000   1.0000          line
131.5000    0    0.500   1.0000          NULL 
132.0000    2    2.000   1.0000        square
134.0000    0    0.500   1.0000          NULL 
134.5000    2    2.000   1.0000        square
136.5000    0    1.000   1.0000          NULL 
137.5000    2    2.000   1.0000        square
139.5000    0    0.500   1.0000          NULL 
140.0000    2    2.000   1.0000        square
142.0000    0    1.500   1.0000          NULL 
143.5000    1    2.000   1.0000          line
145.5000    0    0.500   1.0000          NULL 
146.0000    1    2.000   1.0000          line
148.0000    0    3.000   1.0000          NULL 
151.0000    2    2.000   1.0000        square
153.0000    0    1.500   1.0000          NULL 
154.5000    2    2.000   1.0000        square
156.5000    0    2.000   1.0000          NULL 
158.5000    1    2.000   1.0000          line
160.5000    0    1.000   1.0000          NULL 
161.5000    2    2.000   1.0000        square
163.5000    0    1.000   1.0000          NULL 
164.5000    1    2.000   1.0000          line
166.5000    0    1.500   1.0000          NULL 
168.0000    1    2.000   1.0000          line
170.0000    0    3.500   1.0000          NULL 
173.5000    1    2.000   1.0000          line
175.5000    0    0.500   1.0000          NULL 
176.0000    2    2.000   1.0000        square
178.0000    0    0.500   1.0000          NULL 
178.5000    1    2.000   1.0000          line
180.5000    0    2.500   1.0000          NULL 
183.0000    1    2.000   1.0000          line
185.0000    0    1.500   1.0000          NULL 
186.5000    1    2.000   1.0000          line
188.5000    0    0.500   1.0000          NULL 
189.0000    1    2.000   1.0000          line
191.0000    0    0.500   1.0000          NULL 
191.5000    2    2.000   1.0000        square
193.5000    0    0.500   1.0000          NULL 
194.0000    2    2.000   1.0000        square
196.0000    0    1.500   1.0000          NULL 
197.5000    2    2.000   1.0000        square
199.5000    0    3.500   1.0000          NULL 
203.0000    2    2.000   1.0000        square
205.0000    0    1.500   1.0000          NULL 
206.5000    2    2.000   1.0000        square
208.5000    0    3.500   1.0000          NULL 
212.0000    2    2.000   1.0000        square
214.0000    0    1.000   1.0000          NULL 
215.0000    1    2.000   1.0000          line
217.0000    0    0.500   1.0000          NULL 
217.5000    1    2.000   1.0000          line
219.5000    0    0.500   1.0000          NULL 
220.0000    1    2.000   1.0000          line
222.0000    0    0.500   1.0000          NULL 
222.5000    1    2.000   1.0000          line
224.5000    0    1.000   1.0000          NULL 
225.5000    2    2.000   1.0000        square
227.5000    0    4.000   1.0000          NULL 
231.5000    2    2.000   1.0000        square
233.5000    0    0.500   1.0000          NULL 
234.0000    1    2.000   1.0000          line
236.0000    0    1.000   1.0000          NULL 
237.0000    2    2.000   1.0000        square
239.0000    0    1.000   1.0000          NULL 
240.0000    2    2.000   1.0000        square
242.0000    0    1.000   1.0000          NULL 
243.0000    1    2.000   1.0000          line
245.0000    0    1.500   1.0000          NULL 
246.5000    1    2.000   1.0000          line
248.5000    0    0.500   1.0000          NULL 
249.0000    1    2.000   1.0000          line
251.0000    0    1.500   1.0000          NULL 
252.5000    2    2.000   1.0000        square
254.5000    0    0.500   1.0000          NULL 
255.0000    2    2.000   1.0000        square
257.0000    0    0.500   1.0000          NULL 
257.5000    1    2.000   1.0000          line
259.5000    0    0.500   1.0000          NULL 
260.0000    2    2.000   1.0000        square
262.0000    0    0.500   1.0000          NULL 
262.5000    2    2.000   1.0000        square
264.5000    0    1.500   1.0000          NULL 
266.0000    2    2.000   1.0000        square
268.0000    0    0.500   1.0000          NULL 
268.5000    1    2.000   1.0000          line
270.5000    0    4.000   1.0000          NULL 
274.5000    1    2.000   1.0000          line
276.5000    0    0.500   1.0000          NULL 
277.0000    1    2.000   1.0000          line
279.0000    0    1.000   1.0000          NULL 
280.0000    1    2.000   1.0000          line
282.0000    0    0.500   1.0000          NULL 
282.5000    1    2.000   1.0000          line
284.5000    0    1.500   1.0000          NULL 
286.0000    1    2.000   1.0000          line
288.0000    0    1.000   1.0000          NULL 
289.0000    1    2.000   1.0000          line
291.0000    0    1.500   1.0000          NULL 
292.5000    1    2.000   1.0000          line
294.5000    0    4.000   1.0000          NULL 
298.5000    2    2.000   1.0000        square
300.5000    0    0.500   1.0000          NULL 
301.0000    1    2.000   1.0000          line
303.0000    0    2.000   1.0000          NULL 
305.0000    1    2.000   1.0000          line
307.0000    0    0.500   1.0000          NULL 
307.5000    2    2.000   1.0000        square
309.5000    0    3.000   1.0000          NULL 
312.5000    1    2.000   1.0000          line
314.5000    0    0.500   1.0000          NULL 
315.0000    2    2.000   1.0000        square
317.0000    0    2.000   1.0000          NULL 
319.0000    2    2.000   1.0000        square
321.0000    0    1.000   1.0000          NULL 
322.0000    1    2.000   1.0000          line
324.0000    0    0.500   1.0000          NULL 
324.5000    2    2.000   1.0000        square
326.5000    0    4.000   1.0000          NULL 
330.5000    2    2.000   1.0000        square
332.5000    0    2.000   1.0000          NULL 
334.5000    2    2.000   1.0000        square
336.5000    0    3.000   1.0000          NULL 
339.5000    1    2.000   1.0000          line
341.5000    0    2.000   1.0000          NULL 
343.5000    2    2.000   1.0000        square
345.5000    0    1.000   1.0000          NULL 
346.5000    1    2.000   1.0000          line
348.5000    0    0.500   1.0000          NULL 
349.0000    1    2.000   1.0000          line
351.0000    0    2.000   1.0000          NULL 
353.0000    1    2.000   1.0000          line
355.0000    0    1.000   1.0000          NULL 
356.0000    2    2.000   1.0000        square
358.0000    0    2.500   1.0000          NULL 
360.5000    1    2.000   1.0000          line
362.5000    0    0.500   1.0000          NULL 
363.0000    2    2.000   1.0000        square
365.0000    0    2.500   1.0000          NULL 
367.5000    1    2.000   1.0000          line
369.5000    0    1.500   1.0000          NULL 
371.0000    1    2.000   1.0000          line
373.0000    0    0.500   1.0000          NULL 
373.5000    1    2.000   1.0000          line
375.5000    0    0.500   1.0000          NULL 
376.0000    1    2.000   1.0000          line
378.0000    0    1.500   1.0000          NULL 
379.5000    1    2.000   1.0000          line
381.5000    0    1.000   1.0000          NULL 
382.5000    2    2.000   1.0000        square
384.5000    0    0.500   1.0000          NULL 
385.0000    1    2.000   1.0000          line
387.0000    0    0.500   1.0000          NULL 
387.5000    1    2.000   1.0000          line
389.5000    0    1.000   1.0000          NULL 
390.5000    1    2.000   1.0000          line
392.5000    0    2.000   1.0000          NULL 
394.5000    1    2.000   1.0000          line
396.5000    0    0.500   1.0000          NULL 
397.0000    2    2.000   1.0000        square
399.0000    0    1.000   1.0000          NULL 
