  0.0000    2    2.000   1.0000        square
  2.0000    0    1.100   1.0000          NULL 
  3.1000    1    2.000   1.0000          line
  5.1000    0    1.100   1.0000          NULL 
  6.2000    1    2.000   1.0000          line
  8.2000    0    1.600   1.0000          NULL 
  9.8000    2    2.000   1.0000        square
 11.8000    0    1.200   1.0000          NULL 
 13.0000    2    2.000   1.0000        square
 15.0000    0    1.500   1.0000          NULL 
 16.5000    2    2.000   1.0000        square
 18.5000    0    1.100   1.0000          NULL 
 19.6000    2    2.000   1.0000        square
 21.6000    0    1.000   1.0000          NULL 
 22.6000    2    2.000   1.0000        square
 24.6000    0    1.300   1.0000          NULL 
 25.9000    1    2.000   1.0000          line
 27.9000    0    1.000   1.0000          NULL 
 28.9000    2    2.000   1.0000        square
 30.9000    0    1.500   1.0000          NULL 
 32.4000    1    2.000   1.0000          line
 34.4000    0    1.500   1.0000          NULL 
 35.9000    2    2.000   1.0000        square
 37.9000    0    1.000   1.0000          NULL 
 38.9000    2    2.000   1.0000        square
 40.9000    0    1.000   1.0000          NULL 
 41.9000    1    2.000   1.0000          line
 43.9000    0    1.300   1.0000          NULL 
 45.2000    1    2.000   1.0000          line
 47.2000    0    1.000   1.0000          NULL 
 48.2000    1    2.000   1.0000          line
 50.2000    0    1.500   1.0000          NULL 
 51.7000    1    2.000   1.0000          line
 53.7000    0    1.200   1.0000          NULL 
 54.9000    1    2.000   1.0000          line
 56.9000    0    1.300   1.0000          NULL 
 58.2000    2    2.000   1.0000        square
 60.2000    0    1.000   1.0000          NULL 
 61.2000    2    2.000   1.0000        square
 63.2000    0    1.000   1.0000          NULL 
 64.2000    2    2.000   1.0000        square
 66.2000    0    1.800   1.0000          NULL 
 68.0000    1    2.000   1.0000          line
 70.0000    0    1.200   1.0000          NULL 
 71.2000    1    2.000   1.0000          line
 73.2000    0    1.900   1.0000          NULL 
 75.0999    1    2.000   1.0000          line
 77.0999    0    1.000   1.0000          NULL 
 78.0999    1    2.000   1.0000          line
 80.0999    0    1.700   1.0000          NULL 
 81.7999    1    2.000   1.0000          line
 83.7999    0    1.000   1.0000          NULL 
 84.7999    2    2.000   1.0000        square
 86.7999    0    1.000   1.0000          NULL 
 87.7999    1    2.000   1.0000          line
 89.7999    0    1.900   1.0000          NULL 
 91.6999    2    2.000   1.0000        square
 93.6999    0    1.500   1.0000          NULL 
 95.1999    1    2.000   1.0000          line
 97.1999    0    1.000   1.0000          NULL 
 98.1999    1    2.000   1.0000          line
100.1999    0    1.400   1.0000          NULL 
101.5999    2    2.000   1.0000        square
103.5999    0    1.000   1.0000          NULL 
104.5999    1    2.000   1.0000          line
106.5999    0    1.200   1.0000          NULL 
107.7999    2    2.000   1.0000        square
109.7999    0    1.400   1.0000          NULL 
111.1999    2    2.000   1.0000        square
113.1999    0    1.200   1.0000          NULL 
114.3999    2    2.000   1.0000        square
116.3999    0    1.300   1.0000          NULL 
117.6999    1    2.000   1.0000          line
119.6999    0    1.000   1.0000          NULL 
120.6999    2    2.000   1.0000        square
122.6999    0    1.200   1.0000          NULL 
123.8999    1    2.000   1.0000          line
125.8999    0    1.000   1.0000          NULL 
126.8999    2    2.000   1.0000        square
128.8999    0    1.100   1.0000          NULL 
