  0.0000    2    2.000   1.0000        square
  2.0000    0    1.000   1.0000          NULL 
  3.0000    2    2.000   1.0000        square
  5.0000    0    1.500   1.0000          NULL 
  6.5000    1    2.000   1.0000          line
  8.5000    0    0.500   1.0000          NULL 
  9.0000    1    2.000   1.0000          line
 11.0000    0    1.000   1.0000          NULL 
 12.0000    2    2.000   1.0000        square
 14.0000    0    0.500   1.0000          NULL 
 14.5000    1    2.000   1.0000          line
 16.5000    0    3.000   1.0000          NULL 
 19.5000    1    2.000   1.0000          line
 21.5000    0    1.000   1.0000          NULL 
 22.5000    2    2.000   1.0000        square
 24.5000    0    0.500   1.0000          NULL 
 25.0000    1    2.000   1.0000          line
 27.0000    0    0.500   1.0000          NULL 
 27.5000    1    2.000   1.0000          line
 29.5000    0    3.500   1.0000          NULL 
 33.0000    1    2.000   1.0000          line
 35.0000    0    1.000   1.0000          NULL 
 36.0000    1    2.000   1.0000          line
 38.0000    0    1.000   1.0000          NULL 
 39.0000    1    2.000   1.0000          line
 41.0000    0    1.000   1.0000          NULL 
 42.0000    1    2.000   1.0000          line
 44.0000    0    0.500   1.0000          NULL 
 44.5000    2    2.000   1.0000        square
 46.5000    0    0.500   1.0000          NULL 
 47.0000    2    2.000   1.0000        square
 49.0000    0    2.000   1.0000          NULL 
 51.0000    1    2.000   1.0000          line
 53.0000    0    2.000   1.0000          NULL 
 55.0000    2    2.000   1.0000        square
 57.0000    0    0.500   1.0000          NULL 
 57.5000    2    2.000   1.0000        square
 59.5000    0    4.000   1.0000          NULL 
 63.5000    1    2.000   1.0000          line
 65.5000    0    2.500   1.0000          NULL 
 68.0000    2    2.000   1.0000        square
 70.0000    0    0.500   1.0000          NULL 
 70.5000    2    2.000   1.0000        square
 72.5000    0    0.500   1.0000          NULL 
 73.0000    1    2.000   1.0000          line
 75.0000    0    0.500   1.0000          NULL 
 75.5000    1    2.000   1.0000          line
 77.5000    0    0.500   1.0000          NULL 
 78.0000    1    2.000   1.0000          line
 80.0000    0    2.500   1.0000          NULL 
 82.5000    1    2.000   1.0000          line
 84.5000    0    1.000   1.0000          NULL 
 85.5000    1    2.000   1.0000          line
 87.5000    0    1.000   1.0000          NULL 
 88.5000    1    2.000   1.0000          line
 90.5000    0    2.000   1.0000          NULL 
 92.5000    1    2.000   1.0000          line
 94.5000    0    0.500   1.0000          NULL 
 95.0000    2    2.000   1.0000        square
 97.0000    0    1.000   1.0000          NULL 
 98.0000    1    2.000   1.0000          line
100.0000    0    0.500   1.0000          NULL 
100.5000    2    2.000   1.0000        square
102.5000    0    1.500   1.0000          NULL 
104.0000    1    2.000   1.0000          line
106.0000    0    2.000   1.0000          NULL 
108.0000    1    2.000   1.0000          line
110.0000    0    1.500   1.0000          NULL 
111.5000    1    2.000   1.0000          line
113.5000    0    0.500   1.0000          NULL 
114.0000    2    2.000   1.0000        square
116.0000    0    0.500   1.0000          NULL 
116.5000    1    2.000   1.0000          line
118.5000    0    1.500   1.0000          NULL 
120.0000    2    2.000   1.0000        square
122.0000    0    2.000   1.0000          NULL 
124.0000    1    2.000   1.0000          line
126.0000    0    0.500   1.0000          NULL 
126.5000    2    2.000   1.0000        square
128.5000    0    1.000   1.0000          NULL 
129.5000    2    2.000   1.0000        square
131.5000    0    2.000   1.0000          NULL 
133.5000    1    2.000   1.0000          line
135.5000    0    0.500   1.0000          NULL 
136.0000    1    2.000   1.0000          line
138.0000    0    1.000   1.0000          NULL 
139.0000    2    2.000   1.0000        square
141.0000    0    4.000   1.0000          NULL 
145.0000    2    2.000   1.0000        square
147.0000    0    2.500   1.0000          NULL 
149.5000    2    2.000   1.0000        square
151.5000    0    2.000   1.0000          NULL 
153.5000    2    2.000   1.0000        square
155.5000    0    1.000   1.0000          NULL 
156.5000    2    2.000   1.0000        square
158.5000    0    0.500   1.0000          NULL 
159.0000    2    2.000   1.0000        square
161.0000    0    0.500   1.0000          NULL 
161.5000    1    2.000   1.0000          line
163.5000    0    1.000   1.0000          NULL 
164.5000    2    2.000   1.0000        square
166.5000    0    1.000   1.0000          NULL 
167.5000    2    2.000   1.0000        square
169.5000    0    1.000   1.0000          NULL 
170.5000    2    2.000   1.0000        square
172.5000    0    1.500   1.0000          NULL 
174.0000    2    2.000   1.0000        square
176.0000    0    1.500   1.0000          NULL 
177.5000    2    2.000   1.0000        square
179.5000    0    0.500   1.0000          NULL 
180.0000    2    2.000   1.0000        square
182.0000    0    1.000   1.0000          NULL 
183.0000    1    2.000   1.0000          line
185.0000    0    0.500   1.0000          NULL 
185.5000    2    2.000   1.0000        square
187.5000    0    1.500   1.0000          NULL 
189.0000    2    2.000   1.0000        square
191.0000    0    1.500   1.0000          NULL 
192.5000    1    2.000   1.0000          line
194.5000    0    2.000   1.0000          NULL 
196.5000    2    2.000   1.0000        square
198.5000    0    1.500   1.0000          NULL 
200.0000    2    2.000   1.0000        square
202.0000    0    0.500   1.0000          NULL 
202.5000    2    2.000   1.0000        square
204.5000    0    3.500   1.0000          NULL 
208.0000    1    2.000   1.0000          line
210.0000    0    3.000   1.0000          NULL 
213.0000    1    2.000   1.0000          line
215.0000    0    3.000   1.0000          NULL 
218.0000    2    2.000   1.0000        square
220.0000    0    1.000   1.0000          NULL 
221.0000    1    2.000   1.0000          line
223.0000    0    1.000   1.0000          NULL 
224.0000    2    2.000   1.0000        square
226.0000    0    1.000   1.0000          NULL 
227.0000    1    2.000   1.0000          line
229.0000    0    1.000   1.0000          NULL 
230.0000    1    2.000   1.0000          line
232.0000    0    0.500   1.0000          NULL 
232.5000    1    2.000   1.0000          line
234.5000    0    2.500   1.0000          NULL 
237.0000    1    2.000   1.0000          line
239.0000    0    3.000   1.0000          NULL 
242.0000    1    2.000   1.0000          line
244.0000    0    0.500   1.0000          NULL 
244.5000    2    2.000   1.0000        square
246.5000    0    1.000   1.0000          NULL 
247.5000    1    2.000   1.0000          line
249.5000    0    2.500   1.0000          NULL 
252.0000    2    2.000   1.0000        square
254.0000    0    2.000   1.0000          NULL 
256.0000    2    2.000   1.0000        square
258.0000    0    1.000   1.0000          NULL 
259.0000    2    2.000   1.0000        square
261.0000    0    0.500   1.0000          NULL 
261.5000    2    2.000   1.0000        square
263.5000    0    1.000   1.0000          NULL 
264.5000    1    2.000   1.0000          line
266.5000    0    0.500   1.0000          NULL 
267.0000    2    2.000   1.0000        square
269.0000    0    0.500   1.0000          NULL 
269.5000    1    2.000   1.0000          line
271.5000    0    1.500   1.0000          NULL 
273.0000    2    2.000   1.0000        square
275.0000    0    2.500   1.0000          NULL 
277.5000    2    2.000   1.0000        square
279.5000    0    1.000   1.0000          NULL 
280.5000    1    2.000   1.0000          line
282.5000    0    0.500   1.0000          NULL 
283.0000    2    2.000   1.0000        square
285.0000    0    1.000   1.0000          NULL 
286.0000    1    2.000   1.0000          line
288.0000    0    0.500   1.0000          NULL 
288.5000    1    2.000   1.0000          line
290.5000    0    4.000   1.0000          NULL 
294.5000    1    2.000   1.0000          line
296.5000    0    0.500   1.0000          NULL 
297.0000    1    2.000   1.0000          line
299.0000    0    2.000   1.0000          NULL 
301.0000    1    2.000   1.0000          line
303.0000    0    0.500   1.0000          NULL 
303.5000    2    2.000   1.0000        square
305.5000    0    0.500   1.0000          NULL 
306.0000    2    2.000   1.0000        square
308.0000    0    1.500   1.0000          NULL 
309.5000    1    2.000   1.0000          line
311.5000    0    1.000   1.0000          NULL 
312.5000    1    2.000   1.0000          line
314.5000    0    2.000   1.0000          NULL 
316.5000    1    2.000   1.0000          line
318.5000    0    0.500   1.0000          NULL 
319.0000    2    2.000   1.0000        square
321.0000    0    1.500   1.0000          NULL 
322.5000    1    2.000   1.0000          line
324.5000    0    0.500   1.0000          NULL 
325.0000    2    2.000   1.0000        square
327.0000    0    0.500   1.0000          NULL 
327.5000    2    2.000   1.0000        square
329.5000    0    2.500   1.0000          NULL 
332.0000    2    2.000   1.0000        square
334.0000    0    3.000   1.0000          NULL 
337.0000    2    2.000   1.0000        square
339.0000    0    1.000   1.0000          NULL 
340.0000    2    2.000   1.0000        square
342.0000    0    1.000   1.0000          NULL 
343.0000    1    2.000   1.0000          line
345.0000    0    2.500   1.0000          NULL 
347.5000    1    2.000   1.0000          line
349.5000    0    0.500   1.0000          NULL 
350.0000    1    2.000   1.0000          line
352.0000    0    1.500   1.0000          NULL 
353.5000    2    2.000   1.0000        square
355.5000    0    1.000   1.0000          NULL 
356.5000    2    2.000   1.0000        square
358.5000    0    3.500   1.0000          NULL 
362.0000    2    2.000   1.0000        square
364.0000    0    0.500   1.0000          NULL 
364.5000    2    2.000   1.0000        square
366.5000    0    1.000   1.0000          NULL 
367.5000    1    2.000   1.0000          line
369.5000    0    0.500   1.0000          NULL 
370.0000    2    2.000   1.0000        square
372.0000    0    1.000   1.0000          NULL 
373.0000    1    2.000   1.0000          line
375.0000    0    0.500   1.0000          NULL 
375.5000    2    2.000   1.0000        square
377.5000    0    2.000   1.0000          NULL 
379.5000    1    2.000   1.0000          line
381.5000    0    1.000   1.0000          NULL 
382.5000    2    2.000   1.0000        square
384.5000    0    0.500   1.0000          NULL 
385.0000    1    2.000   1.0000          line
387.0000    0    0.500   1.0000          NULL 
387.5000    2    2.000   1.0000        square
389.5000    0    0.500   1.0000          NULL 
390.0000    1    2.000   1.0000          line
392.0000    0    3.500   1.0000          NULL 
395.5000    1    2.000   1.0000          line
397.5000    0    2.500   1.0000          NULL 
