  0.0000    1    2.000   1.0000          line
  2.0000    0    1.000   1.0000          NULL 
  3.0000    2    2.000   1.0000        square
  5.0000    0    1.100   1.0000          NULL 
  6.1000    1    2.000   1.0000          line
  8.1000    0    1.500   1.0000          NULL 
  9.6000    1    2.000   1.0000          line
 11.6000    0    1.100   1.0000          NULL 
 12.7000    2    2.000   1.0000        square
 14.7000    0    2.000   1.0000          NULL 
 16.7000    2    2.000   1.0000        square
 18.7000    0    1.300   1.0000          NULL 
 20.0000    1    2.000   1.0000          line
 22.0000    0    1.200   1.0000          NULL 
 23.2000    1    2.000   1.0000          line
 25.2000    0    1.100   1.0000          NULL 
 26.3000    1    2.000   1.0000          line
 28.3000    0    1.100   1.0000          NULL 
 29.4000    1    2.000   1.0000          line
 31.4000    0    1.600   1.0000          NULL 
 33.0000    1    2.000   1.0000          line
 35.0000    0    1.000   1.0000          NULL 
 36.0000    2    2.000   1.0000        square
 38.0000    0    1.000   1.0000          NULL 
 39.0000    1    2.000   1.0000          line
 41.0000    0    1.000   1.0000          NULL 
 42.0000    2    2.000   1.0000        square
 44.0000    0    1.500   1.0000          NULL 
 45.5000    1    2.000   1.0000          line
 47.5000    0    1.000   1.0000          NULL 
 48.5000    2    2.000   1.0000        square
 50.5000    0    1.000   1.0000          NULL 
 51.5000    2    2.000   1.0000        square
 53.5000    0    1.300   1.0000          NULL 
 54.8000    1    2.000   1.0000          line
 56.8000    0    1.100   1.0000          NULL 
 57.9000    1    2.000   1.0000          line
 59.9000    0    1.800   1.0000          NULL 
 61.7000    2    2.000   1.0000        square
 63.7000    0    1.000   1.0000          NULL 
 64.7000    1    2.000   1.0000          line
 66.7000    0    1.200   1.0000          NULL 
 67.9000    2    2.000   1.0000        square
 69.9000    0    1.600   1.0000          NULL 
 71.5000    2    2.000   1.0000        square
 73.5000    0    1.100   1.0000          NULL 
 74.6000    2    2.000   1.0000        square
 76.6000    0    1.200   1.0000          NULL 
 77.8000    2    2.000   1.0000        square
 79.8000    0    1.300   1.0000          NULL 
 81.1000    2    2.000   1.0000        square
 83.1000    0    1.300   1.0000          NULL 
 84.3999    2    2.000   1.0000        square
 86.3999    0    1.700   1.0000          NULL 
 88.0999    2    2.000   1.0000        square
 90.0999    0    1.000   1.0000          NULL 
 91.0999    2    2.000   1.0000        square
 93.0999    0    1.100   1.0000          NULL 
 94.1999    1    2.000   1.0000          line
 96.1999    0    1.600   1.0000          NULL 
 97.7999    1    2.000   1.0000          line
 99.7999    0    1.000   1.0000          NULL 
100.7999    1    2.000   1.0000          line
102.7999    0    1.600   1.0000          NULL 
104.3999    1    2.000   1.0000          line
106.3999    0    1.100   1.0000          NULL 
107.4999    2    2.000   1.0000        square
109.4999    0    1.400   1.0000          NULL 
110.8999    2    2.000   1.0000        square
112.8999    0    1.000   1.0000          NULL 
113.8999    1    2.000   1.0000          line
115.8999    0    1.500   1.0000          NULL 
117.3999    2    2.000   1.0000        square
119.3999    0    1.000   1.0000          NULL 
120.3999    1    2.000   1.0000          line
122.3999    0    1.300   1.0000          NULL 
123.6999    2    2.000   1.0000        square
125.6999    0    1.100   1.0000          NULL 
126.7999    1    2.000   1.0000          line
128.7999    0    1.200   1.0000          NULL 
