  0.0000    1    2.000   1.0000          line
  2.0000    0    1.500   1.0000          NULL 
  3.5000    2    2.000   1.0000        square
  5.5000    0    0.500   1.0000          NULL 
  6.0000    1    2.000   1.0000          line
  8.0000    0    1.000   1.0000          NULL 
  9.0000    1    2.000   1.0000          line
 11.0000    0    1.000   1.0000          NULL 
 12.0000    2    2.000   1.0000        square
 14.0000    0    3.000   1.0000          NULL 
 17.0000    2    2.000   1.0000        square
 19.0000    0    1.000   1.0000          NULL 
 20.0000    1    2.000   1.0000          line
 22.0000    0    0.500   1.0000          NULL 
 22.5000    1    2.000   1.0000          line
 24.5000    0    1.000   1.0000          NULL 
 25.5000    1    2.000   1.0000          line
 27.5000    0    1.000   1.0000          NULL 
 28.5000    1    2.000   1.0000          line
 30.5000    0    0.500   1.0000          NULL 
 31.0000    2    2.000   1.0000        square
 33.0000    0    0.500   1.0000          NULL 
 33.5000    1    2.000   1.0000          line
 35.5000    0    2.500   1.0000          NULL 
 38.0000    2    2.000   1.0000        square
 40.0000    0    2.000   1.0000          NULL 
 42.0000    2    2.000   1.0000        square
 44.0000    0    0.500   1.0000          NULL 
 44.5000    1    2.000   1.0000          line
 46.5000    0    1.500   1.0000          NULL 
 48.0000    1    2.000   1.0000          line
 50.0000    0    0.500   1.0000          NULL 
 50.5000    1    2.000   1.0000          line
 52.5000    0    0.500   1.0000          NULL 
 53.0000    1    2.000   1.0000          line
 55.0000    0    3.500   1.0000          NULL 
 58.5000    1    2.000   1.0000          line
 60.5000    0    0.500   1.0000          NULL 
 61.0000    2    2.000   1.0000        square
 63.0000    0    0.500   1.0000          NULL 
 63.5000    2    2.000   1.0000        square
 65.5000    0    0.500   1.0000          NULL 
 66.0000    1    2.000   1.0000          line
 68.0000    0    0.500   1.0000          NULL 
 68.5000    1    2.000   1.0000          line
 70.5000    0    1.000   1.0000          NULL 
 71.5000    2    2.000   1.0000        square
 73.5000    0    1.500   1.0000          NULL 
 75.0000    2    2.000   1.0000        square
 77.0000    0    2.500   1.0000          NULL 
 79.5000    2    2.000   1.0000        square
 81.5000    0    1.500   1.0000          NULL 
 83.0000    1    2.000   1.0000          line
 85.0000    0    1.500   1.0000          NULL 
 86.5000    2    2.000   1.0000        square
 88.5000    0    0.500   1.0000          NULL 
 89.0000    2    2.000   1.0000        square
 91.0000    0    1.500   1.0000          NULL 
 92.5000    2    2.000   1.0000        square
 94.5000    0    0.500   1.0000          NULL 
 95.0000    1    2.000   1.0000          line
 97.0000    0    1.000   1.0000          NULL 
 98.0000    1    2.000   1.0000          line
100.0000    0    0.500   1.0000          NULL 
100.5000    2    2.000   1.0000        square
102.5000    0    1.000   1.0000          NULL 
103.5000    1    2.000   1.0000          line
105.5000    0    0.500   1.0000          NULL 
106.0000    2    2.000   1.0000        square
108.0000    0    0.500   1.0000          NULL 
108.5000    2    2.000   1.0000        square
110.5000    0    2.500   1.0000          NULL 
113.0000    1    2.000   1.0000          line
115.0000    0    0.500   1.0000          NULL 
115.5000    1    2.000   1.0000          line
117.5000    0    0.500   1.0000          NULL 
118.0000    1    2.000   1.0000          line
120.0000    0    2.500   1.0000          NULL 
122.5000    1    2.000   1.0000          line
124.5000    0    1.000   1.0000          NULL 
125.5000    1    2.000   1.0000          line
127.5000    0    0.500   1.0000          NULL 
128.0000    1    2.000   1.0000          line
130.0000    0    2.000   1.0000          NULL 
132.0000    2    2.000   1.0000        square
134.0000    0    0.500   1.0000          NULL 
134.5000    1    2.000   1.0000          line
136.5000    0    0.500   1.0000          NULL 
137.0000    2    2.000   1.0000        square
139.0000    0    4.000   1.0000          NULL 
143.0000    2    2.000   1.0000        square
145.0000    0    2.000   1.0000          NULL 
147.0000    2    2.000   1.0000        square
149.0000    0    1.000   1.0000          NULL 
150.0000    1    2.000   1.0000          line
152.0000    0    3.000   1.0000          NULL 
155.0000    2    2.000   1.0000        square
157.0000    0    0.500   1.0000          NULL 
157.5000    1    2.000   1.0000          line
159.5000    0    1.000   1.0000          NULL 
160.5000    1    2.000   1.0000          line
162.5000    0    2.500   1.0000          NULL 
165.0000    2    2.000   1.0000        square
167.0000    0    2.000   1.0000          NULL 
169.0000    2    2.000   1.0000        square
171.0000    0    1.500   1.0000          NULL 
172.5000    2    2.000   1.0000        square
174.5000    0    0.500   1.0000          NULL 
175.0000    1    2.000   1.0000          line
177.0000    0    1.000   1.0000          NULL 
178.0000    2    2.000   1.0000        square
180.0000    0    0.500   1.0000          NULL 
180.5000    2    2.000   1.0000        square
182.5000    0    1.000   1.0000          NULL 
183.5000    1    2.000   1.0000          line
185.5000    0    1.500   1.0000          NULL 
187.0000    2    2.000   1.0000        square
189.0000    0    1.000   1.0000          NULL 
190.0000    2    2.000   1.0000        square
192.0000    0    0.500   1.0000          NULL 
192.5000    1    2.000   1.0000          line
194.5000    0    4.000   1.0000          NULL 
198.5000    2    2.000   1.0000        square
200.5000    0    1.000   1.0000          NULL 
201.5000    2    2.000   1.0000        square
203.5000    0    1.000   1.0000          NULL 
204.5000    1    2.000   1.0000          line
206.5000    0    1.000   1.0000          NULL 
207.5000    1    2.000   1.0000          line
209.5000    0    0.500   1.0000          NULL 
210.0000    2    2.000   1.0000        square
212.0000    0    1.500   1.0000          NULL 
213.5000    2    2.000   1.0000        square
215.5000    0    1.000   1.0000          NULL 
216.5000    2    2.000   1.0000        square
218.5000    0    0.500   1.0000          NULL 
219.0000    2    2.000   1.0000        square
221.0000    0    0.500   1.0000          NULL 
221.5000    1    2.000   1.0000          line
223.5000    0    0.500   1.0000          NULL 
224.0000    1    2.000   1.0000          line
226.0000    0    0.500   1.0000          NULL 
226.5000    2    2.000   1.0000        square
228.5000    0    2.000   1.0000          NULL 
230.5000    1    2.000   1.0000          line
232.5000    0    1.500   1.0000          NULL 
234.0000    1    2.000   1.0000          line
236.0000    0    0.500   1.0000          NULL 
236.5000    1    2.000   1.0000          line
238.5000    0    0.500   1.0000          NULL 
239.0000    1    2.000   1.0000          line
241.0000    0    0.500   1.0000          NULL 
241.5000    2    2.000   1.0000        square
243.5000    0    0.500   1.0000          NULL 
244.0000    1    2.000   1.0000          line
246.0000    0    1.000   1.0000          NULL 
247.0000    1    2.000   1.0000          line
249.0000    0    4.000   1.0000          NULL 
253.0000    1    2.000   1.0000          line
255.0000    0    1.500   1.0000          NULL 
256.5000    1    2.000   1.0000          line
258.5000    0    3.000   1.0000          NULL 
261.5000    2    2.000   1.0000        square
263.5000    0    0.500   1.0000          NULL 
264.0000    2    2.000   1.0000        square
266.0000    0    2.500   1.0000          NULL 
268.5000    1    2.000   1.0000          line
270.5000    0    1.000   1.0000          NULL 
271.5000    1    2.000   1.0000          line
273.5000    0    1.500   1.0000          NULL 
275.0000    2    2.000   1.0000        square
277.0000    0    1.000   1.0000          NULL 
278.0000    2    2.000   1.0000        square
280.0000    0    3.500   1.0000          NULL 
283.5000    2    2.000   1.0000        square
285.5000    0    2.500   1.0000          NULL 
288.0000    2    2.000   1.0000        square
290.0000    0    3.500   1.0000          NULL 
293.5000    2    2.000   1.0000        square
295.5000    0    0.500   1.0000          NULL 
296.0000    2    2.000   1.0000        square
298.0000    0    1.500   1.0000          NULL 
299.5000    2    2.000   1.0000        square
301.5000    0    0.500   1.0000          NULL 
302.0000    2    2.000   1.0000        square
304.0000    0    1.500   1.0000          NULL 
305.5000    1    2.000   1.0000          line
307.5000    0    3.500   1.0000          NULL 
311.0000    2    2.000   1.0000        square
313.0000    0    1.000   1.0000          NULL 
314.0000    2    2.000   1.0000        square
316.0000    0    1.000   1.0000          NULL 
317.0000    1    2.000   1.0000          line
319.0000    0    1.000   1.0000          NULL 
320.0000    1    2.000   1.0000          line
322.0000    0    1.000   1.0000          NULL 
323.0000    2    2.000   1.0000        square
325.0000    0    3.500   1.0000          NULL 
328.5000    2    2.000   1.0000        square
330.5000    0    0.500   1.0000          NULL 
331.0000    2    2.000   1.0000        square
333.0000    0    3.000   1.0000          NULL 
336.0000    2    2.000   1.0000        square
338.0000    0    2.500   1.0000          NULL 
340.5000    1    2.000   1.0000          line
342.5000    0    0.500   1.0000          NULL 
343.0000    2    2.000   1.0000        square
345.0000    0    2.000   1.0000          NULL 
347.0000    2    2.000   1.0000        square
349.0000    0    0.500   1.0000          NULL 
349.5000    2    2.000   1.0000        square
351.5000    0    1.500   1.0000          NULL 
353.0000    1    2.000   1.0000          line
355.0000    0    2.500   1.0000          NULL 
357.5000    2    2.000   1.0000        square
359.5000    0    0.500   1.0000          NULL 
360.0000    1    2.000   1.0000          line
362.0000    0    0.500   1.0000          NULL 
362.5000    2    2.000   1.0000        square
364.5000    0    2.000   1.0000          NULL 
366.5000    1    2.000   1.0000          line
368.5000    0    0.500   1.0000          NULL 
369.0000    1    2.000   1.0000          line
371.0000    0    0.500   1.0000          NULL 
371.5000    2    2.000   1.0000        square
373.5000    0    1.000   1.0000          NULL 
374.5000    1    2.000   1.0000          line
376.5000    0    0.500   1.0000          NULL 
377.0000    2    2.000   1.0000        square
379.0000    0    1.000   1.0000          NULL 
380.0000    1    2.000   1.0000          line
382.0000    0    3.000   1.0000          NULL 
385.0000    1    2.000   1.0000          line
387.0000    0    2.500   1.0000          NULL 
389.5000    1    2.000   1.0000          line
391.5000    0    0.500   1.0000          NULL 
392.0000    1    2.000   1.0000          line
394.0000    0    2.000   1.0000          NULL 
396.0000    1    2.000   1.0000          line
398.0000    0    2.000   1.0000          NULL 
