  0.0000    1    2.000   1.0000          line
  2.0000    0    1.000   1.0000          NULL 
  3.0000    2    2.000   1.0000        square
  5.0000    0    1.000   1.0000          NULL 
  6.0000    1    2.000   1.0000          line
  8.0000    0    0.500   1.0000          NULL 
  8.5000    1    2.000   1.0000          line
 10.5000    0    0.500   1.0000          NULL 
 11.0000    2    2.000   1.0000        square
 13.0000    0    3.500   1.0000          NULL 
 16.5000    1    2.000   1.0000          line
 18.5000    0    3.500   1.0000          NULL 
 22.0000    2    2.000   1.0000        square
 24.0000    0    1.500   1.0000          NULL 
 25.5000    1    2.000   1.0000          line
 27.5000    0    0.500   1.0000          NULL 
 28.0000    2    2.000   1.0000        square
 30.0000    0    2.500   1.0000          NULL 
 32.5000    2    2.000   1.0000        square
 34.5000    0    1.000   1.0000          NULL 
 35.5000    1    2.000   1.0000          line
 37.5000    0    2.000   1.0000          NULL 
 39.5000    2    2.000   1.0000        square
 41.5000    0    0.500   1.0000          NULL 
 42.0000    2    2.000   1.0000        square
 44.0000    0    0.500   1.0000          NULL 
 44.5000    1    2.000   1.0000          line
 46.5000    0    3.000   1.0000          NULL 
 49.5000    2    2.000   1.0000        square
 51.5000    0    0.500   1.0000          NULL 
 52.0000    1    2.000   1.0000          line
 54.0000    0    2.500   1.0000          NULL 
 56.5000    2    2.000   1.0000        square
 58.5000    0    0.500   1.0000          NULL 
 59.0000    1    2.000   1.0000          line
 61.0000    0    0.500   1.0000          NULL 
 61.5000    1    2.000   1.0000          line
 63.5000    0    1.000   1.0000          NULL 
 64.5000    2    2.000   1.0000        square
 66.5000    0    0.500   1.0000          NULL 
 67.0000    1    2.000   1.0000          line
 69.0000    0    1.500   1.0000          NULL 
 70.5000    2    2.000   1.0000        square
 72.5000    0    2.500   1.0000          NULL 
 75.0000    2    2.000   1.0000        square
 77.0000    0    1.500   1.0000          NULL 
 78.5000    2    2.000   1.0000        square
 80.5000    0    1.500   1.0000          NULL 
 82.0000    1    2.000   1.0000          line
 84.0000    0    1.000   1.0000          NULL 
 85.0000    1    2.000   1.0000          line
 87.0000    0    3.000   1.0000          NULL 
 90.0000    2    2.000   1.0000        square
 92.0000    0    1.000   1.0000          NULL 
 93.0000    1    2.000   1.0000          line
 95.0000    0    0.500   1.0000          NULL 
 95.5000    1    2.000   1.0000          line
 97.5000    0    0.500   1.0000          NULL 
 98.0000    1    2.000   1.0000          line
100.0000    0    0.500   1.0000          NULL 
100.5000    1    2.000   1.0000          line
102.5000    0    1.500   1.0000          NULL 
104.0000    2    2.000   1.0000        square
106.0000    0    0.500   1.0000          NULL 
106.5000    2    2.000   1.0000        square
108.5000    0    3.000   1.0000          NULL 
111.5000    2    2.000   1.0000        square
113.5000    0    1.000   1.0000          NULL 
114.5000    1    2.000   1.0000          line
116.5000    0    1.000   1.0000          NULL 
117.5000    1    2.000   1.0000          line
119.5000    0    4.000   1.0000          NULL 
123.5000    1    2.000   1.0000          line
125.5000    0    0.500   1.0000          NULL 
126.0000    2    2.000   1.0000        square
128.0000    0    1.000   1.0000          NULL 
129.0000    2    2.000   1.0000        square
131.0000    0    4.000   1.0000          NULL 
135.0000    2    2.000   1.0000        square
137.0000    0    0.500   1.0000          NULL 
137.5000    1    2.000   1.0000          line
139.5000    0    2.000   1.0000          NULL 
141.5000    2    2.000   1.0000        square
143.5000    0    1.500   1.0000          NULL 
145.0000    1    2.000   1.0000          line
147.0000    0    3.000   1.0000          NULL 
150.0000    1    2.000   1.0000          line
152.0000    0    1.000   1.0000          NULL 
153.0000    2    2.000   1.0000        square
155.0000    0    3.000   1.0000          NULL 
158.0000    2    2.000   1.0000        square
160.0000    0    0.500   1.0000          NULL 
160.5000    1    2.000   1.0000          line
162.5000    0    0.500   1.0000          NULL 
163.0000    1    2.000   1.0000          line
165.0000    0    1.000   1.0000          NULL 
166.0000    1    2.000   1.0000          line
168.0000    0    2.500   1.0000          NULL 
170.5000    1    2.000   1.0000          line
172.5000    0    1.000   1.0000          NULL 
173.5000    1    2.000   1.0000          line
175.5000    0    2.500   1.0000          NULL 
178.0000    2    2.000   1.0000        square
180.0000    0    0.500   1.0000          NULL 
180.5000    2    2.000   1.0000        square
182.5000    0    1.500   1.0000          NULL 
184.0000    1    2.000   1.0000          line
186.0000    0    0.500   1.0000          NULL 
186.5000    2    2.000   1.0000        square
188.5000    0    0.500   1.0000          NULL 
189.0000    1    2.000   1.0000          line
191.0000    0    1.000   1.0000          NULL 
192.0000    2    2.000   1.0000        square
194.0000    0    4.000   1.0000          NULL 
198.0000    1    2.000   1.0000          line
200.0000    0    2.000   1.0000          NULL 
202.0000    2    2.000   1.0000        square
204.0000    0    1.000   1.0000          NULL 
205.0000    1    2.000   1.0000          line
207.0000    0    0.500   1.0000          NULL 
207.5000    2    2.000   1.0000        square
209.5000    0    0.500   1.0000          NULL 
210.0000    2    2.000   1.0000        square
212.0000    0    3.500   1.0000          NULL 
215.5000    2    2.000   1.0000        square
217.5000    0    3.500   1.0000          NULL 
221.0000    1    2.000   1.0000          line
223.0000    0    0.500   1.0000          NULL 
223.5000    2    2.000   1.0000        square
225.5000    0    1.500   1.0000          NULL 
227.0000    1    2.000   1.0000          line
229.0000    0    1.000   1.0000          NULL 
230.0000    2    2.000   1.0000        square
232.0000    0    0.500   1.0000          NULL 
232.5000    1    2.000   1.0000          line
234.5000    0    0.500   1.0000          NULL 
235.0000    1    2.000   1.0000          line
237.0000    0    0.500   1.0000          NULL 
237.5000    1    2.000   1.0000          line
239.5000    0    2.000   1.0000          NULL 
241.5000    2    2.000   1.0000        square
243.5000    0    2.500   1.0000          NULL 
246.0000    1    2.000   1.0000          line
248.0000    0    0.500   1.0000          NULL 
248.5000    1    2.000   1.0000          line
250.5000    0    3.500   1.0000          NULL 
254.0000    2    2.000   1.0000        square
256.0000    0    1.000   1.0000          NULL 
257.0000    1    2.000   1.0000          line
259.0000    0    0.500   1.0000          NULL 
259.5000    1    2.000   1.0000          line
261.5000    0    0.500   1.0000          NULL 
262.0000    1    2.000   1.0000          line
264.0000    0    1.000   1.0000          NULL 
265.0000    2    2.000   1.0000        square
267.0000    0    1.000   1.0000          NULL 
268.0000    2    2.000   1.0000        square
270.0000    0    1.500   1.0000          NULL 
271.5000    1    2.000   1.0000          line
273.5000    0    0.500   1.0000          NULL 
274.0000    1    2.000   1.0000          line
276.0000    0    0.500   1.0000          NULL 
276.5000    2    2.000   1.0000        square
278.5000    0    2.500   1.0000          NULL 
281.0000    2    2.000   1.0000        square
283.0000    0    1.000   1.0000          NULL 
284.0000    2    2.000   1.0000        square
286.0000    0    3.500   1.0000          NULL 
289.5000    1    2.000   1.0000          line
291.5000    0    2.500   1.0000          NULL 
294.0000    2    2.000   1.0000        square
296.0000    0    1.000   1.0000          NULL 
297.0000    2    2.000   1.0000        square
299.0000    0    0.500   1.0000          NULL 
299.5000    1    2.000   1.0000          line
301.5000    0    0.500   1.0000          NULL 
302.0000    2    2.000   1.0000        square
304.0000    0    0.500   1.0000          NULL 
304.5000    2    2.000   1.0000        square
306.5000    0    0.500   1.0000          NULL 
307.0000    2    2.000   1.0000        square
309.0000    0    1.500   1.0000          NULL 
310.5000    1    2.000   1.0000          line
312.5000    0    0.500   1.0000          NULL 
313.0000    1    2.000   1.0000          line
315.0000    0    0.500   1.0000          NULL 
315.5000    1    2.000   1.0000          line
317.5000    0    0.500   1.0000          NULL 
318.0000    2    2.000   1.0000        square
320.0000    0    2.000   1.0000          NULL 
322.0000    1    2.000   1.0000          line
324.0000    0    3.000   1.0000          NULL 
327.0000    2    2.000   1.0000        square
329.0000    0    1.000   1.0000          NULL 
330.0000    2    2.000   1.0000        square
332.0000    0    1.500   1.0000          NULL 
333.5000    2    2.000   1.0000        square
335.5000    0    1.500   1.0000          NULL 
337.0000    2    2.000   1.0000        square
339.0000    0    0.500   1.0000          NULL 
339.5000    2    2.000   1.0000        square
341.5000    0    1.000   1.0000          NULL 
342.5000    2    2.000   1.0000        square
344.5000    0    0.500   1.0000          NULL 
345.0000    1    2.000   1.0000          line
347.0000    0    2.000   1.0000          NULL 
349.0000    2    2.000   1.0000        square
351.0000    0    0.500   1.0000          NULL 
351.5000    1    2.000   1.0000          line
353.5000    0    1.000   1.0000          NULL 
354.5000    2    2.000   1.0000        square
356.5000    0    1.000   1.0000          NULL 
357.5000    1    2.000   1.0000          line
359.5000    0    1.000   1.0000          NULL 
360.5000    1    2.000   1.0000          line
362.5000    0    0.500   1.0000          NULL 
363.0000    1    2.000   1.0000          line
365.0000    0    0.500   1.0000          NULL 
365.5000    2    2.000   1.0000        square
367.5000    0    0.500   1.0000          NULL 
368.0000    2    2.000   1.0000        square
370.0000    0    3.000   1.0000          NULL 
373.0000    1    2.000   1.0000          line
375.0000    0    1.000   1.0000          NULL 
376.0000    1    2.000   1.0000          line
378.0000    0    0.500   1.0000          NULL 
378.5000    2    2.000   1.0000        square
380.5000    0    1.500   1.0000          NULL 
382.0000    1    2.000   1.0000          line
384.0000    0    0.500   1.0000          NULL 
384.5000    1    2.000   1.0000          line
386.5000    0    1.000   1.0000          NULL 
387.5000    2    2.000   1.0000        square
389.5000    0    0.500   1.0000          NULL 
390.0000    1    2.000   1.0000          line
392.0000    0    0.500   1.0000          NULL 
392.5000    2    2.000   1.0000        square
394.5000    0    1.000   1.0000          NULL 
395.5000    2    2.000   1.0000        square
397.5000    0    2.500   1.0000          NULL 
