  0.0000    2    2.000   1.0000        square
  2.0000    0    1.500   1.0000          NULL 
  3.5000    2    2.000   1.0000        square
  5.5000    0    0.500   1.0000          NULL 
  6.0000    1    2.000   1.0000          line
  8.0000    0    0.500   1.0000          NULL 
  8.5000    1    2.000   1.0000          line
 10.5000    0    0.500   1.0000          NULL 
 11.0000    1    2.000   1.0000          line
 13.0000    0    2.500   1.0000          NULL 
 15.5000    1    2.000   1.0000          line
 17.5000    0    0.500   1.0000          NULL 
 18.0000    2    2.000   1.0000        square
 20.0000    0    0.500   1.0000          NULL 
 20.5000    1    2.000   1.0000          line
 22.5000    0    0.500   1.0000          NULL 
 23.0000    2    2.000   1.0000        square
 25.0000    0    1.000   1.0000          NULL 
 26.0000    2    2.000   1.0000        square
 28.0000    0    1.500   1.0000          NULL 
 29.5000    2    2.000   1.0000        square
 31.5000    0    1.000   1.0000          NULL 
 32.5000    2    2.000   1.0000        square
 34.5000    0    0.500   1.0000          NULL 
 35.0000    2    2.000   1.0000        square
 37.0000    0    2.500   1.0000          NULL 
 39.5000    1    2.000   1.0000          line
 41.5000    0    1.000   1.0000          NULL 
 42.5000    1    2.000   1.0000          line
 44.5000    0    0.500   1.0000          NULL 
 45.0000    2    2.000   1.0000        square
 47.0000    0    2.500   1.0000          NULL 
 49.5000    2    2.000   1.0000        square
 51.5000    0    1.000   1.0000          NULL 
 52.5000    1    2.000   1.0000          line
 54.5000    0    2.500   1.0000          NULL 
 57.0000    1    2.000   1.0000          line
 59.0000    0    0.500   1.0000          NULL 
 59.5000    2    2.000   1.0000        square
 61.5000    0    3.000   1.0000          NULL 
 64.5000    1    2.000   1.0000          line
 66.5000    0    0.500   1.0000          NULL 
 67.0000    2    2.000   1.0000        square
 69.0000    0    0.500   1.0000          NULL 
 69.5000    2    2.000   1.0000        square
 71.5000    0    0.500   1.0000          NULL 
 72.0000    2    2.000   1.0000        square
 74.0000    0    1.500   1.0000          NULL 
 75.5000    2    2.000   1.0000        square
 77.5000    0    3.500   1.0000          NULL 
 81.0000    2    2.000   1.0000        square
 83.0000    0    1.000   1.0000          NULL 
 84.0000    1    2.000   1.0000          line
 86.0000    0    1.500   1.0000          NULL 
 87.5000    1    2.000   1.0000          line
 89.5000    0    1.000   1.0000          NULL 
 90.5000    1    2.000   1.0000          line
 92.5000    0    0.500   1.0000          NULL 
 93.0000    1    2.000   1.0000          line
 95.0000    0    3.000   1.0000          NULL 
 98.0000    1    2.000   1.0000          line
100.0000    0    4.000   1.0000          NULL 
104.0000    1    2.000   1.0000          line
106.0000    0    1.000   1.0000          NULL 
107.0000    1    2.000   1.0000          line
109.0000    0    0.500   1.0000          NULL 
109.5000    1    2.000   1.0000          line
111.5000    0    1.000   1.0000          NULL 
112.5000    2    2.000   1.0000        square
114.5000    0    1.000   1.0000          NULL 
115.5000    1    2.000   1.0000          line
117.5000    0    1.000   1.0000          NULL 
118.5000    2    2.000   1.0000        square
120.5000    0    1.500   1.0000          NULL 
122.0000    1    2.000   1.0000          line
124.0000    0    0.500   1.0000          NULL 
124.5000    2    2.000   1.0000        square
126.5000    0    0.500   1.0000          NULL 
127.0000    1    2.000   1.0000          line
129.0000    0    2.000   1.0000          NULL 
131.0000    2    2.000   1.0000        square
133.0000    0    2.500   1.0000          NULL 
135.5000    2    2.000   1.0000        square
137.5000    0    0.500   1.0000          NULL 
138.0000    1    2.000   1.0000          line
140.0000    0    0.500   1.0000          NULL 
140.5000    1    2.000   1.0000          line
142.5000    0    2.000   1.0000          NULL 
144.5000    1    2.000   1.0000          line
146.5000    0    0.500   1.0000          NULL 
147.0000    1    2.000   1.0000          line
149.0000    0    0.500   1.0000          NULL 
149.5000    2    2.000   1.0000        square
151.5000    0    0.500   1.0000          NULL 
152.0000    1    2.000   1.0000          line
154.0000    0    2.500   1.0000          NULL 
156.5000    1    2.000   1.0000          line
158.5000    0    0.500   1.0000          NULL 
159.0000    1    2.000   1.0000          line
161.0000    0    1.500   1.0000          NULL 
162.5000    1    2.000   1.0000          line
164.5000    0    1.500   1.0000          NULL 
166.0000    1    2.000   1.0000          line
168.0000    0    1.500   1.0000          NULL 
169.5000    1    2.000   1.0000          line
171.5000    0    0.500   1.0000          NULL 
172.0000    2    2.000   1.0000        square
174.0000    0    2.500   1.0000          NULL 
176.5000    1    2.000   1.0000          line
178.5000    0    4.000   1.0000          NULL 
182.5000    2    2.000   1.0000        square
184.5000    0    0.500   1.0000          NULL 
185.0000    2    2.000   1.0000        square
187.0000    0    0.500   1.0000          NULL 
187.5000    1    2.000   1.0000          line
189.5000    0    0.500   1.0000          NULL 
190.0000    2    2.000   1.0000        square
192.0000    0    0.500   1.0000          NULL 
192.5000    1    2.000   1.0000          line
194.5000    0    1.000   1.0000          NULL 
195.5000    2    2.000   1.0000        square
197.5000    0    3.000   1.0000          NULL 
200.5000    2    2.000   1.0000        square
202.5000    0    2.500   1.0000          NULL 
205.0000    2    2.000   1.0000        square
207.0000    0    0.500   1.0000          NULL 
207.5000    2    2.000   1.0000        square
209.5000    0    0.500   1.0000          NULL 
210.0000    1    2.000   1.0000          line
212.0000    0    1.000   1.0000          NULL 
213.0000    2    2.000   1.0000        square
215.0000    0    1.500   1.0000          NULL 
216.5000    1    2.000   1.0000          line
218.5000    0    0.500   1.0000          NULL 
219.0000    2    2.000   1.0000        square
221.0000    0    0.500   1.0000          NULL 
221.5000    2    2.000   1.0000        square
223.5000    0    0.500   1.0000          NULL 
224.0000    1    2.000   1.0000          line
226.0000    0    0.500   1.0000          NULL 
226.5000    1    2.000   1.0000          line
228.5000    0    2.000   1.0000          NULL 
230.5000    2    2.000   1.0000        square
232.5000    0    2.500   1.0000          NULL 
235.0000    2    2.000   1.0000        square
237.0000    0    0.500   1.0000          NULL 
237.5000    2    2.000   1.0000        square
239.5000    0    0.500   1.0000          NULL 
240.0000    1    2.000   1.0000          line
242.0000    0    3.000   1.0000          NULL 
245.0000    2    2.000   1.0000        square
247.0000    0    0.500   1.0000          NULL 
247.5000    1    2.000   1.0000          line
249.5000    0    1.500   1.0000          NULL 
251.0000    1    2.000   1.0000          line
253.0000    0    0.500   1.0000          NULL 
253.5000    2    2.000   1.0000        square
255.5000    0    0.500   1.0000          NULL 
256.0000    2    2.000   1.0000        square
258.0000    0    4.000   1.0000          NULL 
262.0000    2    2.000   1.0000        square
264.0000    0    0.500   1.0000          NULL 
264.5000    1    2.000   1.0000          line
266.5000    0    1.000   1.0000          NULL 
267.5000    1    2.000   1.0000          line
269.5000    0    2.000   1.0000          NULL 
271.5000    2    2.000   1.0000        square
273.5000    0    1.000   1.0000          NULL 
274.5000    1    2.000   1.0000          line
276.5000    0    0.500   1.0000          NULL 
277.0000    1    2.000   1.0000          line
279.0000    0    1.500   1.0000          NULL 
280.5000    2    2.000   1.0000        square
282.5000    0    1.500   1.0000          NULL 
284.0000    2    2.000   1.0000        square
286.0000    0    3.000   1.0000          NULL 
289.0000    1    2.000   1.0000          line
291.0000    0    4.000   1.0000          NULL 
295.0000    1    2.000   1.0000          line
297.0000    0    2.500   1.0000          NULL 
299.5000    2    2.000   1.0000        square
301.5000    0    1.000   1.0000          NULL 
302.5000    2    2.000   1.0000        square
304.5000    0    2.000   1.0000          NULL 
306.5000    1    2.000   1.0000          line
308.5000    0    0.500   1.0000          NULL 
309.0000    2    2.000   1.0000        square
311.0000    0    3.000   1.0000          NULL 
314.0000    2    2.000   1.0000        square
316.0000    0    0.500   1.0000          NULL 
316.5000    2    2.000   1.0000        square
318.5000    0    1.000   1.0000          NULL 
319.5000    2    2.000   1.0000        square
321.5000    0    0.500   1.0000          NULL 
322.0000    1    2.000   1.0000          line
324.0000    0    2.000   1.0000          NULL 
326.0000    1    2.000   1.0000          line
328.0000    0    0.500   1.0000          NULL 
328.5000    1    2.000   1.0000          line
330.5000    0    1.000   1.0000          NULL 
331.5000    2    2.000   1.0000        square
333.5000    0    1.000   1.0000          NULL 
334.5000    1    2.000   1.0000          line
336.5000    0    0.500   1.0000          NULL 
337.0000    2    2.000   1.0000        square
339.0000    0    0.500   1.0000          NULL 
339.5000    1    2.000   1.0000          line
341.5000    0    1.500   1.0000          NULL 
343.0000    2    2.000   1.0000        square
345.0000    0    1.000   1.0000          NULL 
346.0000    2    2.000   1.0000        square
348.0000    0    2.000   1.0000          NULL 
350.0000    1    2.000   1.0000          line
352.0000    0    1.000   1.0000          NULL 
353.0000    2    2.000   1.0000        square
355.0000    0    2.500   1.0000          NULL 
357.5000    1    2.000   1.0000          line
359.5000    0    2.000   1.0000          NULL 
361.5000    2    2.000   1.0000        square
363.5000    0    2.000   1.0000          NULL 
365.5000    2    2.000   1.0000        square
367.5000    0    1.000   1.0000          NULL 
368.5000    1    2.000   1.0000          line
370.5000    0    1.000   1.0000          NULL 
371.5000    2    2.000   1.0000        square
373.5000    0    2.000   1.0000          NULL 
375.5000    1    2.000   1.0000          line
377.5000    0    0.500   1.0000          NULL 
378.0000    1    2.000   1.0000          line
380.0000    0    0.500   1.0000          NULL 
380.5000    2    2.000   1.0000        square
382.5000    0    2.500   1.0000          NULL 
385.0000    2    2.000   1.0000        square
387.0000    0    4.000   1.0000          NULL 
391.0000    1    2.000   1.0000          line
393.0000    0    0.500   1.0000          NULL 
393.5000    1    2.000   1.0000          line
395.5000    0    0.500   1.0000          NULL 
396.0000    2    2.000   1.0000        square
398.0000    0    2.000   1.0000          NULL 
