  0.0000    1    2.000   1.0000          line
  2.0000    0    1.200   1.0000          NULL 
  3.2000    2    2.000   1.0000        square
  5.2000    0    1.400   1.0000          NULL 
  6.6000    2    2.000   1.0000        square
  8.6000    0    1.000   1.0000          NULL 
  9.6000    2    2.000   1.0000        square
 11.6000    0    1.700   1.0000          NULL 
 13.3000    2    2.000   1.0000        square
 15.3000    0    1.000   1.0000          NULL 
 16.3000    2    2.000   1.0000        square
 18.3000    0    2.000   1.0000          NULL 
 20.3000    1    2.000   1.0000          line
 22.3000    0    1.200   1.0000          NULL 
 23.5000    1    2.000   1.0000          line
 25.5000    0    1.100   1.0000          NULL 
 26.6000    1    2.000   1.0000          line
 28.6000    0    1.700   1.0000          NULL 
 30.3000    2    2.000   1.0000        square
 32.3000    0    1.100   1.0000          NULL 
 33.4000    1    2.000   1.0000          line
 35.4000    0    1.300   1.0000          NULL 
 36.7000    2    2.000   1.0000        square
 38.7000    0    1.700   1.0000          NULL 
 40.4000    2    2.000   1.0000        square
 42.4000    0    1.000   1.0000          NULL 
 43.4000    1    2.000   1.0000          line
 45.4000    0    1.200   1.0000          NULL 
 46.6000    1    2.000   1.0000          line
 48.6000    0    1.000   1.0000          NULL 
 49.6000    1    2.000   1.0000          line
 51.6000    0    1.600   1.0000          NULL 
 53.2000    1    2.000   1.0000          line
 55.2000    0    1.600   1.0000          NULL 
 56.8000    1    2.000   1.0000          line
 58.8000    0    1.100   1.0000          NULL 
 59.9000    2    2.000   1.0000        square
 61.9000    0    1.000   1.0000          NULL 
 62.9000    2    2.000   1.0000        square
 64.9000    0    1.100   1.0000          NULL 
 66.0000    1    2.000   1.0000          line
 68.0000    0    1.000   1.0000          NULL 
 69.0000    1    2.000   1.0000          line
 71.0000    0    1.000   1.0000          NULL 
 72.0000    1    2.000   1.0000          line
 74.0000    0    1.900   1.0000          NULL 
 75.9000    1    2.000   1.0000          line
 77.9000    0    1.000   1.0000          NULL 
 78.9000    2    2.000   1.0000        square
 80.9000    0    1.700   1.0000          NULL 
 82.5999    2    2.000   1.0000        square
 84.5999    0    1.400   1.0000          NULL 
 85.9999    2    2.000   1.0000        square
 87.9999    0    1.000   1.0000          NULL 
 88.9999    2    2.000   1.0000        square
 90.9999    0    1.400   1.0000          NULL 
 92.3999    1    2.000   1.0000          line
 94.3999    0    1.400   1.0000          NULL 
 95.7999    2    2.000   1.0000        square
 97.7999    0    1.300   1.0000          NULL 
 99.0999    2    2.000   1.0000        square
101.0999    0    1.100   1.0000          NULL 
102.1999    1    2.000   1.0000          line
104.1999    0    1.100   1.0000          NULL 
105.2999    2    2.000   1.0000        square
107.2999    0    1.200   1.0000          NULL 
108.4999    2    2.000   1.0000        square
110.4999    0    1.100   1.0000          NULL 
111.5999    2    2.000   1.0000        square
113.5999    0    1.100   1.0000          NULL 
114.6999    1    2.000   1.0000          line
116.6999    0    1.200   1.0000          NULL 
117.8999    2    2.000   1.0000        square
119.8999    0    1.000   1.0000          NULL 
120.8999    1    2.000   1.0000          line
122.8999    0    1.000   1.0000          NULL 
123.8999    1    2.000   1.0000          line
125.8999    0    1.100   1.0000          NULL 
126.9999    1    2.000   1.0000          line
128.9999    0    1.000   1.0000          NULL 
