  0.0000    1    2.000   1.0000          line
  2.0000    0    0.500   1.0000          NULL 
  2.5000    2    2.000   1.0000        square
  4.5000    0    1.000   1.0000          NULL 
  5.5000    1    2.000   1.0000          line
  7.5000    0    0.500   1.0000          NULL 
  8.0000    2    2.000   1.0000        square
 10.0000    0    2.500   1.0000          NULL 
 12.5000    2    2.000   1.0000        square
 14.5000    0    1.500   1.0000          NULL 
 16.0000    2    2.000   1.0000        square
 18.0000    0    2.000   1.0000          NULL 
 20.0000    1    2.000   1.0000          line
 22.0000    0    1.000   1.0000          NULL 
 23.0000    1    2.000   1.0000          line
 25.0000    0    2.000   1.0000          NULL 
 27.0000    1    2.000   1.0000          line
 29.0000    0    0.500   1.0000          NULL 
 29.5000    1    2.000   1.0000          line
 31.5000    0    0.500   1.0000          NULL 
 32.0000    2    2.000   1.0000        square
 34.0000    0    2.000   1.0000          NULL 
 36.0000    1    2.000   1.0000          line
 38.0000    0    4.000   1.0000          NULL 
 42.0000    2    2.000   1.0000        square
 44.0000    0    0.500   1.0000          NULL 
 44.5000    1    2.000   1.0000          line
 46.5000    0    0.500   1.0000          NULL 
 47.0000    2    2.000   1.0000        square
 49.0000    0    0.500   1.0000          NULL 
 49.5000    1    2.000   1.0000          line
 51.5000    0    1.500   1.0000          NULL 
 53.0000    2    2.000   1.0000        square
 55.0000    0    4.000   1.0000          NULL 
 59.0000    2    2.000   1.0000        square
 61.0000    0    0.500   1.0000          NULL 
 61.5000    1    2.000   1.0000          line
 63.5000    0    2.500   1.0000          NULL 
 66.0000    2    2.000   1.0000        square
 68.0000    0    1.500   1.0000          NULL 
 69.5000    2    2.000   1.0000        square
 71.5000    0    2.000   1.0000          NULL 
 73.5000    2    2.000   1.0000        square
 75.5000    0    3.000   1.0000          NULL 
 78.5000    2    2.000   1.0000        square
 80.5000    0    0.500   1.0000          NULL 
 81.0000    2    2.000   1.0000        square
 83.0000    0    1.000   1.0000          NULL 
 84.0000    2    2.000   1.0000        square
 86.0000    0    0.500   1.0000          NULL 
 86.5000    1    2.000   1.0000          line
 88.5000    0    0.500   1.0000          NULL 
 89.0000    1    2.000   1.0000          line
 91.0000    0    1.000   1.0000          NULL 
 92.0000    1    2.000   1.0000          line
 94.0000    0    1.000   1.0000          NULL 
 95.0000    1    2.000   1.0000          line
 97.0000    0    4.000   1.0000          NULL 
101.0000    2    2.000   1.0000        square
103.0000    0    1.500   1.0000          NULL 
104.5000    2    2.000   1.0000        square
106.5000    0    0.500   1.0000          NULL 
107.0000    2    2.000   1.0000        square
109.0000    0    2.000   1.0000          NULL 
111.0000    2    2.000   1.0000        square
113.0000    0    1.000   1.0000          NULL 
114.0000    1    2.000   1.0000          line
116.0000    0    0.500   1.0000          NULL 
116.5000    1    2.000   1.0000          line
118.5000    0    0.500   1.0000          NULL 
119.0000    2    2.000   1.0000        square
121.0000    0    1.500   1.0000          NULL 
122.5000    2    2.000   1.0000        square
124.5000    0    1.000   1.0000          NULL 
125.5000    2    2.000   1.0000        square
127.5000    0    1.500   1.0000          NULL 
129.0000    1    2.000   1.0000          line
131.0000    0    0.500   1.0000          NULL 
131.5000    1    2.000   1.0000          line
133.5000    0    2.000   1.0000          NULL 
135.5000    1    2.000   1.0000          line
137.5000    0    1.000   1.0000          NULL 
138.5000    2    2.000   1.0000        square
140.5000    0    0.500   1.0000          NULL 
141.0000    2    2.000   1.0000        square
143.0000    0    0.500   1.0000          NULL 
143.5000    2    2.000   1.0000        square
145.5000    0    1.000   1.0000          NULL 
146.5000    1    2.000   1.0000          line
148.5000    0    3.000   1.0000          NULL 
151.5000    2    2.000   1.0000        square
153.5000    0    1.000   1.0000          NULL 
154.5000    2    2.000   1.0000        square
156.5000    0    3.500   1.0000          NULL 
160.0000    1    2.000   1.0000          line
162.0000    0    1.500   1.0000          NULL 
163.5000    1    2.000   1.0000          line
165.5000    0    2.000   1.0000          NULL 
167.5000    1    2.000   1.0000          line
169.5000    0    0.500   1.0000          NULL 
170.0000    2    2.000   1.0000        square
172.0000    0    0.500   1.0000          NULL 
172.5000    2    2.000   1.0000        square
174.5000    0    1.000   1.0000          NULL 
175.5000    1    2.000   1.0000          line
177.5000    0    1.000   1.0000          NULL 
178.5000    2    2.000   1.0000        square
180.5000    0    1.000   1.0000          NULL 
181.5000    1    2.000   1.0000          line
183.5000    0    0.500   1.0000          NULL 
184.0000    2    2.000   1.0000        square
186.0000    0    2.500   1.0000          NULL 
188.5000    1    2.000   1.0000          line
190.5000    0    1.000   1.0000          NULL 
191.5000    1    2.000   1.0000          line
193.5000    0    4.000   1.0000          NULL 
197.5000    2    2.000   1.0000        square
199.5000    0    3.500   1.0000          NULL 
203.0000    1    2.000   1.0000          line
205.0000    0    1.500   1.0000          NULL 
206.5000    2    2.000   1.0000        square
208.5000    0    2.000   1.0000          NULL 
210.5000    1    2.000   1.0000          line
212.5000    0    0.500   1.0000          NULL 
213.0000    1    2.000   1.0000          line
215.0000    0    1.500   1.0000          NULL 
216.5000    1    2.000   1.0000          line
218.5000    0    2.000   1.0000          NULL 
220.5000    1    2.000   1.0000          line
222.5000    0    0.500   1.0000          NULL 
223.0000    2    2.000   1.0000        square
225.0000    0    4.000   1.0000          NULL 
229.0000    1    2.000   1.0000          line
231.0000    0    1.500   1.0000          NULL 
232.5000    2    2.000   1.0000        square
234.5000    0    1.500   1.0000          NULL 
236.0000    2    2.000   1.0000        square
238.0000    0    0.500   1.0000          NULL 
238.5000    1    2.000   1.0000          line
240.5000    0    3.000   1.0000          NULL 
243.5000    2    2.000   1.0000        square
245.5000    0    0.500   1.0000          NULL 
246.0000    2    2.000   1.0000        square
248.0000    0    1.000   1.0000          NULL 
249.0000    1    2.000   1.0000          line
251.0000    0    2.000   1.0000          NULL 
253.0000    2    2.000   1.0000        square
255.0000    0    0.500   1.0000          NULL 
255.5000    2    2.000   1.0000        square
257.5000    0    1.000   1.0000          NULL 
258.5000    1    2.000   1.0000          line
260.5000    0    0.500   1.0000          NULL 
261.0000    1    2.000   1.0000          line
263.0000    0    3.000   1.0000          NULL 
266.0000    1    2.000   1.0000          line
268.0000    0    0.500   1.0000          NULL 
268.5000    1    2.000   1.0000          line
270.5000    0    0.500   1.0000          NULL 
271.0000    1    2.000   1.0000          line
273.0000    0    1.000   1.0000          NULL 
274.0000    2    2.000   1.0000        square
276.0000    0    1.000   1.0000          NULL 
277.0000    2    2.000   1.0000        square
279.0000    0    0.500   1.0000          NULL 
279.5000    2    2.000   1.0000        square
281.5000    0    0.500   1.0000          NULL 
282.0000    2    2.000   1.0000        square
284.0000    0    0.500   1.0000          NULL 
284.5000    2    2.000   1.0000        square
286.5000    0    0.500   1.0000          NULL 
287.0000    1    2.000   1.0000          line
289.0000    0    1.500   1.0000          NULL 
290.5000    1    2.000   1.0000          line
292.5000    0    1.500   1.0000          NULL 
294.0000    2    2.000   1.0000        square
296.0000    0    2.500   1.0000          NULL 
298.5000    2    2.000   1.0000        square
300.5000    0    0.500   1.0000          NULL 
301.0000    2    2.000   1.0000        square
303.0000    0    0.500   1.0000          NULL 
303.5000    2    2.000   1.0000        square
305.5000    0    1.000   1.0000          NULL 
306.5000    1    2.000   1.0000          line
308.5000    0    1.500   1.0000          NULL 
310.0000    1    2.000   1.0000          line
312.0000    0    0.500   1.0000          NULL 
312.5000    2    2.000   1.0000        square
314.5000    0    1.500   1.0000          NULL 
316.0000    1    2.000   1.0000          line
318.0000    0    0.500   1.0000          NULL 
318.5000    2    2.000   1.0000        square
320.5000    0    0.500   1.0000          NULL 
321.0000    2    2.000   1.0000        square
323.0000    0    3.000   1.0000          NULL 
326.0000    2    2.000   1.0000        square
328.0000    0    1.500   1.0000          NULL 
329.5000    2    2.000   1.0000        square
331.5000    0    2.000   1.0000          NULL 
333.5000    1    2.000   1.0000          line
335.5000    0    0.500   1.0000          NULL 
336.0000    1    2.000   1.0000          line
338.0000    0    3.000   1.0000          NULL 
341.0000    1    2.000   1.0000          line
343.0000    0    0.500   1.0000          NULL 
343.5000    1    2.000   1.0000          line
345.5000    0    0.500   1.0000          NULL 
346.0000    1    2.000   1.0000          line
348.0000    0    1.000   1.0000          NULL 
349.0000    1    2.000   1.0000          line
351.0000    0    1.500   1.0000          NULL 
352.5000    1    2.000   1.0000          line
354.5000    0    0.500   1.0000          NULL 
355.0000    1    2.000   1.0000          line
357.0000    0    1.000   1.0000          NULL 
358.0000    2    2.000   1.0000        square
360.0000    0    0.500   1.0000          NULL 
360.5000    1    2.000   1.0000          line
362.5000    0    1.500   1.0000          NULL 
364.0000    2    2.000   1.0000        square
366.0000    0    2.000   1.0000          NULL 
368.0000    1    2.000   1.0000          line
370.0000    0    0.500   1.0000          NULL 
370.5000    1    2.000   1.0000          line
372.5000    0    3.000   1.0000          NULL 
375.5000    1    2.000   1.0000          line
377.5000    0    1.500   1.0000          NULL 
379.0000    1    2.000   1.0000          line
381.0000    0    0.500   1.0000          NULL 
381.5000    2    2.000   1.0000        square
383.5000    0    0.500   1.0000          NULL 
384.0000    1    2.000   1.0000          line
386.0000    0    1.500   1.0000          NULL 
387.5000    2    2.000   1.0000        square
389.5000    0    1.500   1.0000          NULL 
391.0000    2    2.000   1.0000        square
393.0000    0    0.500   1.0000          NULL 
393.5000    1    2.000   1.0000          line
395.5000    0    0.500   1.0000          NULL 
396.0000    2    2.000   1.0000        square
398.0000    0    2.000   1.0000          NULL 
