  0.0000    1    2.000   1.0000          line
  2.0000    0    0.500   1.0000          NULL 
  2.5000    1    2.000   1.0000          line
  4.5000    0    2.500   1.0000          NULL 
  7.0000    2    2.000   1.0000        square
  9.0000    0    1.000   1.0000          NULL 
 10.0000    1    2.000   1.0000          line
 12.0000    0    1.000   1.0000          NULL 
 13.0000    2    2.000   1.0000        square
 15.0000    0    0.500   1.0000          NULL 
 15.5000    2    2.000   1.0000        square
 17.5000    0    0.500   1.0000          NULL 
 18.0000    1    2.000   1.0000          line
 20.0000    0    1.500   1.0000          NULL 
 21.5000    1    2.000   1.0000          line
 23.5000    0    1.000   1.0000          NULL 
 24.5000    2    2.000   1.0000        square
 26.5000    0    2.000   1.0000          NULL 
 28.5000    1    2.000   1.0000          line
 30.5000    0    0.500   1.0000          NULL 
 31.0000    1    2.000   1.0000          line
 33.0000    0    0.500   1.0000          NULL 
 33.5000    1    2.000   1.0000          line
 35.5000    0    0.500   1.0000          NULL 
 36.0000    2    2.000   1.0000        square
 38.0000    0    2.000   1.0000          NULL 
 40.0000    2    2.000   1.0000        square
 42.0000    0    2.500   1.0000          NULL 
 44.5000    2    2.000   1.0000        square
 46.5000    0    0.500   1.0000          NULL 
 47.0000    2    2.000   1.0000        square
 49.0000    0    3.500   1.0000          NULL 
 52.5000    1    2.000   1.0000          line
 54.5000    0    1.000   1.0000          NULL 
 55.5000    2    2.000   1.0000        square
 57.5000    0    0.500   1.0000          NULL 
 58.0000    2    2.000   1.0000        square
 60.0000    0    0.500   1.0000          NULL 
 60.5000    2    2.000   1.0000        square
 62.5000    0    0.500   1.0000          NULL 
 63.0000    2    2.000   1.0000        square
 65.0000    0    1.500   1.0000          NULL 
 66.5000    2    2.000   1.0000        square
 68.5000    0    1.500   1.0000          NULL 
 70.0000    1    2.000   1.0000          line
 72.0000    0    0.500   1.0000          NULL 
 72.5000    1    2.000   1.0000          line
 74.5000    0    1.500   1.0000          NULL 
 76.0000    1    2.000   1.0000          line
 78.0000    0    1.000   1.0000          NULL 
 79.0000    1    2.000   1.0000          line
 81.0000    0    0.500   1.0000          NULL 
 81.5000    1    2.000   1.0000          line
 83.5000    0    3.500   1.0000          NULL 
 87.0000    1    2.000   1.0000          line
 89.0000    0    2.000   1.0000          NULL 
 91.0000    1    2.000   1.0000          line
 93.0000    0    3.500   1.0000          NULL 
 96.5000    2    2.000   1.0000        square
 98.5000    0    1.000   1.0000          NULL 
 99.5000    1    2.000   1.0000          line
101.5000    0    0.500   1.0000          NULL 
102.0000    1    2.000   1.0000          line
104.0000    0    0.500   1.0000          NULL 
104.5000    1    2.000   1.0000          line
106.5000    0    1.000   1.0000          NULL 
107.5000    2    2.000   1.0000        square
109.5000    0    1.000   1.0000          NULL 
110.5000    1    2.000   1.0000          line
112.5000    0    1.500   1.0000          NULL 
114.0000    2    2.000   1.0000        square
116.0000    0    2.500   1.0000          NULL 
118.5000    1    2.000   1.0000          line
120.5000    0    0.500   1.0000          NULL 
121.0000    1    2.000   1.0000          line
123.0000    0    2.500   1.0000          NULL 
125.5000    2    2.000   1.0000        square
127.5000    0    0.500   1.0000          NULL 
128.0000    1    2.000   1.0000          line
130.0000    0    0.500   1.0000          NULL 
130.5000    1    2.000   1.0000          line
132.5000    0    1.500   1.0000          NULL 
134.0000    2    2.000   1.0000        square
136.0000    0    0.500   1.0000          NULL 
136.5000    2    2.000   1.0000        square
138.5000    0    2.500   1.0000          NULL 
141.0000    2    2.000   1.0000        square
143.0000    0    1.000   1.0000          NULL 
144.0000    2    2.000   1.0000        square
146.0000    0    4.000   1.0000          NULL 
150.0000    2    2.000   1.0000        square
152.0000    0    1.500   1.0000          NULL 
153.5000    1    2.000   1.0000          line
155.5000    0    1.000   1.0000          NULL 
156.5000    1    2.000   1.0000          line
158.5000    0    4.000   1.0000          NULL 
162.5000    2    2.000   1.0000        square
164.5000    0    3.500   1.0000          NULL 
168.0000    1    2.000   1.0000          line
170.0000    0    1.000   1.0000          NULL 
171.0000    2    2.000   1.0000        square
173.0000    0    1.500   1.0000          NULL 
174.5000    1    2.000   1.0000          line
176.5000    0    0.500   1.0000          NULL 
177.0000    2    2.000   1.0000        square
179.0000    0    2.000   1.0000          NULL 
181.0000    1    2.000   1.0000          line
183.0000    0    1.500   1.0000          NULL 
184.5000    1    2.000   1.0000          line
186.5000    0    4.000   1.0000          NULL 
190.5000    1    2.000   1.0000          line
192.5000    0    2.000   1.0000          NULL 
194.5000    1    2.000   1.0000          line
196.5000    0    0.500   1.0000          NULL 
197.0000    1    2.000   1.0000          line
199.0000    0    1.000   1.0000          NULL 
200.0000    2    2.000   1.0000        square
202.0000    0    2.000   1.0000          NULL 
204.0000    2    2.000   1.0000        square
206.0000    0    1.000   1.0000          NULL 
207.0000    1    2.000   1.0000          line
209.0000    0    0.500   1.0000          NULL 
209.5000    2    2.000   1.0000        square
211.5000    0    1.000   1.0000          NULL 
212.5000    2    2.000   1.0000        square
214.5000    0    3.000   1.0000          NULL 
217.5000    2    2.000   1.0000        square
219.5000    0    1.000   1.0000          NULL 
220.5000    1    2.000   1.0000          line
222.5000    0    0.500   1.0000          NULL 
223.0000    2    2.000   1.0000        square
225.0000    0    2.000   1.0000          NULL 
227.0000    2    2.000   1.0000        square
229.0000    0    2.000   1.0000          NULL 
231.0000    1    2.000   1.0000          line
233.0000    0    2.000   1.0000          NULL 
235.0000    1    2.000   1.0000          line
237.0000    0    2.000   1.0000          NULL 
239.0000    1    2.000   1.0000          line
241.0000    0    1.000   1.0000          NULL 
242.0000    2    2.000   1.0000        square
244.0000    0    1.000   1.0000          NULL 
245.0000    1    2.000   1.0000          line
247.0000    0    4.000   1.0000          NULL 
251.0000    2    2.000   1.0000        square
253.0000    0    0.500   1.0000          NULL 
253.5000    1    2.000   1.0000          line
255.5000    0    2.000   1.0000          NULL 
257.5000    2    2.000   1.0000        square
259.5000    0    0.500   1.0000          NULL 
260.0000    2    2.000   1.0000        square
262.0000    0    1.000   1.0000          NULL 
263.0000    1    2.000   1.0000          line
265.0000    0    0.500   1.0000          NULL 
265.5000    2    2.000   1.0000        square
267.5000    0    1.500   1.0000          NULL 
269.0000    2    2.000   1.0000        square
271.0000    0    0.500   1.0000          NULL 
271.5000    2    2.000   1.0000        square
273.5000    0    0.500   1.0000          NULL 
274.0000    1    2.000   1.0000          line
276.0000    0    2.500   1.0000          NULL 
278.5000    2    2.000   1.0000        square
280.5000    0    1.500   1.0000          NULL 
282.0000    1    2.000   1.0000          line
284.0000    0    1.500   1.0000          NULL 
285.5000    2    2.000   1.0000        square
287.5000    0    1.500   1.0000          NULL 
289.0000    1    2.000   1.0000          line
291.0000    0    1.000   1.0000          NULL 
292.0000    1    2.000   1.0000          line
294.0000    0    1.500   1.0000          NULL 
295.5000    2    2.000   1.0000        square
297.5000    0    1.500   1.0000          NULL 
299.0000    1    2.000   1.0000          line
301.0000    0    1.000   1.0000          NULL 
302.0000    2    2.000   1.0000        square
304.0000    0    0.500   1.0000          NULL 
304.5000    2    2.000   1.0000        square
306.5000    0    1.500   1.0000          NULL 
308.0000    1    2.000   1.0000          line
310.0000    0    0.500   1.0000          NULL 
310.5000    2    2.000   1.0000        square
312.5000    0    1.000   1.0000          NULL 
313.5000    1    2.000   1.0000          line
315.5000    0    0.500   1.0000          NULL 
316.0000    2    2.000   1.0000        square
318.0000    0    1.000   1.0000          NULL 
319.0000    2    2.000   1.0000        square
321.0000    0    2.500   1.0000          NULL 
323.5000    1    2.000   1.0000          line
325.5000    0    1.500   1.0000          NULL 
327.0000    2    2.000   1.0000        square
329.0000    0    0.500   1.0000          NULL 
329.5000    1    2.000   1.0000          line
331.5000    0    1.000   1.0000          NULL 
332.5000    2    2.000   1.0000        square
334.5000    0    0.500   1.0000          NULL 
335.0000    2    2.000   1.0000        square
337.0000    0    1.500   1.0000          NULL 
338.5000    1    2.000   1.0000          line
340.5000    0    0.500   1.0000          NULL 
341.0000    1    2.000   1.0000          line
343.0000    0    2.500   1.0000          NULL 
345.5000    2    2.000   1.0000        square
347.5000    0    0.500   1.0000          NULL 
348.0000    2    2.000   1.0000        square
350.0000    0    0.500   1.0000          NULL 
350.5000    1    2.000   1.0000          line
352.5000    0    0.500   1.0000          NULL 
353.0000    1    2.000   1.0000          line
355.0000    0    1.000   1.0000          NULL 
356.0000    2    2.000   1.0000        square
358.0000    0    1.500   1.0000          NULL 
359.5000    2    2.000   1.0000        square
361.5000    0    0.500   1.0000          NULL 
362.0000    1    2.000   1.0000          line
364.0000    0    1.500   1.0000          NULL 
365.5000    2    2.000   1.0000        square
367.5000    0    1.000   1.0000          NULL 
368.5000    2    2.000   1.0000        square
370.5000    0    1.000   1.0000          NULL 
371.5000    1    2.000   1.0000          line
373.5000    0    2.000   1.0000          NULL 
375.5000    1    2.000   1.0000          line
377.5000    0    0.500   1.0000          NULL 
378.0000    1    2.000   1.0000          line
380.0000    0    2.000   1.0000          NULL 
382.0000    2    2.000   1.0000        square
384.0000    0    0.500   1.0000          NULL 
384.5000    1    2.000   1.0000          line
386.5000    0    2.500   1.0000          NULL 
389.0000    2    2.000   1.0000        square
391.0000    0    1.000   1.0000          NULL 
392.0000    2    2.000   1.0000        square
394.0000    0    1.000   1.0000          NULL 
395.0000    1    2.000   1.0000          line
397.0000    0    0.500   1.0000          NULL 
397.5000    2    2.000   1.0000        square
399.5000    0    0.500   1.0000          NULL 
