  0.0000    1    2.000   1.0000          line
  2.0000    0    1.000   1.0000          NULL 
  3.0000    2    2.000   1.0000        square
  5.0000    0    1.900   1.0000          NULL 
  6.9000    2    2.000   1.0000        square
  8.9000    0    1.000   1.0000          NULL 
  9.9000    1    2.000   1.0000          line
 11.9000    0    1.000   1.0000          NULL 
 12.9000    1    2.000   1.0000          line
 14.9000    0    1.200   1.0000          NULL 
 16.1000    2    2.000   1.0000        square
 18.1000    0    1.800   1.0000          NULL 
 19.9000    1    2.000   1.0000          line
 21.9000    0    1.000   1.0000          NULL 
 22.9000    1    2.000   1.0000          line
 24.9000    0    1.100   1.0000          NULL 
 26.0000    1    2.000   1.0000          line
 28.0000    0    1.300   1.0000          NULL 
 29.3000    1    2.000   1.0000          line
 31.3000    0    1.800   1.0000          NULL 
 33.1000    1    2.000   1.0000          line
 35.1000    0    1.000   1.0000          NULL 
 36.1000    1    2.000   1.0000          line
 38.1000    0    1.000   1.0000          NULL 
 39.1000    2    2.000   1.0000        square
 41.1000    0    1.200   1.0000          NULL 
 42.3000    2    2.000   1.0000        square
 44.3000    0    1.100   1.0000          NULL 
 45.4000    2    2.000   1.0000        square
 47.4000    0    1.200   1.0000          NULL 
 48.6000    1    2.000   1.0000          line
 50.6000    0    1.700   1.0000          NULL 
 52.3000    2    2.000   1.0000        square
 54.3000    0    1.100   1.0000          NULL 
 55.4000    1    2.000   1.0000          line
 57.4000    0    1.700   1.0000          NULL 
 59.1000    1    2.000   1.0000          line
 61.1000    0    1.300   1.0000          NULL 
 62.4000    1    2.000   1.0000          line
 64.4000    0    1.000   1.0000          NULL 
 65.4000    1    2.000   1.0000          line
 67.4000    0    1.300   1.0000          NULL 
 68.7000    2    2.000   1.0000        square
 70.7000    0    1.500   1.0000          NULL 
 72.1999    2    2.000   1.0000        square
 74.1999    0    1.000   1.0000          NULL 
 75.1999    2    2.000   1.0000        square
 77.1999    0    1.000   1.0000          NULL 
 78.1999    1    2.000   1.0000          line
 80.1999    0    1.800   1.0000          NULL 
 81.9999    2    2.000   1.0000        square
 83.9999    0    1.000   1.0000          NULL 
 84.9999    2    2.000   1.0000        square
 86.9999    0    1.300   1.0000          NULL 
 88.2999    2    2.000   1.0000        square
 90.2999    0    1.000   1.0000          NULL 
 91.2999    2    2.000   1.0000        square
 93.2999    0    1.000   1.0000          NULL 
 94.2999    2    2.000   1.0000        square
 96.2999    0    1.700   1.0000          NULL 
 97.9999    1    2.000   1.0000          line
 99.9999    0    1.000   1.0000          NULL 
100.9999    2    2.000   1.0000        square
102.9999    0    1.300   1.0000          NULL 
104.2999    1    2.000   1.0000          line
106.2999    0    1.100   1.0000          NULL 
107.3999    1    2.000   1.0000          line
109.3999    0    1.200   1.0000          NULL 
110.5999    2    2.000   1.0000        square
112.5999    0    1.100   1.0000          NULL 
113.6999    2    2.000   1.0000        square
115.6999    0    1.000   1.0000          NULL 
116.6999    2    2.000   1.0000        square
118.6999    0    2.000   1.0000          NULL 
120.6999    1    2.000   1.0000          line
122.6999    0    1.000   1.0000          NULL 
123.6999    2    2.000   1.0000        square
125.6999    0    1.200   1.0000          NULL 
126.8999    1    2.000   1.0000          line
128.8999    0    1.100   1.0000          NULL 
