  0.0000    1    2.000   1.0000          line
  2.0000    0    1.500   1.0000          NULL 
  3.5000    1    2.000   1.0000          line
  5.5000    0    0.500   1.0000          NULL 
  6.0000    2    2.000   1.0000        square
  8.0000    0    1.500   1.0000          NULL 
  9.5000    2    2.000   1.0000        square
 11.5000    0    0.500   1.0000          NULL 
 12.0000    2    2.000   1.0000        square
 14.0000    0    2.500   1.0000          NULL 
 16.5000    2    2.000   1.0000        square
 18.5000    0    0.500   1.0000          NULL 
 19.0000    1    2.000   1.0000          line
 21.0000    0    0.500   1.0000          NULL 
 21.5000    1    2.000   1.0000          line
 23.5000    0    0.500   1.0000          NULL 
 24.0000    2    2.000   1.0000        square
 26.0000    0    1.000   1.0000          NULL 
 27.0000    1    2.000   1.0000          line
 29.0000    0    2.000   1.0000          NULL 
 31.0000    1    2.000   1.0000          line
 33.0000    0    3.000   1.0000          NULL 
 36.0000    1    2.000   1.0000          line
 38.0000    0    0.500   1.0000          NULL 
 38.5000    1    2.000   1.0000          line
 40.5000    0    0.500   1.0000          NULL 
 41.0000    2    2.000   1.0000        square
 43.0000    0    1.000   1.0000          NULL 
 44.0000    1    2.000   1.0000          line
 46.0000    0    0.500   1.0000          NULL 
 46.5000    1    2.000   1.0000          line
 48.5000    0    1.000   1.0000          NULL 
 49.5000    1    2.000   1.0000          line
 51.5000    0    4.000   1.0000          NULL 
 55.5000    1    2.000   1.0000          line
 57.5000    0    3.000   1.0000          NULL 
 60.5000    1    2.000   1.0000          line
 62.5000    0    0.500   1.0000          NULL 
 63.0000    2    2.000   1.0000        square
 65.0000    0    0.500   1.0000          NULL 
 65.5000    1    2.000   1.0000          line
 67.5000    0    1.000   1.0000          NULL 
 68.5000    2    2.000   1.0000        square
 70.5000    0    0.500   1.0000          NULL 
 71.0000    1    2.000   1.0000          line
 73.0000    0    3.000   1.0000          NULL 
 76.0000    1    2.000   1.0000          line
 78.0000    0    1.500   1.0000          NULL 
 79.5000    2    2.000   1.0000        square
 81.5000    0    1.500   1.0000          NULL 
 83.0000    2    2.000   1.0000        square
 85.0000    0    0.500   1.0000          NULL 
 85.5000    1    2.000   1.0000          line
 87.5000    0    0.500   1.0000          NULL 
 88.0000    1    2.000   1.0000          line
 90.0000    0    2.500   1.0000          NULL 
 92.5000    1    2.000   1.0000          line
 94.5000    0    0.500   1.0000          NULL 
 95.0000    1    2.000   1.0000          line
 97.0000    0    2.000   1.0000          NULL 
 99.0000    1    2.000   1.0000          line
101.0000    0    0.500   1.0000          NULL 
101.5000    2    2.000   1.0000        square
103.5000    0    1.500   1.0000          NULL 
105.0000    1    2.000   1.0000          line
107.0000    0    2.000   1.0000          NULL 
109.0000    1    2.000   1.0000          line
111.0000    0    2.500   1.0000          NULL 
113.5000    2    2.000   1.0000        square
115.5000    0    0.500   1.0000          NULL 
116.0000    2    2.000   1.0000        square
118.0000    0    0.500   1.0000          NULL 
118.5000    1    2.000   1.0000          line
120.5000    0    3.000   1.0000          NULL 
123.5000    1    2.000   1.0000          line
125.5000    0    1.500   1.0000          NULL 
127.0000    1    2.000   1.0000          line
129.0000    0    1.000   1.0000          NULL 
130.0000    2    2.000   1.0000        square
132.0000    0    1.000   1.0000          NULL 
133.0000    2    2.000   1.0000        square
135.0000    0    0.500   1.0000          NULL 
135.5000    1    2.000   1.0000          line
137.5000    0    0.500   1.0000          NULL 
138.0000    2    2.000   1.0000        square
140.0000    0    1.000   1.0000          NULL 
141.0000    2    2.000   1.0000        square
143.0000    0    3.500   1.0000          NULL 
146.5000    1    2.000   1.0000          line
148.5000    0    1.500   1.0000          NULL 
150.0000    1    2.000   1.0000          line
152.0000    0    2.000   1.0000          NULL 
154.0000    2    2.000   1.0000        square
156.0000    0    0.500   1.0000          NULL 
156.5000    1    2.000   1.0000          line
158.5000    0    0.500   1.0000          NULL 
159.0000    1    2.000   1.0000          line
161.0000    0    0.500   1.0000          NULL 
161.5000    2    2.000   1.0000        square
163.5000    0    4.000   1.0000          NULL 
167.5000    1    2.000   1.0000          line
169.5000    0    3.500   1.0000          NULL 
173.0000    2    2.000   1.0000        square
175.0000    0    0.500   1.0000          NULL 
175.5000    2    2.000   1.0000        square
177.5000    0    1.000   1.0000          NULL 
178.5000    2    2.000   1.0000        square
180.5000    0    0.500   1.0000          NULL 
181.0000    1    2.000   1.0000          line
183.0000    0    1.000   1.0000          NULL 
184.0000    2    2.000   1.0000        square
186.0000    0    0.500   1.0000          NULL 
186.5000    1    2.000   1.0000          line
188.5000    0    1.500   1.0000          NULL 
190.0000    2    2.000   1.0000        square
192.0000    0    0.500   1.0000          NULL 
192.5000    2    2.000   1.0000        square
194.5000    0    1.500   1.0000          NULL 
196.0000    1    2.000   1.0000          line
198.0000    0    0.500   1.0000          NULL 
198.5000    2    2.000   1.0000        square
200.5000    0    1.000   1.0000          NULL 
201.5000    1    2.000   1.0000          line
203.5000    0    1.000   1.0000          NULL 
204.5000    1    2.000   1.0000          line
206.5000    0    0.500   1.0000          NULL 
207.0000    1    2.000   1.0000          line
209.0000    0    1.000   1.0000          NULL 
210.0000    2    2.000   1.0000        square
212.0000    0    0.500   1.0000          NULL 
212.5000    2    2.000   1.0000        square
214.5000    0    3.000   1.0000          NULL 
217.5000    2    2.000   1.0000        square
219.5000    0    3.000   1.0000          NULL 
222.5000    2    2.000   1.0000        square
224.5000    0    1.500   1.0000          NULL 
226.0000    2    2.000   1.0000        square
228.0000    0    0.500   1.0000          NULL 
228.5000    2    2.000   1.0000        square
230.5000    0    1.000   1.0000          NULL 
231.5000    2    2.000   1.0000        square
233.5000    0    1.000   1.0000          NULL 
234.5000    1    2.000   1.0000          line
236.5000    0    3.000   1.0000          NULL 
239.5000    1    2.000   1.0000          line
241.5000    0    1.500   1.0000          NULL 
243.0000    2    2.000   1.0000        square
245.0000    0    0.500   1.0000          NULL 
245.5000    1    2.000   1.0000          line
247.5000    0    1.000   1.0000          NULL 
248.5000    2    2.000   1.0000        square
250.5000    0    1.000   1.0000          NULL 
251.5000    1    2.000   1.0000          line
253.5000    0    0.500   1.0000          NULL 
254.0000    1    2.000   1.0000          line
256.0000    0    1.000   1.0000          NULL 
257.0000    2    2.000   1.0000        square
259.0000    0    0.500   1.0000          NULL 
259.5000    2    2.000   1.0000        square
261.5000    0    0.500   1.0000          NULL 
262.0000    2    2.000   1.0000        square
264.0000    0    1.500   1.0000          NULL 
265.5000    1    2.000   1.0000          line
267.5000    0    1.500   1.0000          NULL 
269.0000    2    2.000   1.0000        square
271.0000    0    3.000   1.0000          NULL 
274.0000    2    2.000   1.0000        square
276.0000    0    1.500   1.0000          NULL 
277.5000    2    2.000   1.0000        square
279.5000    0    0.500   1.0000          NULL 
280.0000    1    2.000   1.0000          line
282.0000    0    2.000   1.0000          NULL 
284.0000    1    2.000   1.0000          line
286.0000    0    2.000   1.0000          NULL 
288.0000    2    2.000   1.0000        square
290.0000    0    1.000   1.0000          NULL 
291.0000    2    2.000   1.0000        square
293.0000    0    0.500   1.0000          NULL 
293.5000    2    2.000   1.0000        square
295.5000    0    0.500   1.0000          NULL 
296.0000    2    2.000   1.0000        square
298.0000    0    0.500   1.0000          NULL 
298.5000    2    2.000   1.0000        square
300.5000    0    0.500   1.0000          NULL 
301.0000    1    2.000   1.0000          line
303.0000    0    0.500   1.0000          NULL 
303.5000    2    2.000   1.0000        square
305.5000    0    2.500   1.0000          NULL 
308.0000    1    2.000   1.0000          line
310.0000    0    2.500   1.0000          NULL 
312.5000    2    2.000   1.0000        square
314.5000    0    0.500   1.0000          NULL 
315.0000    1    2.000   1.0000          line
317.0000    0    3.000   1.0000          NULL 
320.0000    1    2.000   1.0000          line
322.0000    0    2.000   1.0000          NULL 
324.0000    1    2.000   1.0000          line
326.0000    0    3.000   1.0000          NULL 
329.0000    1    2.000   1.0000          line
331.0000    0    0.500   1.0000          NULL 
331.5000    1    2.000   1.0000          line
333.5000    0    0.500   1.0000          NULL 
334.0000    2    2.000   1.0000        square
336.0000    0    0.500   1.0000          NULL 
336.5000    1    2.000   1.0000          line
338.5000    0    0.500   1.0000          NULL 
339.0000    2    2.000   1.0000        square
341.0000    0    0.500   1.0000          NULL 
341.5000    2    2.000   1.0000        square
343.5000    0    2.500   1.0000          NULL 
346.0000    2    2.000   1.0000        square
348.0000    0    0.500   1.0000          NULL 
348.5000    2    2.000   1.0000        square
350.5000    0    0.500   1.0000          NULL 
351.0000    2    2.000   1.0000        square
353.0000    0    4.000   1.0000          NULL 
357.0000    2    2.000   1.0000        square
359.0000    0    2.500   1.0000          NULL 
361.5000    2    2.000   1.0000        square
363.5000    0    2.500   1.0000          NULL 
366.0000    2    2.000   1.0000        square
368.0000    0    2.000   1.0000          NULL 
370.0000    1    2.000   1.0000          line
372.0000    0    2.000   1.0000          NULL 
374.0000    2    2.000   1.0000        square
376.0000    0    1.500   1.0000          NULL 
377.5000    1    2.000   1.0000          line
379.5000    0    0.500   1.0000          NULL 
380.0000    1    2.000   1.0000          line
382.0000    0    1.000   1.0000          NULL 
383.0000    1    2.000   1.0000          line
385.0000    0    0.500   1.0000          NULL 
385.5000    1    2.000   1.0000          line
387.5000    0    1.000   1.0000          NULL 
388.5000    2    2.000   1.0000        square
390.5000    0    1.500   1.0000          NULL 
392.0000    1    2.000   1.0000          line
394.0000    0    1.500   1.0000          NULL 
395.5000    2    2.000   1.0000        square
397.5000    0    2.500   1.0000          NULL 
