  0.0000    2    2.000   1.0000        square
  2.0000    0    0.500   1.0000          NULL 
  2.5000    1    2.000   1.0000          line
  4.5000    0    1.000   1.0000          NULL 
  5.5000    1    2.000   1.0000          line
  7.5000    0    0.500   1.0000          NULL 
  8.0000    2    2.000   1.0000        square
 10.0000    0    3.500   1.0000          NULL 
 13.5000    2    2.000   1.0000        square
 15.5000    0    0.500   1.0000          NULL 
 16.0000    1    2.000   1.0000          line
 18.0000    0    0.500   1.0000          NULL 
 18.5000    1    2.000   1.0000          line
 20.5000    0    2.000   1.0000          NULL 
 22.5000    2    2.000   1.0000        square
 24.5000    0    1.000   1.0000          NULL 
 25.5000    2    2.000   1.0000        square
 27.5000    0    2.500   1.0000          NULL 
 30.0000    2    2.000   1.0000        square
 32.0000    0    1.000   1.0000          NULL 
 33.0000    1    2.000   1.0000          line
 35.0000    0    0.500   1.0000          NULL 
 35.5000    1    2.000   1.0000          line
 37.5000    0    0.500   1.0000          NULL 
 38.0000    2    2.000   1.0000        square
 40.0000    0    0.500   1.0000          NULL 
 40.5000    1    2.000   1.0000          line
 42.5000    0    0.500   1.0000          NULL 
 43.0000    1    2.000   1.0000          line
 45.0000    0    1.500   1.0000          NULL 
 46.5000    1    2.000   1.0000          line
 48.5000    0    3.000   1.0000          NULL 
 51.5000    1    2.000   1.0000          line
 53.5000    0    0.500   1.0000          NULL 
 54.0000    2    2.000   1.0000        square
 56.0000    0    0.500   1.0000          NULL 
 56.5000    1    2.000   1.0000          line
 58.5000    0    0.500   1.0000          NULL 
 59.0000    1    2.000   1.0000          line
 61.0000    0    2.500   1.0000          NULL 
 63.5000    2    2.000   1.0000        square
 65.5000    0    3.500   1.0000          NULL 
 69.0000    1    2.000   1.0000          line
 71.0000    0    0.500   1.0000          NULL 
 71.5000    1    2.000   1.0000          line
 73.5000    0    0.500   1.0000          NULL 
 74.0000    1    2.000   1.0000          line
 76.0000    0    0.500   1.0000          NULL 
 76.5000    1    2.000   1.0000          line
 78.5000    0    0.500   1.0000          NULL 
 79.0000    1    2.000   1.0000          line
 81.0000    0    0.500   1.0000          NULL 
 81.5000    2    2.000   1.0000        square
 83.5000    0    0.500   1.0000          NULL 
 84.0000    1    2.000   1.0000          line
 86.0000    0    0.500   1.0000          NULL 
 86.5000    1    2.000   1.0000          line
 88.5000    0    1.000   1.0000          NULL 
 89.5000    1    2.000   1.0000          line
 91.5000    0    4.000   1.0000          NULL 
 95.5000    1    2.000   1.0000          line
 97.5000    0    0.500   1.0000          NULL 
 98.0000    2    2.000   1.0000        square
100.0000    0    2.000   1.0000          NULL 
102.0000    1    2.000   1.0000          line
104.0000    0    3.000   1.0000          NULL 
107.0000    1    2.000   1.0000          line
109.0000    0    1.000   1.0000          NULL 
110.0000    1    2.000   1.0000          line
112.0000    0    1.500   1.0000          NULL 
113.5000    2    2.000   1.0000        square
115.5000    0    1.000   1.0000          NULL 
116.5000    2    2.000   1.0000        square
118.5000    0    1.500   1.0000          NULL 
120.0000    2    2.000   1.0000        square
122.0000    0    1.000   1.0000          NULL 
123.0000    1    2.000   1.0000          line
125.0000    0    3.500   1.0000          NULL 
128.5000    2    2.000   1.0000        square
130.5000    0    0.500   1.0000          NULL 
131.0000    1    2.000   1.0000          line
133.0000    0    3.000   1.0000          NULL 
136.0000    2    2.000   1.0000        square
138.0000    0    1.500   1.0000          NULL 
139.5000    2    2.000   1.0000        square
141.5000    0    1.000   1.0000          NULL 
142.5000    2    2.000   1.0000        square
144.5000    0    0.500   1.0000          NULL 
145.0000    1    2.000   1.0000          line
147.0000    0    3.000   1.0000          NULL 
150.0000    2    2.000   1.0000        square
152.0000    0    1.000   1.0000          NULL 
153.0000    2    2.000   1.0000        square
155.0000    0    1.000   1.0000          NULL 
156.0000    1    2.000   1.0000          line
158.0000    0    2.000   1.0000          NULL 
160.0000    1    2.000   1.0000          line
162.0000    0    1.000   1.0000          NULL 
163.0000    2    2.000   1.0000        square
165.0000    0    3.000   1.0000          NULL 
168.0000    1    2.000   1.0000          line
170.0000    0    1.000   1.0000          NULL 
171.0000    2    2.000   1.0000        square
173.0000    0    0.500   1.0000          NULL 
173.5000    2    2.000   1.0000        square
175.5000    0    0.500   1.0000          NULL 
176.0000    2    2.000   1.0000        square
178.0000    0    0.500   1.0000          NULL 
178.5000    1    2.000   1.0000          line
180.5000    0    1.500   1.0000          NULL 
182.0000    2    2.000   1.0000        square
184.0000    0    1.000   1.0000          NULL 
185.0000    2    2.000   1.0000        square
187.0000    0    1.000   1.0000          NULL 
188.0000    2    2.000   1.0000        square
190.0000    0    1.500   1.0000          NULL 
191.5000    1    2.000   1.0000          line
193.5000    0    1.000   1.0000          NULL 
194.5000    1    2.000   1.0000          line
196.5000    0    0.500   1.0000          NULL 
197.0000    1    2.000   1.0000          line
199.0000    0    1.500   1.0000          NULL 
200.5000    2    2.000   1.0000        square
202.5000    0    1.000   1.0000          NULL 
203.5000    2    2.000   1.0000        square
205.5000    0    2.000   1.0000          NULL 
207.5000    2    2.000   1.0000        square
209.5000    0    1.000   1.0000          NULL 
210.5000    1    2.000   1.0000          line
212.5000    0    1.500   1.0000          NULL 
214.0000    2    2.000   1.0000        square
216.0000    0    1.500   1.0000          NULL 
217.5000    2    2.000   1.0000        square
219.5000    0    2.000   1.0000          NULL 
221.5000    1    2.000   1.0000          line
223.5000    0    2.000   1.0000          NULL 
225.5000    1    2.000   1.0000          line
227.5000    0    0.500   1.0000          NULL 
228.0000    1    2.000   1.0000          line
230.0000    0    1.000   1.0000          NULL 
231.0000    1    2.000   1.0000          line
233.0000    0    1.500   1.0000          NULL 
234.5000    2    2.000   1.0000        square
236.5000    0    0.500   1.0000          NULL 
237.0000    2    2.000   1.0000        square
239.0000    0    0.500   1.0000          NULL 
239.5000    1    2.000   1.0000          line
241.5000    0    0.500   1.0000          NULL 
242.0000    2    2.000   1.0000        square
244.0000    0    0.500   1.0000          NULL 
244.5000    2    2.000   1.0000        square
246.5000    0    2.000   1.0000          NULL 
248.5000    2    2.000   1.0000        square
250.5000    0    2.000   1.0000          NULL 
252.5000    1    2.000   1.0000          line
254.5000    0    1.000   1.0000          NULL 
255.5000    1    2.000   1.0000          line
257.5000    0    0.500   1.0000          NULL 
258.0000    1    2.000   1.0000          line
260.0000    0    3.500   1.0000          NULL 
263.5000    1    2.000   1.0000          line
265.5000    0    0.500   1.0000          NULL 
266.0000    1    2.000   1.0000          line
268.0000    0    1.000   1.0000          NULL 
269.0000    2    2.000   1.0000        square
271.0000    0    0.500   1.0000          NULL 
271.5000    1    2.000   1.0000          line
273.5000    0    0.500   1.0000          NULL 
274.0000    2    2.000   1.0000        square
276.0000    0    2.000   1.0000          NULL 
278.0000    2    2.000   1.0000        square
280.0000    0    1.000   1.0000          NULL 
281.0000    2    2.000   1.0000        square
283.0000    0    2.500   1.0000          NULL 
285.5000    2    2.000   1.0000        square
287.5000    0    3.000   1.0000          NULL 
290.5000    2    2.000   1.0000        square
292.5000    0    0.500   1.0000          NULL 
293.0000    2    2.000   1.0000        square
295.0000    0    0.500   1.0000          NULL 
295.5000    1    2.000   1.0000          line
297.5000    0    3.500   1.0000          NULL 
301.0000    1    2.000   1.0000          line
303.0000    0    0.500   1.0000          NULL 
303.5000    1    2.000   1.0000          line
305.5000    0    2.000   1.0000          NULL 
307.5000    2    2.000   1.0000        square
309.5000    0    2.500   1.0000          NULL 
312.0000    1    2.000   1.0000          line
314.0000    0    3.500   1.0000          NULL 
317.5000    2    2.000   1.0000        square
319.5000    0    0.500   1.0000          NULL 
320.0000    2    2.000   1.0000        square
322.0000    0    2.500   1.0000          NULL 
324.5000    1    2.000   1.0000          line
326.5000    0    2.000   1.0000          NULL 
328.5000    1    2.000   1.0000          line
330.5000    0    0.500   1.0000          NULL 
331.0000    1    2.000   1.0000          line
333.0000    0    0.500   1.0000          NULL 
333.5000    2    2.000   1.0000        square
335.5000    0    0.500   1.0000          NULL 
336.0000    1    2.000   1.0000          line
338.0000    0    0.500   1.0000          NULL 
338.5000    2    2.000   1.0000        square
340.5000    0    1.000   1.0000          NULL 
341.5000    2    2.000   1.0000        square
343.5000    0    1.000   1.0000          NULL 
344.5000    2    2.000   1.0000        square
346.5000    0    1.500   1.0000          NULL 
348.0000    2    2.000   1.0000        square
350.0000    0    0.500   1.0000          NULL 
350.5000    2    2.000   1.0000        square
352.5000    0    0.500   1.0000          NULL 
353.0000    2    2.000   1.0000        square
355.0000    0    2.000   1.0000          NULL 
357.0000    1    2.000   1.0000          line
359.0000    0    3.000   1.0000          NULL 
362.0000    2    2.000   1.0000        square
364.0000    0    1.500   1.0000          NULL 
365.5000    1    2.000   1.0000          line
367.5000    0    1.500   1.0000          NULL 
369.0000    1    2.000   1.0000          line
371.0000    0    0.500   1.0000          NULL 
371.5000    2    2.000   1.0000        square
373.5000    0    3.500   1.0000          NULL 
377.0000    2    2.000   1.0000        square
379.0000    0    1.000   1.0000          NULL 
380.0000    2    2.000   1.0000        square
382.0000    0    2.000   1.0000          NULL 
384.0000    2    2.000   1.0000        square
386.0000    0    1.500   1.0000          NULL 
387.5000    1    2.000   1.0000          line
389.5000    0    0.500   1.0000          NULL 
390.0000    2    2.000   1.0000        square
392.0000    0    2.500   1.0000          NULL 
394.5000    1    2.000   1.0000          line
396.5000    0    1.000   1.0000          NULL 
397.5000    1    2.000   1.0000          line
399.5000    0    0.500   1.0000          NULL 
