  0.0000    1    2.000   1.0000          line
  2.0000    0    1.600   1.0000          NULL 
  3.6000    2    2.000   1.0000        square
  5.6000    0    1.000   1.0000          NULL 
  6.6000    1    2.000   1.0000          line
  8.6000    0    1.000   1.0000          NULL 
  9.6000    1    2.000   1.0000          line
 11.6000    0    1.200   1.0000          NULL 
 12.8000    1    2.000   1.0000          line
 14.8000    0    1.100   1.0000          NULL 
 15.9000    2    2.000   1.0000        square
 17.9000    0    1.800   1.0000          NULL 
 19.7000    2    2.000   1.0000        square
 21.7000    0    1.000   1.0000          NULL 
 22.7000    1    2.000   1.0000          line
 24.7000    0    1.000   1.0000          NULL 
 25.7000    1    2.000   1.0000          line
 27.7000    0    2.000   1.0000          NULL 
 29.7000    2    2.000   1.0000        square
 31.7000    0    1.300   1.0000          NULL 
 33.0000    1    2.000   1.0000          line
 35.0000    0    1.700   1.0000          NULL 
 36.7000    1    2.000   1.0000          line
 38.7000    0    1.400   1.0000          NULL 
 40.1000    2    2.000   1.0000        square
 42.1000    0    1.200   1.0000          NULL 
 43.3000    2    2.000   1.0000        square
 45.3000    0    1.000   1.0000          NULL 
 46.3000    2    2.000   1.0000        square
 48.3000    0    1.600   1.0000          NULL 
 49.9000    2    2.000   1.0000        square
 51.9000    0    1.200   1.0000          NULL 
 53.1000    1    2.000   1.0000          line
 55.1000    0    1.400   1.0000          NULL 
 56.5000    2    2.000   1.0000        square
 58.5000    0    1.000   1.0000          NULL 
 59.5000    2    2.000   1.0000        square
 61.5000    0    1.100   1.0000          NULL 
 62.6000    2    2.000   1.0000        square
 64.6000    0    1.000   1.0000          NULL 
 65.6000    2    2.000   1.0000        square
 67.6000    0    1.300   1.0000          NULL 
 68.9000    1    2.000   1.0000          line
 70.9000    0    1.200   1.0000          NULL 
 72.1000    1    2.000   1.0000          line
 74.1000    0    1.500   1.0000          NULL 
 75.5999    1    2.000   1.0000          line
 77.5999    0    1.000   1.0000          NULL 
 78.5999    2    2.000   1.0000        square
 80.5999    0    1.800   1.0000          NULL 
 82.3999    1    2.000   1.0000          line
 84.3999    0    1.000   1.0000          NULL 
 85.3999    1    2.000   1.0000          line
 87.3999    0    1.000   1.0000          NULL 
 88.3999    1    2.000   1.0000          line
 90.3999    0    1.300   1.0000          NULL 
 91.6999    1    2.000   1.0000          line
 93.6999    0    1.200   1.0000          NULL 
 94.8999    2    2.000   1.0000        square
 96.8999    0    1.000   1.0000          NULL 
 97.8999    2    2.000   1.0000        square
 99.8999    0    1.900   1.0000          NULL 
101.7999    2    2.000   1.0000        square
103.7999    0    1.400   1.0000          NULL 
105.1999    2    2.000   1.0000        square
107.1999    0    1.000   1.0000          NULL 
108.1999    1    2.000   1.0000          line
110.1999    0    1.000   1.0000          NULL 
111.1999    2    2.000   1.0000        square
113.1999    0    1.300   1.0000          NULL 
114.4999    2    2.000   1.0000        square
116.4999    0    1.200   1.0000          NULL 
117.6999    1    2.000   1.0000          line
119.6999    0    1.100   1.0000          NULL 
120.7999    1    2.000   1.0000          line
122.7999    0    1.100   1.0000          NULL 
123.8999    1    2.000   1.0000          line
125.8999    0    1.000   1.0000          NULL 
126.8999    2    2.000   1.0000        square
128.8999    0    1.100   1.0000          NULL 
