  0.0000    2    2.000   1.0000        square
  2.0000    0    1.100   1.0000          NULL 
  3.1000    1    2.000   1.0000          line
  5.1000    0    1.500   1.0000          NULL 
  6.6000    2    2.000   1.0000        square
  8.6000    0    1.100   1.0000          NULL 
  9.7000    2    2.000   1.0000        square
 11.7000    0    1.100   1.0000          NULL 
 12.8000    1    2.000   1.0000          line
 14.8000    0    1.500   1.0000          NULL 
 16.3000    1    2.000   1.0000          line
 18.3000    0    1.200   1.0000          NULL 
 19.5000    1    2.000   1.0000          line
 21.5000    0    1.200   1.0000          NULL 
 22.7000    2    2.000   1.0000        square
 24.7000    0    1.100   1.0000          NULL 
 25.8000    1    2.000   1.0000          line
 27.8000    0    1.100   1.0000          NULL 
 28.9000    2    2.000   1.0000        square
 30.9000    0    1.900   1.0000          NULL 
 32.8000    1    2.000   1.0000          line
 34.8000    0    1.300   1.0000          NULL 
 36.1000    1    2.000   1.0000          line
 38.1000    0    1.000   1.0000          NULL 
 39.1000    1    2.000   1.0000          line
 41.1000    0    1.500   1.0000          NULL 
 42.6000    1    2.000   1.0000          line
 44.6000    0    1.000   1.0000          NULL 
 45.6000    2    2.000   1.0000        square
 47.6000    0    1.700   1.0000          NULL 
 49.3000    2    2.000   1.0000        square
 51.3000    0    1.000   1.0000          NULL 
 52.3000    2    2.000   1.0000        square
 54.3000    0    1.400   1.0000          NULL 
 55.7000    1    2.000   1.0000          line
 57.7000    0    1.000   1.0000          NULL 
 58.7000    2    2.000   1.0000        square
 60.7000    0    1.500   1.0000          NULL 
 62.2000    1    2.000   1.0000          line
 64.2000    0    1.000   1.0000          NULL 
 65.2000    1    2.000   1.0000          line
 67.2000    0    1.600   1.0000          NULL 
 68.7999    1    2.000   1.0000          line
 70.7999    0    1.200   1.0000          NULL 
 71.9999    1    2.000   1.0000          line
 73.9999    0    1.000   1.0000          NULL 
 74.9999    2    2.000   1.0000        square
 76.9999    0    1.000   1.0000          NULL 
 77.9999    2    2.000   1.0000        square
 79.9999    0    1.000   1.0000          NULL 
 80.9999    2    2.000   1.0000        square
 82.9999    0    1.200   1.0000          NULL 
 84.1999    2    2.000   1.0000        square
 86.1999    0    1.000   1.0000          NULL 
 87.1999    1    2.000   1.0000          line
 89.1999    0    1.300   1.0000          NULL 
 90.4999    2    2.000   1.0000        square
 92.4999    0    1.200   1.0000          NULL 
 93.6999    1    2.000   1.0000          line
 95.6999    0    1.900   1.0000          NULL 
 97.5999    1    2.000   1.0000          line
 99.5999    0    1.500   1.0000          NULL 
101.0999    2    2.000   1.0000        square
103.0999    0    1.100   1.0000          NULL 
104.1999    2    2.000   1.0000        square
106.1999    0    1.000   1.0000          NULL 
107.1999    1    2.000   1.0000          line
109.1999    0    2.000   1.0000          NULL 
111.1999    2    2.000   1.0000        square
113.1999    0    1.300   1.0000          NULL 
114.4999    2    2.000   1.0000        square
116.4999    0    1.200   1.0000          NULL 
117.6999    2    2.000   1.0000        square
119.6999    0    1.100   1.0000          NULL 
120.7999    1    2.000   1.0000          line
122.7999    0    1.100   1.0000          NULL 
123.8999    1    2.000   1.0000          line
125.8999    0    1.000   1.0000          NULL 
126.8999    2    2.000   1.0000        square
128.8999    0    1.100   1.0000          NULL 
