  0.0000    1    2.000   1.0000          line
  2.0000    0    4.000   1.0000          NULL 
  6.0000    2    2.000   1.0000        square
  8.0000    0    0.500   1.0000          NULL 
  8.5000    1    2.000   1.0000          line
 10.5000    0    2.000   1.0000          NULL 
 12.5000    1    2.000   1.0000          line
 14.5000    0    3.000   1.0000          NULL 
 17.5000    2    2.000   1.0000        square
 19.5000    0    0.500   1.0000          NULL 
 20.0000    1    2.000   1.0000          line
 22.0000    0    1.000   1.0000          NULL 
 23.0000    2    2.000   1.0000        square
 25.0000    0    1.000   1.0000          NULL 
 26.0000    2    2.000   1.0000        square
 28.0000    0    1.000   1.0000          NULL 
 29.0000    1    2.000   1.0000          line
 31.0000    0    3.000   1.0000          NULL 
 34.0000    2    2.000   1.0000        square
 36.0000    0    1.000   1.0000          NULL 
 37.0000    1    2.000   1.0000          line
 39.0000    0    1.000   1.0000          NULL 
 40.0000    2    2.000   1.0000        square
 42.0000    0    0.500   1.0000          NULL 
 42.5000    1    2.000   1.0000          line
 44.5000    0    3.000   1.0000          NULL 
 47.5000    1    2.000   1.0000          line
 49.5000    0    3.000   1.0000          NULL 
 52.5000    1    2.000   1.0000          line
 54.5000    0    1.500   1.0000          NULL 
 56.0000    2    2.000   1.0000        square
 58.0000    0    3.500   1.0000          NULL 
 61.5000    2    2.000   1.0000        square
 63.5000    0    1.500   1.0000          NULL 
 65.0000    1    2.000   1.0000          line
 67.0000    0    2.000   1.0000          NULL 
 69.0000    2    2.000   1.0000        square
 71.0000    0    0.500   1.0000          NULL 
 71.5000    2    2.000   1.0000        square
 73.5000    0    0.500   1.0000          NULL 
 74.0000    1    2.000   1.0000          line
 76.0000    0    0.500   1.0000          NULL 
 76.5000    2    2.000   1.0000        square
 78.5000    0    0.500   1.0000          NULL 
 79.0000    2    2.000   1.0000        square
 81.0000    0    1.500   1.0000          NULL 
 82.5000    2    2.000   1.0000        square
 84.5000    0    1.000   1.0000          NULL 
 85.5000    1    2.000   1.0000          line
 87.5000    0    1.500   1.0000          NULL 
 89.0000    2    2.000   1.0000        square
 91.0000    0    0.500   1.0000          NULL 
 91.5000    2    2.000   1.0000        square
 93.5000    0    1.000   1.0000          NULL 
 94.5000    2    2.000   1.0000        square
 96.5000    0    0.500   1.0000          NULL 
 97.0000    2    2.000   1.0000        square
 99.0000    0    1.000   1.0000          NULL 
100.0000    1    2.000   1.0000          line
102.0000    0    0.500   1.0000          NULL 
102.5000    1    2.000   1.0000          line
104.5000    0    0.500   1.0000          NULL 
105.0000    2    2.000   1.0000        square
107.0000    0    3.000   1.0000          NULL 
110.0000    2    2.000   1.0000        square
112.0000    0    3.000   1.0000          NULL 
115.0000    1    2.000   1.0000          line
117.0000    0    2.000   1.0000          NULL 
119.0000    1    2.000   1.0000          line
121.0000    0    1.000   1.0000          NULL 
122.0000    2    2.000   1.0000        square
124.0000    0    1.000   1.0000          NULL 
125.0000    2    2.000   1.0000        square
127.0000    0    0.500   1.0000          NULL 
127.5000    2    2.000   1.0000        square
129.5000    0    0.500   1.0000          NULL 
130.0000    1    2.000   1.0000          line
132.0000    0    0.500   1.0000          NULL 
132.5000    2    2.000   1.0000        square
134.5000    0    3.500   1.0000          NULL 
138.0000    2    2.000   1.0000        square
140.0000    0    1.000   1.0000          NULL 
141.0000    2    2.000   1.0000        square
143.0000    0    2.000   1.0000          NULL 
145.0000    1    2.000   1.0000          line
147.0000    0    1.000   1.0000          NULL 
148.0000    1    2.000   1.0000          line
150.0000    0    3.500   1.0000          NULL 
153.5000    1    2.000   1.0000          line
155.5000    0    0.500   1.0000          NULL 
156.0000    1    2.000   1.0000          line
158.0000    0    0.500   1.0000          NULL 
158.5000    2    2.000   1.0000        square
160.5000    0    0.500   1.0000          NULL 
161.0000    2    2.000   1.0000        square
163.0000    0    1.500   1.0000          NULL 
164.5000    1    2.000   1.0000          line
166.5000    0    0.500   1.0000          NULL 
167.0000    1    2.000   1.0000          line
169.0000    0    0.500   1.0000          NULL 
169.5000    1    2.000   1.0000          line
171.5000    0    3.000   1.0000          NULL 
174.5000    1    2.000   1.0000          line
176.5000    0    1.000   1.0000          NULL 
177.5000    1    2.000   1.0000          line
179.5000    0    0.500   1.0000          NULL 
180.0000    2    2.000   1.0000        square
182.0000    0    0.500   1.0000          NULL 
182.5000    2    2.000   1.0000        square
184.5000    0    0.500   1.0000          NULL 
185.0000    1    2.000   1.0000          line
187.0000    0    0.500   1.0000          NULL 
187.5000    1    2.000   1.0000          line
189.5000    0    0.500   1.0000          NULL 
190.0000    1    2.000   1.0000          line
192.0000    0    1.000   1.0000          NULL 
193.0000    2    2.000   1.0000        square
195.0000    0    1.000   1.0000          NULL 
196.0000    1    2.000   1.0000          line
198.0000    0    3.000   1.0000          NULL 
201.0000    2    2.000   1.0000        square
203.0000    0    2.500   1.0000          NULL 
205.5000    1    2.000   1.0000          line
207.5000    0    2.000   1.0000          NULL 
209.5000    1    2.000   1.0000          line
211.5000    0    1.000   1.0000          NULL 
212.5000    1    2.000   1.0000          line
214.5000    0    4.000   1.0000          NULL 
218.5000    1    2.000   1.0000          line
220.5000    0    0.500   1.0000          NULL 
221.0000    2    2.000   1.0000        square
223.0000    0    3.500   1.0000          NULL 
226.5000    2    2.000   1.0000        square
228.5000    0    1.500   1.0000          NULL 
230.0000    2    2.000   1.0000        square
232.0000    0    1.500   1.0000          NULL 
233.5000    2    2.000   1.0000        square
235.5000    0    0.500   1.0000          NULL 
236.0000    1    2.000   1.0000          line
238.0000    0    0.500   1.0000          NULL 
238.5000    1    2.000   1.0000          line
240.5000    0    0.500   1.0000          NULL 
241.0000    1    2.000   1.0000          line
243.0000    0    1.000   1.0000          NULL 
244.0000    1    2.000   1.0000          line
246.0000    0    2.000   1.0000          NULL 
248.0000    1    2.000   1.0000          line
250.0000    0    0.500   1.0000          NULL 
250.5000    2    2.000   1.0000        square
252.5000    0    0.500   1.0000          NULL 
253.0000    1    2.000   1.0000          line
255.0000    0    0.500   1.0000          NULL 
255.5000    1    2.000   1.0000          line
257.5000    0    2.000   1.0000          NULL 
259.5000    2    2.000   1.0000        square
261.5000    0    0.500   1.0000          NULL 
262.0000    1    2.000   1.0000          line
264.0000    0    1.500   1.0000          NULL 
265.5000    2    2.000   1.0000        square
267.5000    0    4.000   1.0000          NULL 
271.5000    2    2.000   1.0000        square
273.5000    0    0.500   1.0000          NULL 
274.0000    2    2.000   1.0000        square
276.0000    0    0.500   1.0000          NULL 
276.5000    2    2.000   1.0000        square
278.5000    0    2.500   1.0000          NULL 
281.0000    1    2.000   1.0000          line
283.0000    0    2.500   1.0000          NULL 
285.5000    2    2.000   1.0000        square
287.5000    0    0.500   1.0000          NULL 
288.0000    1    2.000   1.0000          line
290.0000    0    0.500   1.0000          NULL 
290.5000    1    2.000   1.0000          line
292.5000    0    0.500   1.0000          NULL 
293.0000    1    2.000   1.0000          line
295.0000    0    2.500   1.0000          NULL 
297.5000    1    2.000   1.0000          line
299.5000    0    0.500   1.0000          NULL 
300.0000    2    2.000   1.0000        square
302.0000    0    1.500   1.0000          NULL 
303.5000    1    2.000   1.0000          line
305.5000    0    1.000   1.0000          NULL 
306.5000    1    2.000   1.0000          line
308.5000    0    1.500   1.0000          NULL 
310.0000    2    2.000   1.0000        square
312.0000    0    0.500   1.0000          NULL 
312.5000    1    2.000   1.0000          line
314.5000    0    0.500   1.0000          NULL 
315.0000    1    2.000   1.0000          line
317.0000    0    1.000   1.0000          NULL 
318.0000    1    2.000   1.0000          line
320.0000    0    0.500   1.0000          NULL 
320.5000    1    2.000   1.0000          line
322.5000    0    0.500   1.0000          NULL 
323.0000    1    2.000   1.0000          line
325.0000    0    0.500   1.0000          NULL 
325.5000    2    2.000   1.0000        square
327.5000    0    2.500   1.0000          NULL 
330.0000    1    2.000   1.0000          line
332.0000    0    0.500   1.0000          NULL 
332.5000    2    2.000   1.0000        square
334.5000    0    0.500   1.0000          NULL 
335.0000    2    2.000   1.0000        square
337.0000    0    1.000   1.0000          NULL 
338.0000    2    2.000   1.0000        square
340.0000    0    4.000   1.0000          NULL 
344.0000    2    2.000   1.0000        square
346.0000    0    0.500   1.0000          NULL 
346.5000    1    2.000   1.0000          line
348.5000    0    2.000   1.0000          NULL 
350.5000    2    2.000   1.0000        square
352.5000    0    1.500   1.0000          NULL 
354.0000    2    2.000   1.0000        square
356.0000    0    1.000   1.0000          NULL 
357.0000    2    2.000   1.0000        square
359.0000    0    1.000   1.0000          NULL 
360.0000    1    2.000   1.0000          line
362.0000    0    2.500   1.0000          NULL 
364.5000    1    2.000   1.0000          line
366.5000    0    1.000   1.0000          NULL 
367.5000    2    2.000   1.0000        square
369.5000    0    3.500   1.0000          NULL 
373.0000    2    2.000   1.0000        square
375.0000    0    0.500   1.0000          NULL 
375.5000    2    2.000   1.0000        square
377.5000    0    1.500   1.0000          NULL 
379.0000    1    2.000   1.0000          line
381.0000    0    0.500   1.0000          NULL 
381.5000    2    2.000   1.0000        square
383.5000    0    0.500   1.0000          NULL 
384.0000    1    2.000   1.0000          line
386.0000    0    2.500   1.0000          NULL 
388.5000    2    2.000   1.0000        square
390.5000    0    0.500   1.0000          NULL 
391.0000    2    2.000   1.0000        square
393.0000    0    0.500   1.0000          NULL 
393.5000    2    2.000   1.0000        square
395.5000    0    0.500   1.0000          NULL 
396.0000    2    2.000   1.0000        square
398.0000    0    2.000   1.0000          NULL 
