  0.0000    1    2.000   1.0000          line
  2.0000    0    1.000   1.0000          NULL 
  3.0000    1    2.000   1.0000          line
  5.0000    0    1.200   1.0000          NULL 
  6.2000    2    2.000   1.0000        square
  8.2000    0    1.000   1.0000          NULL 
  9.2000    1    2.000   1.0000          line
 11.2000    0    1.000   1.0000          NULL 
 12.2000    2    2.000   1.0000        square
 14.2000    0    1.000   1.0000          NULL 
 15.2000    1    2.000   1.0000          line
 17.2000    0    1.000   1.0000          NULL 
 18.2000    1    2.000   1.0000          line
 20.2000    0    1.900   1.0000          NULL 
 22.1000    1    2.000   1.0000          line
 24.1000    0    1.000   1.0000          NULL 
 25.1000    2    2.000   1.0000        square
 27.1000    0    1.500   1.0000          NULL 
 28.6000    1    2.000   1.0000          line
 30.6000    0    1.500   1.0000          NULL 
 32.1000    2    2.000   1.0000        square
 34.1000    0    1.000   1.0000          NULL 
 35.1000    1    2.000   1.0000          line
 37.1000    0    1.100   1.0000          NULL 
 38.2000    2    2.000   1.0000        square
 40.2000    0    1.200   1.0000          NULL 
 41.4000    2    2.000   1.0000        square
 43.4000    0    1.700   1.0000          NULL 
 45.1000    2    2.000   1.0000        square
 47.1000    0    1.000   1.0000          NULL 
 48.1000    2    2.000   1.0000        square
 50.1000    0    1.100   1.0000          NULL 
 51.2000    2    2.000   1.0000        square
 53.2000    0    1.400   1.0000          NULL 
 54.6000    1    2.000   1.0000          line
 56.6000    0    1.000   1.0000          NULL 
 57.6000    2    2.000   1.0000        square
 59.6000    0    1.300   1.0000          NULL 
 60.9000    1    2.000   1.0000          line
 62.9000    0    1.300   1.0000          NULL 
 64.2000    1    2.000   1.0000          line
 66.2000    0    1.100   1.0000          NULL 
 67.3000    1    2.000   1.0000          line
 69.3000    0    1.500   1.0000          NULL 
 70.8000    2    2.000   1.0000        square
 72.8000    0    1.500   1.0000          NULL 
 74.3000    2    2.000   1.0000        square
 76.3000    0    1.000   1.0000          NULL 
 77.3000    1    2.000   1.0000          line
 79.3000    0    1.100   1.0000          NULL 
 80.4000    1    2.000   1.0000          line
 82.4000    0    1.100   1.0000          NULL 
 83.5000    2    2.000   1.0000        square
 85.5000    0    1.200   1.0000          NULL 
 86.7000    2    2.000   1.0000        square
 88.7000    0    1.800   1.0000          NULL 
 90.4999    1    2.000   1.0000          line
 92.4999    0    1.300   1.0000          NULL 
 93.7999    1    2.000   1.0000          line
 95.7999    0    2.000   1.0000          NULL 
 97.7999    2    2.000   1.0000        square
 99.7999    0    1.100   1.0000          NULL 
100.8999    2    2.000   1.0000        square
102.8999    0    1.200   1.0000          NULL 
104.0999    1    2.000   1.0000          line
106.0999    0    1.000   1.0000          NULL 
107.0999    1    2.000   1.0000          line
109.0999    0    1.700   1.0000          NULL 
110.7999    2    2.000   1.0000        square
112.7999    0    1.500   1.0000          NULL 
114.2999    1    2.000   1.0000          line
116.2999    0    1.000   1.0000          NULL 
117.2999    1    2.000   1.0000          line
119.2999    0    1.100   1.0000          NULL 
120.3999    2    2.000   1.0000        square
122.3999    0    1.000   1.0000          NULL 
123.3999    2    2.000   1.0000        square
125.3999    0    1.500   1.0000          NULL 
126.8999    2    2.000   1.0000        square
128.8999    0    1.100   1.0000          NULL 
