  0.0000    1    2.000   1.0000          line
  2.0000    0    1.000   1.0000          NULL 
  3.0000    1    2.000   1.0000          line
  5.0000    0    1.400   1.0000          NULL 
  6.4000    1    2.000   1.0000          line
  8.4000    0    1.100   1.0000          NULL 
  9.5000    1    2.000   1.0000          line
 11.5000    0    1.000   1.0000          NULL 
 12.5000    1    2.000   1.0000          line
 14.5000    0    1.100   1.0000          NULL 
 15.6000    1    2.000   1.0000          line
 17.6000    0    1.800   1.0000          NULL 
 19.4000    1    2.000   1.0000          line
 21.4000    0    1.000   1.0000          NULL 
 22.4000    1    2.000   1.0000          line
 24.4000    0    1.500   1.0000          NULL 
 25.9000    1    2.000   1.0000          line
 27.9000    0    1.600   1.0000          NULL 
 29.5000    1    2.000   1.0000          line
 31.5000    0    1.000   1.0000          NULL 
 32.5000    1    2.000   1.0000          line
 34.5000    0    1.600   1.0000          NULL 
 36.1000    1    2.000   1.0000          line
 38.1000    0    1.100   1.0000          NULL 
 39.2000    1    2.000   1.0000          line
 41.2000    0    1.100   1.0000          NULL 
 42.3000    1    2.000   1.0000          line
 44.3000    0    1.100   1.0000          NULL 
 45.4000    1    2.000   1.0000          line
 47.4000    0    1.100   1.0000          NULL 
 48.5000    1    2.000   1.0000          line
 50.5000    0    1.000   1.0000          NULL 
 51.5000    1    2.000   1.0000          line
 53.5000    0    1.700   1.0000          NULL 
 55.2000    1    2.000   1.0000          line
 57.2000    0    1.200   1.0000          NULL 
 58.4000    1    2.000   1.0000          line
 60.4000    0    1.100   1.0000          NULL 
 61.5000    1    2.000   1.0000          line
 63.5000    0    1.100   1.0000          NULL 
 64.6000    1    2.000   1.0000          line
 66.6000    0    1.000   1.0000          NULL 
 67.6000    1    2.000   1.0000          line
 69.6000    0    1.300   1.0000          NULL 
 70.9000    1    2.000   1.0000          line
 72.9000    0    1.400   1.0000          NULL 
 74.3000    1    2.000   1.0000          line
 76.3000    0    2.000   1.0000          NULL 
 78.2999    1    2.000   1.0000          line
 80.2999    0    1.000   1.0000          NULL 
 81.2999    1    2.000   1.0000          line
 83.2999    0    1.000   1.0000          NULL 
 84.2999    1    2.000   1.0000          line
 86.2999    0    1.000   1.0000          NULL 
 87.2999    1    2.000   1.0000          line
 89.2999    0    1.000   1.0000          NULL 
 90.2999    1    2.000   1.0000          line
 92.2999    0    1.800   1.0000          NULL 
 94.0999    1    2.000   1.0000          line
 96.0999    0    1.500   1.0000          NULL 
 97.5999    1    2.000   1.0000          line
 99.5999    0    1.000   1.0000          NULL 
100.5999    1    2.000   1.0000          line
102.5999    0    1.200   1.0000          NULL 
103.7999    1    2.000   1.0000          line
105.7999    0    1.500   1.0000          NULL 
107.2999    1    2.000   1.0000          line
109.2999    0    1.100   1.0000          NULL 
110.3999    1    2.000   1.0000          line
112.3999    0    1.900   1.0000          NULL 
114.2999    1    2.000   1.0000          line
116.2999    0    1.300   1.0000          NULL 
117.5999    1    2.000   1.0000          line
119.5999    0    1.000   1.0000          NULL 
120.5999    1    2.000   1.0000          line
122.5999    0    1.200   1.0000          NULL 
123.7999    1    2.000   1.0000          line
125.7999    0    1.100   1.0000          NULL 
126.8999    1    2.000   1.0000          line
128.8999    0    1.100   1.0000          NULL 
