  0.0000    1    2.000   1.0000          line
  2.0000    0    3.000   1.0000          NULL 
  5.0000    1    2.000   1.0000          line
  7.0000    0    0.500   1.0000          NULL 
  7.5000    1    2.000   1.0000          line
  9.5000    0    1.000   1.0000          NULL 
 10.5000    1    2.000   1.0000          line
 12.5000    0    1.000   1.0000          NULL 
 13.5000    1    2.000   1.0000          line
 15.5000    0    1.000   1.0000          NULL 
 16.5000    1    2.000   1.0000          line
 18.5000    0    1.000   1.0000          NULL 
 19.5000    1    2.000   1.0000          line
 21.5000    0    0.500   1.0000          NULL 
 22.0000    1    2.000   1.0000          line
 24.0000    0    1.000   1.0000          NULL 
 25.0000    1    2.000   1.0000          line
 27.0000    0    0.500   1.0000          NULL 
 27.5000    1    2.000   1.0000          line
 29.5000    0    1.500   1.0000          NULL 
 31.0000    1    2.000   1.0000          line
 33.0000    0    2.500   1.0000          NULL 
 35.5000    1    2.000   1.0000          line
 37.5000    0    1.000   1.0000          NULL 
 38.5000    1    2.000   1.0000          line
 40.5000    0    2.000   1.0000          NULL 
 42.5000    1    2.000   1.0000          line
 44.5000    0    1.500   1.0000          NULL 
 46.0000    1    2.000   1.0000          line
 48.0000    0    2.500   1.0000          NULL 
 50.5000    1    2.000   1.0000          line
 52.5000    0    0.500   1.0000          NULL 
 53.0000    1    2.000   1.0000          line
 55.0000    0    0.500   1.0000          NULL 
 55.5000    1    2.000   1.0000          line
 57.5000    0    1.000   1.0000          NULL 
 58.5000    1    2.000   1.0000          line
 60.5000    0    2.000   1.0000          NULL 
 62.5000    1    2.000   1.0000          line
 64.5000    0    0.500   1.0000          NULL 
 65.0000    1    2.000   1.0000          line
 67.0000    0    0.500   1.0000          NULL 
 67.5000    1    2.000   1.0000          line
 69.5000    0    0.500   1.0000          NULL 
 70.0000    1    2.000   1.0000          line
 72.0000    0    0.500   1.0000          NULL 
 72.5000    1    2.000   1.0000          line
 74.5000    0    3.500   1.0000          NULL 
 78.0000    1    2.000   1.0000          line
 80.0000    0    0.500   1.0000          NULL 
 80.5000    1    2.000   1.0000          line
 82.5000    0    0.500   1.0000          NULL 
 83.0000    1    2.000   1.0000          line
 85.0000    0    1.000   1.0000          NULL 
 86.0000    1    2.000   1.0000          line
 88.0000    0    3.000   1.0000          NULL 
 91.0000    1    2.000   1.0000          line
 93.0000    0    1.500   1.0000          NULL 
 94.5000    1    2.000   1.0000          line
 96.5000    0    0.500   1.0000          NULL 
 97.0000    1    2.000   1.0000          line
 99.0000    0    0.500   1.0000          NULL 
 99.5000    1    2.000   1.0000          line
101.5000    0    0.500   1.0000          NULL 
102.0000    1    2.000   1.0000          line
104.0000    0    3.500   1.0000          NULL 
107.5000    1    2.000   1.0000          line
109.5000    0    0.500   1.0000          NULL 
110.0000    1    2.000   1.0000          line
112.0000    0    2.500   1.0000          NULL 
114.5000    1    2.000   1.0000          line
116.5000    0    2.000   1.0000          NULL 
118.5000    1    2.000   1.0000          line
120.5000    0    0.500   1.0000          NULL 
121.0000    1    2.000   1.0000          line
123.0000    0    3.000   1.0000          NULL 
126.0000    1    2.000   1.0000          line
128.0000    0    3.000   1.0000          NULL 
131.0000    1    2.000   1.0000          line
133.0000    0    0.500   1.0000          NULL 
133.5000    1    2.000   1.0000          line
135.5000    0    0.500   1.0000          NULL 
136.0000    1    2.000   1.0000          line
138.0000    0    0.500   1.0000          NULL 
138.5000    1    2.000   1.0000          line
140.5000    0    1.000   1.0000          NULL 
141.5000    1    2.000   1.0000          line
143.5000    0    2.500   1.0000          NULL 
146.0000    1    2.000   1.0000          line
148.0000    0    1.000   1.0000          NULL 
149.0000    1    2.000   1.0000          line
151.0000    0    0.500   1.0000          NULL 
151.5000    1    2.000   1.0000          line
153.5000    0    1.500   1.0000          NULL 
155.0000    1    2.000   1.0000          line
157.0000    0    1.000   1.0000          NULL 
158.0000    1    2.000   1.0000          line
160.0000    0    0.500   1.0000          NULL 
160.5000    1    2.000   1.0000          line
162.5000    0    2.000   1.0000          NULL 
164.5000    1    2.000   1.0000          line
166.5000    0    2.500   1.0000          NULL 
169.0000    1    2.000   1.0000          line
171.0000    0    1.000   1.0000          NULL 
172.0000    1    2.000   1.0000          line
174.0000    0    3.000   1.0000          NULL 
177.0000    1    2.000   1.0000          line
179.0000    0    1.000   1.0000          NULL 
180.0000    1    2.000   1.0000          line
182.0000    0    0.500   1.0000          NULL 
182.5000    1    2.000   1.0000          line
184.5000    0    0.500   1.0000          NULL 
185.0000    1    2.000   1.0000          line
187.0000    0    0.500   1.0000          NULL 
187.5000    1    2.000   1.0000          line
189.5000    0    1.000   1.0000          NULL 
190.5000    1    2.000   1.0000          line
192.5000    0    1.000   1.0000          NULL 
193.5000    1    2.000   1.0000          line
195.5000    0    2.000   1.0000          NULL 
197.5000    1    2.000   1.0000          line
199.5000    0    0.500   1.0000          NULL 
200.0000    1    2.000   1.0000          line
202.0000    0    0.500   1.0000          NULL 
202.5000    1    2.000   1.0000          line
204.5000    0    4.000   1.0000          NULL 
208.5000    1    2.000   1.0000          line
210.5000    0    0.500   1.0000          NULL 
211.0000    1    2.000   1.0000          line
213.0000    0    1.000   1.0000          NULL 
214.0000    1    2.000   1.0000          line
216.0000    0    1.000   1.0000          NULL 
217.0000    1    2.000   1.0000          line
219.0000    0    1.000   1.0000          NULL 
220.0000    1    2.000   1.0000          line
222.0000    0    1.500   1.0000          NULL 
223.5000    1    2.000   1.0000          line
225.5000    0    1.000   1.0000          NULL 
226.5000    1    2.000   1.0000          line
228.5000    0    1.000   1.0000          NULL 
229.5000    1    2.000   1.0000          line
231.5000    0    0.500   1.0000          NULL 
232.0000    1    2.000   1.0000          line
234.0000    0    0.500   1.0000          NULL 
234.5000    1    2.000   1.0000          line
236.5000    0    1.500   1.0000          NULL 
238.0000    1    2.000   1.0000          line
240.0000    0    0.500   1.0000          NULL 
240.5000    1    2.000   1.0000          line
242.5000    0    3.500   1.0000          NULL 
246.0000    1    2.000   1.0000          line
248.0000    0    3.000   1.0000          NULL 
251.0000    1    2.000   1.0000          line
253.0000    0    0.500   1.0000          NULL 
253.5000    1    2.000   1.0000          line
255.5000    0    0.500   1.0000          NULL 
256.0000    1    2.000   1.0000          line
258.0000    0    2.000   1.0000          NULL 
260.0000    1    2.000   1.0000          line
262.0000    0    0.500   1.0000          NULL 
262.5000    1    2.000   1.0000          line
264.5000    0    1.500   1.0000          NULL 
266.0000    1    2.000   1.0000          line
268.0000    0    1.000   1.0000          NULL 
269.0000    1    2.000   1.0000          line
271.0000    0    1.500   1.0000          NULL 
272.5000    1    2.000   1.0000          line
274.5000    0    0.500   1.0000          NULL 
275.0000    1    2.000   1.0000          line
277.0000    0    0.500   1.0000          NULL 
277.5000    1    2.000   1.0000          line
279.5000    0    0.500   1.0000          NULL 
280.0000    1    2.000   1.0000          line
282.0000    0    0.500   1.0000          NULL 
282.5000    1    2.000   1.0000          line
284.5000    0    4.000   1.0000          NULL 
288.5000    1    2.000   1.0000          line
290.5000    0    0.500   1.0000          NULL 
291.0000    1    2.000   1.0000          line
293.0000    0    2.500   1.0000          NULL 
295.5000    1    2.000   1.0000          line
297.5000    0    0.500   1.0000          NULL 
298.0000    1    2.000   1.0000          line
300.0000    0    2.000   1.0000          NULL 
302.0000    1    2.000   1.0000          line
304.0000    0    1.500   1.0000          NULL 
305.5000    1    2.000   1.0000          line
307.5000    0    1.500   1.0000          NULL 
309.0000    1    2.000   1.0000          line
311.0000    0    1.000   1.0000          NULL 
312.0000    1    2.000   1.0000          line
314.0000    0    0.500   1.0000          NULL 
314.5000    1    2.000   1.0000          line
316.5000    0    1.500   1.0000          NULL 
318.0000    1    2.000   1.0000          line
320.0000    0    2.500   1.0000          NULL 
322.5000    1    2.000   1.0000          line
324.5000    0    0.500   1.0000          NULL 
325.0000    1    2.000   1.0000          line
327.0000    0    2.000   1.0000          NULL 
329.0000    1    2.000   1.0000          line
331.0000    0    4.000   1.0000          NULL 
335.0000    1    2.000   1.0000          line
337.0000    0    1.000   1.0000          NULL 
338.0000    1    2.000   1.0000          line
340.0000    0    0.500   1.0000          NULL 
340.5000    1    2.000   1.0000          line
342.5000    0    0.500   1.0000          NULL 
343.0000    1    2.000   1.0000          line
345.0000    0    1.500   1.0000          NULL 
346.5000    1    2.000   1.0000          line
348.5000    0    1.000   1.0000          NULL 
349.5000    1    2.000   1.0000          line
351.5000    0    2.000   1.0000          NULL 
353.5000    1    2.000   1.0000          line
355.5000    0    0.500   1.0000          NULL 
356.0000    1    2.000   1.0000          line
358.0000    0    3.000   1.0000          NULL 
361.0000    1    2.000   1.0000          line
363.0000    0    2.000   1.0000          NULL 
365.0000    1    2.000   1.0000          line
367.0000    0    0.500   1.0000          NULL 
367.5000    1    2.000   1.0000          line
369.5000    0    0.500   1.0000          NULL 
370.0000    1    2.000   1.0000          line
372.0000    0    1.000   1.0000          NULL 
373.0000    1    2.000   1.0000          line
375.0000    0    2.000   1.0000          NULL 
377.0000    1    2.000   1.0000          line
379.0000    0    3.000   1.0000          NULL 
382.0000    1    2.000   1.0000          line
384.0000    0    2.000   1.0000          NULL 
386.0000    1    2.000   1.0000          line
388.0000    0    3.500   1.0000          NULL 
391.5000    1    2.000   1.0000          line
393.5000    0    0.500   1.0000          NULL 
394.0000    1    2.000   1.0000          line
396.0000    0    0.500   1.0000          NULL 
396.5000    1    2.000   1.0000          line
398.5000    0    1.500   1.0000          NULL 
