  0.0000    1    2.000   1.0000          line
  2.0000    0    1.000   1.0000          NULL 
  3.0000    1    2.000   1.0000          line
  5.0000    0    0.500   1.0000          NULL 
  5.5000    1    2.000   1.0000          line
  7.5000    0    2.000   1.0000          NULL 
  9.5000    1    2.000   1.0000          line
 11.5000    0    1.000   1.0000          NULL 
 12.5000    1    2.000   1.0000          line
 14.5000    0    4.000   1.0000          NULL 
 18.5000    1    2.000   1.0000          line
 20.5000    0    2.000   1.0000          NULL 
 22.5000    1    2.000   1.0000          line
 24.5000    0    2.000   1.0000          NULL 
 26.5000    1    2.000   1.0000          line
 28.5000    0    0.500   1.0000          NULL 
 29.0000    1    2.000   1.0000          line
 31.0000    0    0.500   1.0000          NULL 
 31.5000    1    2.000   1.0000          line
 33.5000    0    1.500   1.0000          NULL 
 35.0000    1    2.000   1.0000          line
 37.0000    0    3.000   1.0000          NULL 
 40.0000    1    2.000   1.0000          line
 42.0000    0    0.500   1.0000          NULL 
 42.5000    1    2.000   1.0000          line
 44.5000    0    1.500   1.0000          NULL 
 46.0000    1    2.000   1.0000          line
 48.0000    0    1.500   1.0000          NULL 
 49.5000    1    2.000   1.0000          line
 51.5000    0    1.500   1.0000          NULL 
 53.0000    1    2.000   1.0000          line
 55.0000    0    0.500   1.0000          NULL 
 55.5000    1    2.000   1.0000          line
 57.5000    0    0.500   1.0000          NULL 
 58.0000    1    2.000   1.0000          line
 60.0000    0    3.000   1.0000          NULL 
 63.0000    1    2.000   1.0000          line
 65.0000    0    0.500   1.0000          NULL 
 65.5000    1    2.000   1.0000          line
 67.5000    0    1.000   1.0000          NULL 
 68.5000    1    2.000   1.0000          line
 70.5000    0    1.000   1.0000          NULL 
 71.5000    1    2.000   1.0000          line
 73.5000    0    1.000   1.0000          NULL 
 74.5000    1    2.000   1.0000          line
 76.5000    0    1.500   1.0000          NULL 
 78.0000    1    2.000   1.0000          line
 80.0000    0    0.500   1.0000          NULL 
 80.5000    1    2.000   1.0000          line
 82.5000    0    0.500   1.0000          NULL 
 83.0000    1    2.000   1.0000          line
 85.0000    0    1.000   1.0000          NULL 
 86.0000    1    2.000   1.0000          line
 88.0000    0    0.500   1.0000          NULL 
 88.5000    1    2.000   1.0000          line
 90.5000    0    3.000   1.0000          NULL 
 93.5000    1    2.000   1.0000          line
 95.5000    0    1.000   1.0000          NULL 
 96.5000    1    2.000   1.0000          line
 98.5000    0    0.500   1.0000          NULL 
 99.0000    1    2.000   1.0000          line
101.0000    0    1.000   1.0000          NULL 
102.0000    1    2.000   1.0000          line
104.0000    0    3.000   1.0000          NULL 
107.0000    1    2.000   1.0000          line
109.0000    0    0.500   1.0000          NULL 
109.5000    1    2.000   1.0000          line
111.5000    0    3.500   1.0000          NULL 
115.0000    1    2.000   1.0000          line
117.0000    0    0.500   1.0000          NULL 
117.5000    1    2.000   1.0000          line
119.5000    0    0.500   1.0000          NULL 
120.0000    1    2.000   1.0000          line
122.0000    0    1.500   1.0000          NULL 
123.5000    1    2.000   1.0000          line
125.5000    0    2.000   1.0000          NULL 
127.5000    1    2.000   1.0000          line
129.5000    0    1.000   1.0000          NULL 
130.5000    1    2.000   1.0000          line
132.5000    0    0.500   1.0000          NULL 
133.0000    1    2.000   1.0000          line
135.0000    0    0.500   1.0000          NULL 
135.5000    1    2.000   1.0000          line
137.5000    0    1.000   1.0000          NULL 
138.5000    1    2.000   1.0000          line
140.5000    0    0.500   1.0000          NULL 
141.0000    1    2.000   1.0000          line
143.0000    0    2.000   1.0000          NULL 
145.0000    1    2.000   1.0000          line
147.0000    0    3.500   1.0000          NULL 
150.5000    1    2.000   1.0000          line
152.5000    0    0.500   1.0000          NULL 
153.0000    1    2.000   1.0000          line
155.0000    0    2.000   1.0000          NULL 
157.0000    1    2.000   1.0000          line
159.0000    0    0.500   1.0000          NULL 
159.5000    1    2.000   1.0000          line
161.5000    0    2.000   1.0000          NULL 
163.5000    1    2.000   1.0000          line
165.5000    0    1.500   1.0000          NULL 
167.0000    1    2.000   1.0000          line
169.0000    0    0.500   1.0000          NULL 
169.5000    1    2.000   1.0000          line
171.5000    0    1.000   1.0000          NULL 
172.5000    1    2.000   1.0000          line
174.5000    0    3.500   1.0000          NULL 
178.0000    1    2.000   1.0000          line
180.0000    0    0.500   1.0000          NULL 
180.5000    1    2.000   1.0000          line
182.5000    0    2.000   1.0000          NULL 
184.5000    1    2.000   1.0000          line
186.5000    0    3.500   1.0000          NULL 
190.0000    1    2.000   1.0000          line
192.0000    0    1.500   1.0000          NULL 
193.5000    1    2.000   1.0000          line
195.5000    0    2.500   1.0000          NULL 
198.0000    1    2.000   1.0000          line
200.0000    0    0.500   1.0000          NULL 
200.5000    1    2.000   1.0000          line
202.5000    0    0.500   1.0000          NULL 
203.0000    1    2.000   1.0000          line
205.0000    0    1.500   1.0000          NULL 
206.5000    1    2.000   1.0000          line
208.5000    0    0.500   1.0000          NULL 
209.0000    1    2.000   1.0000          line
211.0000    0    0.500   1.0000          NULL 
211.5000    1    2.000   1.0000          line
213.5000    0    1.000   1.0000          NULL 
214.5000    1    2.000   1.0000          line
216.5000    0    0.500   1.0000          NULL 
217.0000    1    2.000   1.0000          line
219.0000    0    1.500   1.0000          NULL 
220.5000    1    2.000   1.0000          line
222.5000    0    0.500   1.0000          NULL 
223.0000    1    2.000   1.0000          line
225.0000    0    1.000   1.0000          NULL 
226.0000    1    2.000   1.0000          line
228.0000    0    3.500   1.0000          NULL 
231.5000    1    2.000   1.0000          line
233.5000    0    1.000   1.0000          NULL 
234.5000    1    2.000   1.0000          line
236.5000    0    0.500   1.0000          NULL 
237.0000    1    2.000   1.0000          line
239.0000    0    1.000   1.0000          NULL 
240.0000    1    2.000   1.0000          line
242.0000    0    1.000   1.0000          NULL 
243.0000    1    2.000   1.0000          line
245.0000    0    1.000   1.0000          NULL 
246.0000    1    2.000   1.0000          line
248.0000    0    1.000   1.0000          NULL 
249.0000    1    2.000   1.0000          line
251.0000    0    1.500   1.0000          NULL 
252.5000    1    2.000   1.0000          line
254.5000    0    1.000   1.0000          NULL 
255.5000    1    2.000   1.0000          line
257.5000    0    1.500   1.0000          NULL 
259.0000    1    2.000   1.0000          line
261.0000    0    4.000   1.0000          NULL 
265.0000    1    2.000   1.0000          line
267.0000    0    2.000   1.0000          NULL 
269.0000    1    2.000   1.0000          line
271.0000    0    0.500   1.0000          NULL 
271.5000    1    2.000   1.0000          line
273.5000    0    3.000   1.0000          NULL 
276.5000    1    2.000   1.0000          line
278.5000    0    0.500   1.0000          NULL 
279.0000    1    2.000   1.0000          line
281.0000    0    0.500   1.0000          NULL 
281.5000    1    2.000   1.0000          line
283.5000    0    2.000   1.0000          NULL 
285.5000    1    2.000   1.0000          line
287.5000    0    0.500   1.0000          NULL 
288.0000    1    2.000   1.0000          line
290.0000    0    1.500   1.0000          NULL 
291.5000    1    2.000   1.0000          line
293.5000    0    0.500   1.0000          NULL 
294.0000    1    2.000   1.0000          line
296.0000    0    1.500   1.0000          NULL 
297.5000    1    2.000   1.0000          line
299.5000    0    1.000   1.0000          NULL 
300.5000    1    2.000   1.0000          line
302.5000    0    1.000   1.0000          NULL 
303.5000    1    2.000   1.0000          line
305.5000    0    0.500   1.0000          NULL 
306.0000    1    2.000   1.0000          line
308.0000    0    0.500   1.0000          NULL 
308.5000    1    2.000   1.0000          line
310.5000    0    1.500   1.0000          NULL 
312.0000    1    2.000   1.0000          line
314.0000    0    2.000   1.0000          NULL 
316.0000    1    2.000   1.0000          line
318.0000    0    1.500   1.0000          NULL 
319.5000    1    2.000   1.0000          line
321.5000    0    1.500   1.0000          NULL 
323.0000    1    2.000   1.0000          line
325.0000    0    1.500   1.0000          NULL 
326.5000    1    2.000   1.0000          line
328.5000    0    3.000   1.0000          NULL 
331.5000    1    2.000   1.0000          line
333.5000    0    0.500   1.0000          NULL 
334.0000    1    2.000   1.0000          line
336.0000    0    0.500   1.0000          NULL 
336.5000    1    2.000   1.0000          line
338.5000    0    2.500   1.0000          NULL 
341.0000    1    2.000   1.0000          line
343.0000    0    1.500   1.0000          NULL 
344.5000    1    2.000   1.0000          line
346.5000    0    0.500   1.0000          NULL 
347.0000    1    2.000   1.0000          line
349.0000    0    1.000   1.0000          NULL 
350.0000    1    2.000   1.0000          line
352.0000    0    0.500   1.0000          NULL 
352.5000    1    2.000   1.0000          line
354.5000    0    3.000   1.0000          NULL 
357.5000    1    2.000   1.0000          line
359.5000    0    2.500   1.0000          NULL 
362.0000    1    2.000   1.0000          line
364.0000    0    1.000   1.0000          NULL 
365.0000    1    2.000   1.0000          line
367.0000    0    1.000   1.0000          NULL 
368.0000    1    2.000   1.0000          line
370.0000    0    0.500   1.0000          NULL 
370.5000    1    2.000   1.0000          line
372.5000    0    1.000   1.0000          NULL 
373.5000    1    2.000   1.0000          line
375.5000    0    0.500   1.0000          NULL 
376.0000    1    2.000   1.0000          line
378.0000    0    0.500   1.0000          NULL 
378.5000    1    2.000   1.0000          line
380.5000    0    4.000   1.0000          NULL 
384.5000    1    2.000   1.0000          line
386.5000    0    0.500   1.0000          NULL 
387.0000    1    2.000   1.0000          line
389.0000    0    1.500   1.0000          NULL 
390.5000    1    2.000   1.0000          line
392.5000    0    1.000   1.0000          NULL 
393.5000    1    2.000   1.0000          line
395.5000    0    1.000   1.0000          NULL 
396.5000    1    2.000   1.0000          line
398.5000    0    1.500   1.0000          NULL 
