  0.0000    1    2.000   1.0000          line
  2.0000    0    1.000   1.0000          NULL 
  3.0000    1    2.000   1.0000          line
  5.0000    0    0.500   1.0000          NULL 
  5.5000    1    2.000   1.0000          line
  7.5000    0    0.500   1.0000          NULL 
  8.0000    1    2.000   1.0000          line
 10.0000    0    0.500   1.0000          NULL 
 10.5000    1    2.000   1.0000          line
 12.5000    0    1.000   1.0000          NULL 
 13.5000    1    2.000   1.0000          line
 15.5000    0    2.000   1.0000          NULL 
 17.5000    1    2.000   1.0000          line
 19.5000    0    0.500   1.0000          NULL 
 20.0000    1    2.000   1.0000          line
 22.0000    0    1.500   1.0000          NULL 
 23.5000    1    2.000   1.0000          line
 25.5000    0    4.000   1.0000          NULL 
 29.5000    1    2.000   1.0000          line
 31.5000    0    1.000   1.0000          NULL 
 32.5000    1    2.000   1.0000          line
 34.5000    0    2.500   1.0000          NULL 
 37.0000    1    2.000   1.0000          line
 39.0000    0    3.500   1.0000          NULL 
 42.5000    1    2.000   1.0000          line
 44.5000    0    1.000   1.0000          NULL 
 45.5000    1    2.000   1.0000          line
 47.5000    0    1.000   1.0000          NULL 
 48.5000    1    2.000   1.0000          line
 50.5000    0    3.000   1.0000          NULL 
 53.5000    1    2.000   1.0000          line
 55.5000    0    1.000   1.0000          NULL 
 56.5000    1    2.000   1.0000          line
 58.5000    0    2.000   1.0000          NULL 
 60.5000    1    2.000   1.0000          line
 62.5000    0    1.000   1.0000          NULL 
 63.5000    1    2.000   1.0000          line
 65.5000    0    2.500   1.0000          NULL 
 68.0000    1    2.000   1.0000          line
 70.0000    0    0.500   1.0000          NULL 
 70.5000    1    2.000   1.0000          line
 72.5000    0    0.500   1.0000          NULL 
 73.0000    1    2.000   1.0000          line
 75.0000    0    0.500   1.0000          NULL 
 75.5000    1    2.000   1.0000          line
 77.5000    0    0.500   1.0000          NULL 
 78.0000    1    2.000   1.0000          line
 80.0000    0    1.000   1.0000          NULL 
 81.0000    1    2.000   1.0000          line
 83.0000    0    2.000   1.0000          NULL 
 85.0000    1    2.000   1.0000          line
 87.0000    0    1.500   1.0000          NULL 
 88.5000    1    2.000   1.0000          line
 90.5000    0    2.000   1.0000          NULL 
 92.5000    1    2.000   1.0000          line
 94.5000    0    1.500   1.0000          NULL 
 96.0000    1    2.000   1.0000          line
 98.0000    0    0.500   1.0000          NULL 
 98.5000    1    2.000   1.0000          line
100.5000    0    1.500   1.0000          NULL 
102.0000    1    2.000   1.0000          line
104.0000    0    0.500   1.0000          NULL 
104.5000    1    2.000   1.0000          line
106.5000    0    0.500   1.0000          NULL 
107.0000    1    2.000   1.0000          line
109.0000    0    1.000   1.0000          NULL 
110.0000    1    2.000   1.0000          line
112.0000    0    1.000   1.0000          NULL 
113.0000    1    2.000   1.0000          line
115.0000    0    0.500   1.0000          NULL 
115.5000    1    2.000   1.0000          line
117.5000    0    0.500   1.0000          NULL 
118.0000    1    2.000   1.0000          line
120.0000    0    1.500   1.0000          NULL 
121.5000    1    2.000   1.0000          line
123.5000    0    2.500   1.0000          NULL 
126.0000    1    2.000   1.0000          line
128.0000    0    0.500   1.0000          NULL 
128.5000    1    2.000   1.0000          line
130.5000    0    1.000   1.0000          NULL 
131.5000    1    2.000   1.0000          line
133.5000    0    1.000   1.0000          NULL 
134.5000    1    2.000   1.0000          line
136.5000    0    1.500   1.0000          NULL 
138.0000    1    2.000   1.0000          line
140.0000    0    0.500   1.0000          NULL 
140.5000    1    2.000   1.0000          line
142.5000    0    1.500   1.0000          NULL 
144.0000    1    2.000   1.0000          line
146.0000    0    1.500   1.0000          NULL 
147.5000    1    2.000   1.0000          line
149.5000    0    0.500   1.0000          NULL 
150.0000    1    2.000   1.0000          line
152.0000    0    0.500   1.0000          NULL 
152.5000    1    2.000   1.0000          line
154.5000    0    2.000   1.0000          NULL 
156.5000    1    2.000   1.0000          line
158.5000    0    1.000   1.0000          NULL 
159.5000    1    2.000   1.0000          line
161.5000    0    0.500   1.0000          NULL 
162.0000    1    2.000   1.0000          line
164.0000    0    2.500   1.0000          NULL 
166.5000    1    2.000   1.0000          line
168.5000    0    3.000   1.0000          NULL 
171.5000    1    2.000   1.0000          line
173.5000    0    1.500   1.0000          NULL 
175.0000    1    2.000   1.0000          line
177.0000    0    0.500   1.0000          NULL 
177.5000    1    2.000   1.0000          line
179.5000    0    4.000   1.0000          NULL 
183.5000    1    2.000   1.0000          line
185.5000    0    1.000   1.0000          NULL 
186.5000    1    2.000   1.0000          line
188.5000    0    0.500   1.0000          NULL 
189.0000    1    2.000   1.0000          line
191.0000    0    0.500   1.0000          NULL 
191.5000    1    2.000   1.0000          line
193.5000    0    1.000   1.0000          NULL 
194.5000    1    2.000   1.0000          line
196.5000    0    0.500   1.0000          NULL 
197.0000    1    2.000   1.0000          line
199.0000    0    0.500   1.0000          NULL 
199.5000    1    2.000   1.0000          line
201.5000    0    4.000   1.0000          NULL 
205.5000    1    2.000   1.0000          line
207.5000    0    0.500   1.0000          NULL 
208.0000    1    2.000   1.0000          line
210.0000    0    0.500   1.0000          NULL 
210.5000    1    2.000   1.0000          line
212.5000    0    1.000   1.0000          NULL 
213.5000    1    2.000   1.0000          line
215.5000    0    4.000   1.0000          NULL 
219.5000    1    2.000   1.0000          line
221.5000    0    1.000   1.0000          NULL 
222.5000    1    2.000   1.0000          line
224.5000    0    0.500   1.0000          NULL 
225.0000    1    2.000   1.0000          line
227.0000    0    1.000   1.0000          NULL 
228.0000    1    2.000   1.0000          line
230.0000    0    0.500   1.0000          NULL 
230.5000    1    2.000   1.0000          line
232.5000    0    3.000   1.0000          NULL 
235.5000    1    2.000   1.0000          line
237.5000    0    0.500   1.0000          NULL 
238.0000    1    2.000   1.0000          line
240.0000    0    2.000   1.0000          NULL 
242.0000    1    2.000   1.0000          line
244.0000    0    1.000   1.0000          NULL 
245.0000    1    2.000   1.0000          line
247.0000    0    2.000   1.0000          NULL 
249.0000    1    2.000   1.0000          line
251.0000    0    3.000   1.0000          NULL 
254.0000    1    2.000   1.0000          line
256.0000    0    1.500   1.0000          NULL 
257.5000    1    2.000   1.0000          line
259.5000    0    1.500   1.0000          NULL 
261.0000    1    2.000   1.0000          line
263.0000    0    1.500   1.0000          NULL 
264.5000    1    2.000   1.0000          line
266.5000    0    0.500   1.0000          NULL 
267.0000    1    2.000   1.0000          line
269.0000    0    2.000   1.0000          NULL 
271.0000    1    2.000   1.0000          line
273.0000    0    0.500   1.0000          NULL 
273.5000    1    2.000   1.0000          line
275.5000    0    0.500   1.0000          NULL 
276.0000    1    2.000   1.0000          line
278.0000    0    1.000   1.0000          NULL 
279.0000    1    2.000   1.0000          line
281.0000    0    0.500   1.0000          NULL 
281.5000    1    2.000   1.0000          line
283.5000    0    0.500   1.0000          NULL 
284.0000    1    2.000   1.0000          line
286.0000    0    4.000   1.0000          NULL 
290.0000    1    2.000   1.0000          line
292.0000    0    1.000   1.0000          NULL 
293.0000    1    2.000   1.0000          line
295.0000    0    4.000   1.0000          NULL 
299.0000    1    2.000   1.0000          line
301.0000    0    1.000   1.0000          NULL 
302.0000    1    2.000   1.0000          line
304.0000    0    3.000   1.0000          NULL 
307.0000    1    2.000   1.0000          line
309.0000    0    0.500   1.0000          NULL 
309.5000    1    2.000   1.0000          line
311.5000    0    1.000   1.0000          NULL 
312.5000    1    2.000   1.0000          line
314.5000    0    0.500   1.0000          NULL 
315.0000    1    2.000   1.0000          line
317.0000    0    0.500   1.0000          NULL 
317.5000    1    2.000   1.0000          line
319.5000    0    0.500   1.0000          NULL 
320.0000    1    2.000   1.0000          line
322.0000    0    2.500   1.0000          NULL 
324.5000    1    2.000   1.0000          line
326.5000    0    2.500   1.0000          NULL 
329.0000    1    2.000   1.0000          line
331.0000    0    0.500   1.0000          NULL 
331.5000    1    2.000   1.0000          line
333.5000    0    1.500   1.0000          NULL 
335.0000    1    2.000   1.0000          line
337.0000    0    3.000   1.0000          NULL 
340.0000    1    2.000   1.0000          line
342.0000    0    1.000   1.0000          NULL 
343.0000    1    2.000   1.0000          line
345.0000    0    0.500   1.0000          NULL 
345.5000    1    2.000   1.0000          line
347.5000    0    1.500   1.0000          NULL 
349.0000    1    2.000   1.0000          line
351.0000    0    1.000   1.0000          NULL 
352.0000    1    2.000   1.0000          line
354.0000    0    1.500   1.0000          NULL 
355.5000    1    2.000   1.0000          line
357.5000    0    0.500   1.0000          NULL 
358.0000    1    2.000   1.0000          line
360.0000    0    2.000   1.0000          NULL 
362.0000    1    2.000   1.0000          line
364.0000    0    1.500   1.0000          NULL 
365.5000    1    2.000   1.0000          line
367.5000    0    0.500   1.0000          NULL 
368.0000    1    2.000   1.0000          line
370.0000    0    1.000   1.0000          NULL 
371.0000    1    2.000   1.0000          line
373.0000    0    3.000   1.0000          NULL 
376.0000    1    2.000   1.0000          line
378.0000    0    0.500   1.0000          NULL 
378.5000    1    2.000   1.0000          line
380.5000    0    0.500   1.0000          NULL 
381.0000    1    2.000   1.0000          line
383.0000    0    1.500   1.0000          NULL 
384.5000    1    2.000   1.0000          line
386.5000    0    1.000   1.0000          NULL 
387.5000    1    2.000   1.0000          line
389.5000    0    2.500   1.0000          NULL 
392.0000    1    2.000   1.0000          line
394.0000    0    0.500   1.0000          NULL 
394.5000    1    2.000   1.0000          line
396.5000    0    1.000   1.0000          NULL 
397.5000    1    2.000   1.0000          line
399.5000    0    0.500   1.0000          NULL 
