  0.0000    1    2.000   1.0000          line
  2.0000    0    1.100   1.0000          NULL 
  3.1000    1    2.000   1.0000          line
  5.1000    0    1.100   1.0000          NULL 
  6.2000    1    2.000   1.0000          line
  8.2000    0    1.000   1.0000          NULL 
  9.2000    1    2.000   1.0000          line
 11.2000    0    1.400   1.0000          NULL 
 12.6000    1    2.000   1.0000          line
 14.6000    0    1.700   1.0000          NULL 
 16.3000    1    2.000   1.0000          line
 18.3000    0    1.000   1.0000          NULL 
 19.3000    1    2.000   1.0000          line
 21.3000    0    1.900   1.0000          NULL 
 23.2000    1    2.000   1.0000          line
 25.2000    0    1.100   1.0000          NULL 
 26.3000    1    2.000   1.0000          line
 28.3000    0    1.000   1.0000          NULL 
 29.3000    1    2.000   1.0000          line
 31.3000    0    1.000   1.0000          NULL 
 32.3000    1    2.000   1.0000          line
 34.3000    0    1.000   1.0000          NULL 
 35.3000    1    2.000   1.0000          line
 37.3000    0    1.300   1.0000          NULL 
 38.6000    1    2.000   1.0000          line
 40.6000    0    1.600   1.0000          NULL 
 42.2000    1    2.000   1.0000          line
 44.2000    0    1.000   1.0000          NULL 
 45.2000    1    2.000   1.0000          line
 47.2000    0    1.700   1.0000          NULL 
 48.9000    1    2.000   1.0000          line
 50.9000    0    1.300   1.0000          NULL 
 52.2000    1    2.000   1.0000          line
 54.2000    0    1.300   1.0000          NULL 
 55.5000    1    2.000   1.0000          line
 57.5000    0    1.000   1.0000          NULL 
 58.5000    1    2.000   1.0000          line
 60.5000    0    1.000   1.0000          NULL 
 61.5000    1    2.000   1.0000          line
 63.5000    0    1.100   1.0000          NULL 
 64.6000    1    2.000   1.0000          line
 66.6000    0    1.000   1.0000          NULL 
 67.6000    1    2.000   1.0000          line
 69.6000    0    1.500   1.0000          NULL 
 71.1000    1    2.000   1.0000          line
 73.1000    0    1.200   1.0000          NULL 
 74.3000    1    2.000   1.0000          line
 76.3000    0    1.000   1.0000          NULL 
 77.3000    1    2.000   1.0000          line
 79.3000    0    1.200   1.0000          NULL 
 80.5000    1    2.000   1.0000          line
 82.5000    0    1.800   1.0000          NULL 
 84.2999    1    2.000   1.0000          line
 86.2999    0    1.100   1.0000          NULL 
 87.3999    1    2.000   1.0000          line
 89.3999    0    1.700   1.0000          NULL 
 91.0999    1    2.000   1.0000          line
 93.0999    0    1.900   1.0000          NULL 
 94.9999    1    2.000   1.0000          line
 96.9999    0    1.000   1.0000          NULL 
 97.9999    1    2.000   1.0000          line
 99.9999    0    1.100   1.0000          NULL 
101.0999    1    2.000   1.0000          line
103.0999    0    1.900   1.0000          NULL 
104.9999    1    2.000   1.0000          line
106.9999    0    1.200   1.0000          NULL 
108.1999    1    2.000   1.0000          line
110.1999    0    1.100   1.0000          NULL 
111.2999    1    2.000   1.0000          line
113.2999    0    1.100   1.0000          NULL 
114.3999    1    2.000   1.0000          line
116.3999    0    1.100   1.0000          NULL 
117.4999    1    2.000   1.0000          line
119.4999    0    1.200   1.0000          NULL 
120.6999    1    2.000   1.0000          line
122.6999    0    1.000   1.0000          NULL 
123.6999    1    2.000   1.0000          line
125.6999    0    1.300   1.0000          NULL 
126.9999    1    2.000   1.0000          line
128.9999    0    1.000   1.0000          NULL 
