  0.0000    1    2.000   1.0000          line
  2.0000    0    0.500   1.0000          NULL 
  2.5000    1    2.000   1.0000          line
  4.5000    0    1.000   1.0000          NULL 
  5.5000    1    2.000   1.0000          line
  7.5000    0    1.500   1.0000          NULL 
  9.0000    1    2.000   1.0000          line
 11.0000    0    2.000   1.0000          NULL 
 13.0000    1    2.000   1.0000          line
 15.0000    0    0.500   1.0000          NULL 
 15.5000    1    2.000   1.0000          line
 17.5000    0    2.000   1.0000          NULL 
 19.5000    1    2.000   1.0000          line
 21.5000    0    0.500   1.0000          NULL 
 22.0000    1    2.000   1.0000          line
 24.0000    0    1.000   1.0000          NULL 
 25.0000    1    2.000   1.0000          line
 27.0000    0    0.500   1.0000          NULL 
 27.5000    1    2.000   1.0000          line
 29.5000    0    0.500   1.0000          NULL 
 30.0000    1    2.000   1.0000          line
 32.0000    0    2.500   1.0000          NULL 
 34.5000    1    2.000   1.0000          line
 36.5000    0    0.500   1.0000          NULL 
 37.0000    1    2.000   1.0000          line
 39.0000    0    1.500   1.0000          NULL 
 40.5000    1    2.000   1.0000          line
 42.5000    0    1.000   1.0000          NULL 
 43.5000    1    2.000   1.0000          line
 45.5000    0    1.000   1.0000          NULL 
 46.5000    1    2.000   1.0000          line
 48.5000    0    0.500   1.0000          NULL 
 49.0000    1    2.000   1.0000          line
 51.0000    0    0.500   1.0000          NULL 
 51.5000    1    2.000   1.0000          line
 53.5000    0    1.500   1.0000          NULL 
 55.0000    1    2.000   1.0000          line
 57.0000    0    2.500   1.0000          NULL 
 59.5000    1    2.000   1.0000          line
 61.5000    0    1.000   1.0000          NULL 
 62.5000    1    2.000   1.0000          line
 64.5000    0    1.500   1.0000          NULL 
 66.0000    1    2.000   1.0000          line
 68.0000    0    1.500   1.0000          NULL 
 69.5000    1    2.000   1.0000          line
 71.5000    0    1.500   1.0000          NULL 
 73.0000    1    2.000   1.0000          line
 75.0000    0    0.500   1.0000          NULL 
 75.5000    1    2.000   1.0000          line
 77.5000    0    1.500   1.0000          NULL 
 79.0000    1    2.000   1.0000          line
 81.0000    0    0.500   1.0000          NULL 
 81.5000    1    2.000   1.0000          line
 83.5000    0    2.000   1.0000          NULL 
 85.5000    1    2.000   1.0000          line
 87.5000    0    0.500   1.0000          NULL 
 88.0000    1    2.000   1.0000          line
 90.0000    0    3.500   1.0000          NULL 
 93.5000    1    2.000   1.0000          line
 95.5000    0    1.000   1.0000          NULL 
 96.5000    1    2.000   1.0000          line
 98.5000    0    3.500   1.0000          NULL 
102.0000    1    2.000   1.0000          line
104.0000    0    1.000   1.0000          NULL 
105.0000    1    2.000   1.0000          line
107.0000    0    2.000   1.0000          NULL 
109.0000    1    2.000   1.0000          line
111.0000    0    0.500   1.0000          NULL 
111.5000    1    2.000   1.0000          line
113.5000    0    0.500   1.0000          NULL 
114.0000    1    2.000   1.0000          line
116.0000    0    0.500   1.0000          NULL 
116.5000    1    2.000   1.0000          line
118.5000    0    1.000   1.0000          NULL 
119.5000    1    2.000   1.0000          line
121.5000    0    1.500   1.0000          NULL 
123.0000    1    2.000   1.0000          line
125.0000    0    0.500   1.0000          NULL 
125.5000    1    2.000   1.0000          line
127.5000    0    0.500   1.0000          NULL 
128.0000    1    2.000   1.0000          line
130.0000    0    3.500   1.0000          NULL 
133.5000    1    2.000   1.0000          line
135.5000    0    3.000   1.0000          NULL 
138.5000    1    2.000   1.0000          line
140.5000    0    3.500   1.0000          NULL 
144.0000    1    2.000   1.0000          line
146.0000    0    0.500   1.0000          NULL 
146.5000    1    2.000   1.0000          line
148.5000    0    0.500   1.0000          NULL 
149.0000    1    2.000   1.0000          line
151.0000    0    0.500   1.0000          NULL 
151.5000    1    2.000   1.0000          line
153.5000    0    1.500   1.0000          NULL 
155.0000    1    2.000   1.0000          line
157.0000    0    0.500   1.0000          NULL 
157.5000    1    2.000   1.0000          line
159.5000    0    1.000   1.0000          NULL 
160.5000    1    2.000   1.0000          line
162.5000    0    1.000   1.0000          NULL 
163.5000    1    2.000   1.0000          line
165.5000    0    2.500   1.0000          NULL 
168.0000    1    2.000   1.0000          line
170.0000    0    2.000   1.0000          NULL 
172.0000    1    2.000   1.0000          line
174.0000    0    1.000   1.0000          NULL 
175.0000    1    2.000   1.0000          line
177.0000    0    0.500   1.0000          NULL 
177.5000    1    2.000   1.0000          line
179.5000    0    2.500   1.0000          NULL 
182.0000    1    2.000   1.0000          line
184.0000    0    1.000   1.0000          NULL 
185.0000    1    2.000   1.0000          line
187.0000    0    1.500   1.0000          NULL 
188.5000    1    2.000   1.0000          line
190.5000    0    1.500   1.0000          NULL 
192.0000    1    2.000   1.0000          line
194.0000    0    4.000   1.0000          NULL 
198.0000    1    2.000   1.0000          line
200.0000    0    1.500   1.0000          NULL 
201.5000    1    2.000   1.0000          line
203.5000    0    1.500   1.0000          NULL 
205.0000    1    2.000   1.0000          line
207.0000    0    1.000   1.0000          NULL 
208.0000    1    2.000   1.0000          line
210.0000    0    4.000   1.0000          NULL 
214.0000    1    2.000   1.0000          line
216.0000    0    0.500   1.0000          NULL 
216.5000    1    2.000   1.0000          line
218.5000    0    0.500   1.0000          NULL 
219.0000    1    2.000   1.0000          line
221.0000    0    3.500   1.0000          NULL 
224.5000    1    2.000   1.0000          line
226.5000    0    0.500   1.0000          NULL 
227.0000    1    2.000   1.0000          line
229.0000    0    0.500   1.0000          NULL 
229.5000    1    2.000   1.0000          line
231.5000    0    0.500   1.0000          NULL 
232.0000    1    2.000   1.0000          line
234.0000    0    0.500   1.0000          NULL 
234.5000    1    2.000   1.0000          line
236.5000    0    2.000   1.0000          NULL 
238.5000    1    2.000   1.0000          line
240.5000    0    0.500   1.0000          NULL 
241.0000    1    2.000   1.0000          line
243.0000    0    1.000   1.0000          NULL 
244.0000    1    2.000   1.0000          line
246.0000    0    1.500   1.0000          NULL 
247.5000    1    2.000   1.0000          line
249.5000    0    0.500   1.0000          NULL 
250.0000    1    2.000   1.0000          line
252.0000    0    1.500   1.0000          NULL 
253.5000    1    2.000   1.0000          line
255.5000    0    1.000   1.0000          NULL 
256.5000    1    2.000   1.0000          line
258.5000    0    1.000   1.0000          NULL 
259.5000    1    2.000   1.0000          line
261.5000    0    0.500   1.0000          NULL 
262.0000    1    2.000   1.0000          line
264.0000    0    1.500   1.0000          NULL 
265.5000    1    2.000   1.0000          line
267.5000    0    1.000   1.0000          NULL 
268.5000    1    2.000   1.0000          line
270.5000    0    0.500   1.0000          NULL 
271.0000    1    2.000   1.0000          line
273.0000    0    4.000   1.0000          NULL 
277.0000    1    2.000   1.0000          line
279.0000    0    0.500   1.0000          NULL 
279.5000    1    2.000   1.0000          line
281.5000    0    3.500   1.0000          NULL 
285.0000    1    2.000   1.0000          line
287.0000    0    0.500   1.0000          NULL 
287.5000    1    2.000   1.0000          line
289.5000    0    0.500   1.0000          NULL 
290.0000    1    2.000   1.0000          line
292.0000    0    3.000   1.0000          NULL 
295.0000    1    2.000   1.0000          line
297.0000    0    3.500   1.0000          NULL 
300.5000    1    2.000   1.0000          line
302.5000    0    1.500   1.0000          NULL 
304.0000    1    2.000   1.0000          line
306.0000    0    0.500   1.0000          NULL 
306.5000    1    2.000   1.0000          line
308.5000    0    2.500   1.0000          NULL 
311.0000    1    2.000   1.0000          line
313.0000    0    2.500   1.0000          NULL 
315.5000    1    2.000   1.0000          line
317.5000    0    2.000   1.0000          NULL 
319.5000    1    2.000   1.0000          line
321.5000    0    0.500   1.0000          NULL 
322.0000    1    2.000   1.0000          line
324.0000    0    0.500   1.0000          NULL 
324.5000    1    2.000   1.0000          line
326.5000    0    0.500   1.0000          NULL 
327.0000    1    2.000   1.0000          line
329.0000    0    0.500   1.0000          NULL 
329.5000    1    2.000   1.0000          line
331.5000    0    1.000   1.0000          NULL 
332.5000    1    2.000   1.0000          line
334.5000    0    2.000   1.0000          NULL 
336.5000    1    2.000   1.0000          line
338.5000    0    1.000   1.0000          NULL 
339.5000    1    2.000   1.0000          line
341.5000    0    1.000   1.0000          NULL 
342.5000    1    2.000   1.0000          line
344.5000    0    0.500   1.0000          NULL 
345.0000    1    2.000   1.0000          line
347.0000    0    4.000   1.0000          NULL 
351.0000    1    2.000   1.0000          line
353.0000    0    1.000   1.0000          NULL 
354.0000    1    2.000   1.0000          line
356.0000    0    2.000   1.0000          NULL 
358.0000    1    2.000   1.0000          line
360.0000    0    0.500   1.0000          NULL 
360.5000    1    2.000   1.0000          line
362.5000    0    0.500   1.0000          NULL 
363.0000    1    2.000   1.0000          line
365.0000    0    0.500   1.0000          NULL 
365.5000    1    2.000   1.0000          line
367.5000    0    0.500   1.0000          NULL 
368.0000    1    2.000   1.0000          line
370.0000    0    1.000   1.0000          NULL 
371.0000    1    2.000   1.0000          line
373.0000    0    0.500   1.0000          NULL 
373.5000    1    2.000   1.0000          line
375.5000    0    4.000   1.0000          NULL 
379.5000    1    2.000   1.0000          line
381.5000    0    1.000   1.0000          NULL 
382.5000    1    2.000   1.0000          line
384.5000    0    1.500   1.0000          NULL 
386.0000    1    2.000   1.0000          line
388.0000    0    0.500   1.0000          NULL 
388.5000    1    2.000   1.0000          line
390.5000    0    1.000   1.0000          NULL 
391.5000    1    2.000   1.0000          line
393.5000    0    1.000   1.0000          NULL 
394.5000    1    2.000   1.0000          line
396.5000    0    1.000   1.0000          NULL 
397.5000    1    2.000   1.0000          line
399.5000    0    0.500   1.0000          NULL 
