  0.0000    1    2.000   1.0000          line
  2.0000    0    0.500   1.0000          NULL 
  2.5000    1    2.000   1.0000          line
  4.5000    0    0.500   1.0000          NULL 
  5.0000    1    2.000   1.0000          line
  7.0000    0    1.000   1.0000          NULL 
  8.0000    1    2.000   1.0000          line
 10.0000    0    0.500   1.0000          NULL 
 10.5000    1    2.000   1.0000          line
 12.5000    0    3.000   1.0000          NULL 
 15.5000    1    2.000   1.0000          line
 17.5000    0    0.500   1.0000          NULL 
 18.0000    1    2.000   1.0000          line
 20.0000    0    1.000   1.0000          NULL 
 21.0000    1    2.000   1.0000          line
 23.0000    0    0.500   1.0000          NULL 
 23.5000    1    2.000   1.0000          line
 25.5000    0    1.500   1.0000          NULL 
 27.0000    1    2.000   1.0000          line
 29.0000    0    1.000   1.0000          NULL 
 30.0000    1    2.000   1.0000          line
 32.0000    0    2.500   1.0000          NULL 
 34.5000    1    2.000   1.0000          line
 36.5000    0    0.500   1.0000          NULL 
 37.0000    1    2.000   1.0000          line
 39.0000    0    2.000   1.0000          NULL 
 41.0000    1    2.000   1.0000          line
 43.0000    0    0.500   1.0000          NULL 
 43.5000    1    2.000   1.0000          line
 45.5000    0    1.500   1.0000          NULL 
 47.0000    1    2.000   1.0000          line
 49.0000    0    3.000   1.0000          NULL 
 52.0000    1    2.000   1.0000          line
 54.0000    0    2.000   1.0000          NULL 
 56.0000    1    2.000   1.0000          line
 58.0000    0    0.500   1.0000          NULL 
 58.5000    1    2.000   1.0000          line
 60.5000    0    1.000   1.0000          NULL 
 61.5000    1    2.000   1.0000          line
 63.5000    0    0.500   1.0000          NULL 
 64.0000    1    2.000   1.0000          line
 66.0000    0    1.500   1.0000          NULL 
 67.5000    1    2.000   1.0000          line
 69.5000    0    1.500   1.0000          NULL 
 71.0000    1    2.000   1.0000          line
 73.0000    0    0.500   1.0000          NULL 
 73.5000    1    2.000   1.0000          line
 75.5000    0    0.500   1.0000          NULL 
 76.0000    1    2.000   1.0000          line
 78.0000    0    0.500   1.0000          NULL 
 78.5000    1    2.000   1.0000          line
 80.5000    0    1.000   1.0000          NULL 
 81.5000    1    2.000   1.0000          line
 83.5000    0    0.500   1.0000          NULL 
 84.0000    1    2.000   1.0000          line
 86.0000    0    0.500   1.0000          NULL 
 86.5000    1    2.000   1.0000          line
 88.5000    0    0.500   1.0000          NULL 
 89.0000    1    2.000   1.0000          line
 91.0000    0    1.000   1.0000          NULL 
 92.0000    1    2.000   1.0000          line
 94.0000    0    1.000   1.0000          NULL 
 95.0000    1    2.000   1.0000          line
 97.0000    0    1.500   1.0000          NULL 
 98.5000    1    2.000   1.0000          line
100.5000    0    0.500   1.0000          NULL 
101.0000    1    2.000   1.0000          line
103.0000    0    0.500   1.0000          NULL 
103.5000    1    2.000   1.0000          line
105.5000    0    1.000   1.0000          NULL 
106.5000    1    2.000   1.0000          line
108.5000    0    1.500   1.0000          NULL 
110.0000    1    2.000   1.0000          line
112.0000    0    0.500   1.0000          NULL 
112.5000    1    2.000   1.0000          line
114.5000    0    1.500   1.0000          NULL 
116.0000    1    2.000   1.0000          line
118.0000    0    4.000   1.0000          NULL 
122.0000    1    2.000   1.0000          line
124.0000    0    3.000   1.0000          NULL 
127.0000    1    2.000   1.0000          line
129.0000    0    1.500   1.0000          NULL 
130.5000    1    2.000   1.0000          line
132.5000    0    0.500   1.0000          NULL 
133.0000    1    2.000   1.0000          line
135.0000    0    0.500   1.0000          NULL 
135.5000    1    2.000   1.0000          line
137.5000    0    0.500   1.0000          NULL 
138.0000    1    2.000   1.0000          line
140.0000    0    1.500   1.0000          NULL 
141.5000    1    2.000   1.0000          line
143.5000    0    4.000   1.0000          NULL 
147.5000    1    2.000   1.0000          line
149.5000    0    1.000   1.0000          NULL 
150.5000    1    2.000   1.0000          line
152.5000    0    2.500   1.0000          NULL 
155.0000    1    2.000   1.0000          line
157.0000    0    1.500   1.0000          NULL 
158.5000    1    2.000   1.0000          line
160.5000    0    1.500   1.0000          NULL 
162.0000    1    2.000   1.0000          line
164.0000    0    0.500   1.0000          NULL 
164.5000    1    2.000   1.0000          line
166.5000    0    0.500   1.0000          NULL 
167.0000    1    2.000   1.0000          line
169.0000    0    1.000   1.0000          NULL 
170.0000    1    2.000   1.0000          line
172.0000    0    2.500   1.0000          NULL 
174.5000    1    2.000   1.0000          line
176.5000    0    0.500   1.0000          NULL 
177.0000    1    2.000   1.0000          line
179.0000    0    1.500   1.0000          NULL 
180.5000    1    2.000   1.0000          line
182.5000    0    4.000   1.0000          NULL 
186.5000    1    2.000   1.0000          line
188.5000    0    1.000   1.0000          NULL 
189.5000    1    2.000   1.0000          line
191.5000    0    1.000   1.0000          NULL 
192.5000    1    2.000   1.0000          line
194.5000    0    3.000   1.0000          NULL 
197.5000    1    2.000   1.0000          line
199.5000    0    1.000   1.0000          NULL 
200.5000    1    2.000   1.0000          line
202.5000    0    0.500   1.0000          NULL 
203.0000    1    2.000   1.0000          line
205.0000    0    0.500   1.0000          NULL 
205.5000    1    2.000   1.0000          line
207.5000    0    3.000   1.0000          NULL 
210.5000    1    2.000   1.0000          line
212.5000    0    2.500   1.0000          NULL 
215.0000    1    2.000   1.0000          line
217.0000    0    0.500   1.0000          NULL 
217.5000    1    2.000   1.0000          line
219.5000    0    0.500   1.0000          NULL 
220.0000    1    2.000   1.0000          line
222.0000    0    1.000   1.0000          NULL 
223.0000    1    2.000   1.0000          line
225.0000    0    1.000   1.0000          NULL 
226.0000    1    2.000   1.0000          line
228.0000    0    1.000   1.0000          NULL 
229.0000    1    2.000   1.0000          line
231.0000    0    4.000   1.0000          NULL 
235.0000    1    2.000   1.0000          line
237.0000    0    0.500   1.0000          NULL 
237.5000    1    2.000   1.0000          line
239.5000    0    0.500   1.0000          NULL 
240.0000    1    2.000   1.0000          line
242.0000    0    0.500   1.0000          NULL 
242.5000    1    2.000   1.0000          line
244.5000    0    1.000   1.0000          NULL 
245.5000    1    2.000   1.0000          line
247.5000    0    2.000   1.0000          NULL 
249.5000    1    2.000   1.0000          line
251.5000    0    1.000   1.0000          NULL 
252.5000    1    2.000   1.0000          line
254.5000    0    0.500   1.0000          NULL 
255.0000    1    2.000   1.0000          line
257.0000    0    3.000   1.0000          NULL 
260.0000    1    2.000   1.0000          line
262.0000    0    1.000   1.0000          NULL 
263.0000    1    2.000   1.0000          line
265.0000    0    1.500   1.0000          NULL 
266.5000    1    2.000   1.0000          line
268.5000    0    3.500   1.0000          NULL 
272.0000    1    2.000   1.0000          line
274.0000    0    3.500   1.0000          NULL 
277.5000    1    2.000   1.0000          line
279.5000    0    1.000   1.0000          NULL 
280.5000    1    2.000   1.0000          line
282.5000    0    2.000   1.0000          NULL 
284.5000    1    2.000   1.0000          line
286.5000    0    1.500   1.0000          NULL 
288.0000    1    2.000   1.0000          line
290.0000    0    2.000   1.0000          NULL 
292.0000    1    2.000   1.0000          line
294.0000    0    1.000   1.0000          NULL 
295.0000    1    2.000   1.0000          line
297.0000    0    0.500   1.0000          NULL 
297.5000    1    2.000   1.0000          line
299.5000    0    3.500   1.0000          NULL 
303.0000    1    2.000   1.0000          line
305.0000    0    0.500   1.0000          NULL 
305.5000    1    2.000   1.0000          line
307.5000    0    1.500   1.0000          NULL 
309.0000    1    2.000   1.0000          line
311.0000    0    1.000   1.0000          NULL 
312.0000    1    2.000   1.0000          line
314.0000    0    1.000   1.0000          NULL 
315.0000    1    2.000   1.0000          line
317.0000    0    2.000   1.0000          NULL 
319.0000    1    2.000   1.0000          line
321.0000    0    0.500   1.0000          NULL 
321.5000    1    2.000   1.0000          line
323.5000    0    0.500   1.0000          NULL 
324.0000    1    2.000   1.0000          line
326.0000    0    1.500   1.0000          NULL 
327.5000    1    2.000   1.0000          line
329.5000    0    3.000   1.0000          NULL 
332.5000    1    2.000   1.0000          line
334.5000    0    1.500   1.0000          NULL 
336.0000    1    2.000   1.0000          line
338.0000    0    1.000   1.0000          NULL 
339.0000    1    2.000   1.0000          line
341.0000    0    3.000   1.0000          NULL 
344.0000    1    2.000   1.0000          line
346.0000    0    0.500   1.0000          NULL 
346.5000    1    2.000   1.0000          line
348.5000    0    1.000   1.0000          NULL 
349.5000    1    2.000   1.0000          line
351.5000    0    2.500   1.0000          NULL 
354.0000    1    2.000   1.0000          line
356.0000    0    1.000   1.0000          NULL 
357.0000    1    2.000   1.0000          line
359.0000    0    1.000   1.0000          NULL 
360.0000    1    2.000   1.0000          line
362.0000    0    1.000   1.0000          NULL 
363.0000    1    2.000   1.0000          line
365.0000    0    1.000   1.0000          NULL 
366.0000    1    2.000   1.0000          line
368.0000    0    0.500   1.0000          NULL 
368.5000    1    2.000   1.0000          line
370.5000    0    0.500   1.0000          NULL 
371.0000    1    2.000   1.0000          line
373.0000    0    2.500   1.0000          NULL 
375.5000    1    2.000   1.0000          line
377.5000    0    0.500   1.0000          NULL 
378.0000    1    2.000   1.0000          line
380.0000    0    1.000   1.0000          NULL 
381.0000    1    2.000   1.0000          line
383.0000    0    2.000   1.0000          NULL 
385.0000    1    2.000   1.0000          line
387.0000    0    1.000   1.0000          NULL 
388.0000    1    2.000   1.0000          line
390.0000    0    0.500   1.0000          NULL 
390.5000    1    2.000   1.0000          line
392.5000    0    2.000   1.0000          NULL 
394.5000    1    2.000   1.0000          line
396.5000    0    0.500   1.0000          NULL 
397.0000    1    2.000   1.0000          line
399.0000    0    1.000   1.0000          NULL 
