  0.0000    1    2.000   1.0000          line
  2.0000    0    1.000   1.0000          NULL 
  3.0000    1    2.000   1.0000          line
  5.0000    0    1.000   1.0000          NULL 
  6.0000    1    2.000   1.0000          line
  8.0000    0    1.100   1.0000          NULL 
  9.1000    1    2.000   1.0000          line
 11.1000    0    1.200   1.0000          NULL 
 12.3000    1    2.000   1.0000          line
 14.3000    0    1.000   1.0000          NULL 
 15.3000    1    2.000   1.0000          line
 17.3000    0    1.200   1.0000          NULL 
 18.5000    1    2.000   1.0000          line
 20.5000    0    1.800   1.0000          NULL 
 22.3000    1    2.000   1.0000          line
 24.3000    0    1.100   1.0000          NULL 
 25.4000    1    2.000   1.0000          line
 27.4000    0    1.700   1.0000          NULL 
 29.1000    1    2.000   1.0000          line
 31.1000    0    1.200   1.0000          NULL 
 32.3000    1    2.000   1.0000          line
 34.3000    0    2.000   1.0000          NULL 
 36.3000    1    2.000   1.0000          line
 38.3000    0    1.100   1.0000          NULL 
 39.4000    1    2.000   1.0000          line
 41.4000    0    1.000   1.0000          NULL 
 42.4000    1    2.000   1.0000          line
 44.4000    0    1.500   1.0000          NULL 
 45.9000    1    2.000   1.0000          line
 47.9000    0    1.000   1.0000          NULL 
 48.9000    1    2.000   1.0000          line
 50.9000    0    1.400   1.0000          NULL 
 52.3000    1    2.000   1.0000          line
 54.3000    0    1.300   1.0000          NULL 
 55.6000    1    2.000   1.0000          line
 57.6000    0    1.000   1.0000          NULL 
 58.6000    1    2.000   1.0000          line
 60.6000    0    1.500   1.0000          NULL 
 62.1000    1    2.000   1.0000          line
 64.1000    0    1.000   1.0000          NULL 
 65.1000    1    2.000   1.0000          line
 67.1000    0    1.100   1.0000          NULL 
 68.2000    1    2.000   1.0000          line
 70.2000    0    1.500   1.0000          NULL 
 71.7000    1    2.000   1.0000          line
 73.7000    0    1.100   1.0000          NULL 
 74.7999    1    2.000   1.0000          line
 76.7999    0    1.800   1.0000          NULL 
 78.5999    1    2.000   1.0000          line
 80.5999    0    1.000   1.0000          NULL 
 81.5999    1    2.000   1.0000          line
 83.5999    0    1.200   1.0000          NULL 
 84.7999    1    2.000   1.0000          line
 86.7999    0    1.100   1.0000          NULL 
 87.8999    1    2.000   1.0000          line
 89.8999    0    1.600   1.0000          NULL 
 91.4999    1    2.000   1.0000          line
 93.4999    0    1.000   1.0000          NULL 
 94.4999    1    2.000   1.0000          line
 96.4999    0    1.400   1.0000          NULL 
 97.8999    1    2.000   1.0000          line
 99.8999    0    1.100   1.0000          NULL 
100.9999    1    2.000   1.0000          line
102.9999    0    1.400   1.0000          NULL 
104.3999    1    2.000   1.0000          line
106.3999    0    1.300   1.0000          NULL 
107.6999    1    2.000   1.0000          line
109.6999    0    1.000   1.0000          NULL 
110.6999    1    2.000   1.0000          line
112.6999    0    1.000   1.0000          NULL 
113.6999    1    2.000   1.0000          line
115.6999    0    1.800   1.0000          NULL 
117.4999    1    2.000   1.0000          line
119.4999    0    1.300   1.0000          NULL 
120.7999    1    2.000   1.0000          line
122.7999    0    1.000   1.0000          NULL 
123.7999    1    2.000   1.0000          line
125.7999    0    1.100   1.0000          NULL 
126.8999    1    2.000   1.0000          line
128.8999    0    1.100   1.0000          NULL 
