  0.0000    1    2.000   1.0000          line
  2.0000    0    1.100   1.0000          NULL 
  3.1000    1    2.000   1.0000          line
  5.1000    0    1.100   1.0000          NULL 
  6.2000    1    2.000   1.0000          line
  8.2000    0    1.000   1.0000          NULL 
  9.2000    1    2.000   1.0000          line
 11.2000    0    1.100   1.0000          NULL 
 12.3000    1    2.000   1.0000          line
 14.3000    0    1.500   1.0000          NULL 
 15.8000    1    2.000   1.0000          line
 17.8000    0    1.400   1.0000          NULL 
 19.2000    1    2.000   1.0000          line
 21.2000    0    1.000   1.0000          NULL 
 22.2000    1    2.000   1.0000          line
 24.2000    0    1.700   1.0000          NULL 
 25.9000    1    2.000   1.0000          line
 27.9000    0    1.000   1.0000          NULL 
 28.9000    1    2.000   1.0000          line
 30.9000    0    1.100   1.0000          NULL 
 32.0000    1    2.000   1.0000          line
 34.0000    0    1.100   1.0000          NULL 
 35.1000    1    2.000   1.0000          line
 37.1000    0    1.200   1.0000          NULL 
 38.3000    1    2.000   1.0000          line
 40.3000    0    2.000   1.0000          NULL 
 42.3000    1    2.000   1.0000          line
 44.3000    0    1.000   1.0000          NULL 
 45.3000    1    2.000   1.0000          line
 47.3000    0    1.400   1.0000          NULL 
 48.7000    1    2.000   1.0000          line
 50.7000    0    1.000   1.0000          NULL 
 51.7000    1    2.000   1.0000          line
 53.7000    0    1.000   1.0000          NULL 
 54.7000    1    2.000   1.0000          line
 56.7000    0    1.100   1.0000          NULL 
 57.8000    1    2.000   1.0000          line
 59.8000    0    1.300   1.0000          NULL 
 61.1000    1    2.000   1.0000          line
 63.1000    0    1.100   1.0000          NULL 
 64.2000    1    2.000   1.0000          line
 66.2000    0    1.000   1.0000          NULL 
 67.2000    1    2.000   1.0000          line
 69.2000    0    1.500   1.0000          NULL 
 70.7000    1    2.000   1.0000          line
 72.7000    0    1.000   1.0000          NULL 
 73.7000    1    2.000   1.0000          line
 75.7000    0    2.000   1.0000          NULL 
 77.7000    1    2.000   1.0000          line
 79.7000    0    1.000   1.0000          NULL 
 80.7000    1    2.000   1.0000          line
 82.7000    0    1.500   1.0000          NULL 
 84.1999    1    2.000   1.0000          line
 86.1999    0    1.400   1.0000          NULL 
 87.5999    1    2.000   1.0000          line
 89.5999    0    1.700   1.0000          NULL 
 91.2999    1    2.000   1.0000          line
 93.2999    0    1.000   1.0000          NULL 
 94.2999    1    2.000   1.0000          line
 96.2999    0    1.300   1.0000          NULL 
 97.5999    1    2.000   1.0000          line
 99.5999    0    1.400   1.0000          NULL 
100.9999    1    2.000   1.0000          line
102.9999    0    1.000   1.0000          NULL 
103.9999    1    2.000   1.0000          line
105.9999    0    1.900   1.0000          NULL 
107.8999    1    2.000   1.0000          line
109.8999    0    1.200   1.0000          NULL 
111.0999    1    2.000   1.0000          line
113.0999    0    1.000   1.0000          NULL 
114.0999    1    2.000   1.0000          line
116.0999    0    1.300   1.0000          NULL 
117.3999    1    2.000   1.0000          line
119.3999    0    1.300   1.0000          NULL 
120.6999    1    2.000   1.0000          line
122.6999    0    1.200   1.0000          NULL 
123.8999    1    2.000   1.0000          line
125.8999    0    1.000   1.0000          NULL 
126.8999    1    2.000   1.0000          line
128.8999    0    1.100   1.0000          NULL 
