  0.0000    1    2.000   1.0000          line
  2.0000    0    1.500   1.0000          NULL 
  3.5000    1    2.000   1.0000          line
  5.5000    0    0.500   1.0000          NULL 
  6.0000    1    2.000   1.0000          line
  8.0000    0    3.000   1.0000          NULL 
 11.0000    1    2.000   1.0000          line
 13.0000    0    0.500   1.0000          NULL 
 13.5000    1    2.000   1.0000          line
 15.5000    0    2.000   1.0000          NULL 
 17.5000    1    2.000   1.0000          line
 19.5000    0    1.500   1.0000          NULL 
 21.0000    1    2.000   1.0000          line
 23.0000    0    0.500   1.0000          NULL 
 23.5000    1    2.000   1.0000          line
 25.5000    0    1.500   1.0000          NULL 
 27.0000    1    2.000   1.0000          line
 29.0000    0    2.000   1.0000          NULL 
 31.0000    1    2.000   1.0000          line
 33.0000    0    4.000   1.0000          NULL 
 37.0000    1    2.000   1.0000          line
 39.0000    0    0.500   1.0000          NULL 
 39.5000    1    2.000   1.0000          line
 41.5000    0    1.500   1.0000          NULL 
 43.0000    1    2.000   1.0000          line
 45.0000    0    0.500   1.0000          NULL 
 45.5000    1    2.000   1.0000          line
 47.5000    0    2.000   1.0000          NULL 
 49.5000    1    2.000   1.0000          line
 51.5000    0    1.000   1.0000          NULL 
 52.5000    1    2.000   1.0000          line
 54.5000    0    0.500   1.0000          NULL 
 55.0000    1    2.000   1.0000          line
 57.0000    0    0.500   1.0000          NULL 
 57.5000    1    2.000   1.0000          line
 59.5000    0    1.500   1.0000          NULL 
 61.0000    1    2.000   1.0000          line
 63.0000    0    1.500   1.0000          NULL 
 64.5000    1    2.000   1.0000          line
 66.5000    0    0.500   1.0000          NULL 
 67.0000    1    2.000   1.0000          line
 69.0000    0    0.500   1.0000          NULL 
 69.5000    1    2.000   1.0000          line
 71.5000    0    0.500   1.0000          NULL 
 72.0000    1    2.000   1.0000          line
 74.0000    0    1.500   1.0000          NULL 
 75.5000    1    2.000   1.0000          line
 77.5000    0    3.500   1.0000          NULL 
 81.0000    1    2.000   1.0000          line
 83.0000    0    0.500   1.0000          NULL 
 83.5000    1    2.000   1.0000          line
 85.5000    0    0.500   1.0000          NULL 
 86.0000    1    2.000   1.0000          line
 88.0000    0    0.500   1.0000          NULL 
 88.5000    1    2.000   1.0000          line
 90.5000    0    1.000   1.0000          NULL 
 91.5000    1    2.000   1.0000          line
 93.5000    0    1.000   1.0000          NULL 
 94.5000    1    2.000   1.0000          line
 96.5000    0    1.500   1.0000          NULL 
 98.0000    1    2.000   1.0000          line
100.0000    0    4.000   1.0000          NULL 
104.0000    1    2.000   1.0000          line
106.0000    0    0.500   1.0000          NULL 
106.5000    1    2.000   1.0000          line
108.5000    0    0.500   1.0000          NULL 
109.0000    1    2.000   1.0000          line
111.0000    0    2.000   1.0000          NULL 
113.0000    1    2.000   1.0000          line
115.0000    0    3.000   1.0000          NULL 
118.0000    1    2.000   1.0000          line
120.0000    0    1.000   1.0000          NULL 
121.0000    1    2.000   1.0000          line
123.0000    0    1.000   1.0000          NULL 
124.0000    1    2.000   1.0000          line
126.0000    0    0.500   1.0000          NULL 
126.5000    1    2.000   1.0000          line
128.5000    0    2.000   1.0000          NULL 
130.5000    1    2.000   1.0000          line
132.5000    0    2.000   1.0000          NULL 
134.5000    1    2.000   1.0000          line
136.5000    0    1.000   1.0000          NULL 
137.5000    1    2.000   1.0000          line
139.5000    0    1.000   1.0000          NULL 
140.5000    1    2.000   1.0000          line
142.5000    0    0.500   1.0000          NULL 
143.0000    1    2.000   1.0000          line
145.0000    0    0.500   1.0000          NULL 
145.5000    1    2.000   1.0000          line
147.5000    0    0.500   1.0000          NULL 
148.0000    1    2.000   1.0000          line
150.0000    0    1.000   1.0000          NULL 
151.0000    1    2.000   1.0000          line
153.0000    0    1.000   1.0000          NULL 
154.0000    1    2.000   1.0000          line
156.0000    0    1.000   1.0000          NULL 
157.0000    1    2.000   1.0000          line
159.0000    0    0.500   1.0000          NULL 
159.5000    1    2.000   1.0000          line
161.5000    0    1.000   1.0000          NULL 
162.5000    1    2.000   1.0000          line
164.5000    0    1.000   1.0000          NULL 
165.5000    1    2.000   1.0000          line
167.5000    0    1.000   1.0000          NULL 
168.5000    1    2.000   1.0000          line
170.5000    0    1.500   1.0000          NULL 
172.0000    1    2.000   1.0000          line
174.0000    0    2.000   1.0000          NULL 
176.0000    1    2.000   1.0000          line
178.0000    0    0.500   1.0000          NULL 
178.5000    1    2.000   1.0000          line
180.5000    0    1.000   1.0000          NULL 
181.5000    1    2.000   1.0000          line
183.5000    0    1.000   1.0000          NULL 
184.5000    1    2.000   1.0000          line
186.5000    0    2.500   1.0000          NULL 
189.0000    1    2.000   1.0000          line
191.0000    0    3.500   1.0000          NULL 
194.5000    1    2.000   1.0000          line
196.5000    0    0.500   1.0000          NULL 
197.0000    1    2.000   1.0000          line
199.0000    0    1.000   1.0000          NULL 
200.0000    1    2.000   1.0000          line
202.0000    0    2.500   1.0000          NULL 
204.5000    1    2.000   1.0000          line
206.5000    0    3.500   1.0000          NULL 
210.0000    1    2.000   1.0000          line
212.0000    0    1.000   1.0000          NULL 
213.0000    1    2.000   1.0000          line
215.0000    0    2.500   1.0000          NULL 
217.5000    1    2.000   1.0000          line
219.5000    0    1.000   1.0000          NULL 
220.5000    1    2.000   1.0000          line
222.5000    0    1.000   1.0000          NULL 
223.5000    1    2.000   1.0000          line
225.5000    0    0.500   1.0000          NULL 
226.0000    1    2.000   1.0000          line
228.0000    0    1.500   1.0000          NULL 
229.5000    1    2.000   1.0000          line
231.5000    0    1.000   1.0000          NULL 
232.5000    1    2.000   1.0000          line
234.5000    0    1.000   1.0000          NULL 
235.5000    1    2.000   1.0000          line
237.5000    0    2.000   1.0000          NULL 
239.5000    1    2.000   1.0000          line
241.5000    0    0.500   1.0000          NULL 
242.0000    1    2.000   1.0000          line
244.0000    0    3.500   1.0000          NULL 
247.5000    1    2.000   1.0000          line
249.5000    0    1.000   1.0000          NULL 
250.5000    1    2.000   1.0000          line
252.5000    0    0.500   1.0000          NULL 
253.0000    1    2.000   1.0000          line
255.0000    0    0.500   1.0000          NULL 
255.5000    1    2.000   1.0000          line
257.5000    0    4.000   1.0000          NULL 
261.5000    1    2.000   1.0000          line
263.5000    0    1.000   1.0000          NULL 
264.5000    1    2.000   1.0000          line
266.5000    0    0.500   1.0000          NULL 
267.0000    1    2.000   1.0000          line
269.0000    0    1.500   1.0000          NULL 
270.5000    1    2.000   1.0000          line
272.5000    0    0.500   1.0000          NULL 
273.0000    1    2.000   1.0000          line
275.0000    0    0.500   1.0000          NULL 
275.5000    1    2.000   1.0000          line
277.5000    0    1.000   1.0000          NULL 
278.5000    1    2.000   1.0000          line
280.5000    0    3.500   1.0000          NULL 
284.0000    1    2.000   1.0000          line
286.0000    0    0.500   1.0000          NULL 
286.5000    1    2.000   1.0000          line
288.5000    0    0.500   1.0000          NULL 
289.0000    1    2.000   1.0000          line
291.0000    0    1.000   1.0000          NULL 
292.0000    1    2.000   1.0000          line
294.0000    0    1.500   1.0000          NULL 
295.5000    1    2.000   1.0000          line
297.5000    0    1.500   1.0000          NULL 
299.0000    1    2.000   1.0000          line
301.0000    0    1.500   1.0000          NULL 
302.5000    1    2.000   1.0000          line
304.5000    0    0.500   1.0000          NULL 
305.0000    1    2.000   1.0000          line
307.0000    0    2.000   1.0000          NULL 
309.0000    1    2.000   1.0000          line
311.0000    0    2.500   1.0000          NULL 
313.5000    1    2.000   1.0000          line
315.5000    0    0.500   1.0000          NULL 
316.0000    1    2.000   1.0000          line
318.0000    0    0.500   1.0000          NULL 
318.5000    1    2.000   1.0000          line
320.5000    0    3.000   1.0000          NULL 
323.5000    1    2.000   1.0000          line
325.5000    0    0.500   1.0000          NULL 
326.0000    1    2.000   1.0000          line
328.0000    0    1.000   1.0000          NULL 
329.0000    1    2.000   1.0000          line
331.0000    0    1.500   1.0000          NULL 
332.5000    1    2.000   1.0000          line
334.5000    0    2.000   1.0000          NULL 
336.5000    1    2.000   1.0000          line
338.5000    0    2.000   1.0000          NULL 
340.5000    1    2.000   1.0000          line
342.5000    0    0.500   1.0000          NULL 
343.0000    1    2.000   1.0000          line
345.0000    0    1.500   1.0000          NULL 
346.5000    1    2.000   1.0000          line
348.5000    0    1.500   1.0000          NULL 
350.0000    1    2.000   1.0000          line
352.0000    0    3.500   1.0000          NULL 
355.5000    1    2.000   1.0000          line
357.5000    0    3.000   1.0000          NULL 
360.5000    1    2.000   1.0000          line
362.5000    0    0.500   1.0000          NULL 
363.0000    1    2.000   1.0000          line
365.0000    0    0.500   1.0000          NULL 
365.5000    1    2.000   1.0000          line
367.5000    0    0.500   1.0000          NULL 
368.0000    1    2.000   1.0000          line
370.0000    0    0.500   1.0000          NULL 
370.5000    1    2.000   1.0000          line
372.5000    0    1.000   1.0000          NULL 
373.5000    1    2.000   1.0000          line
375.5000    0    4.000   1.0000          NULL 
379.5000    1    2.000   1.0000          line
381.5000    0    0.500   1.0000          NULL 
382.0000    1    2.000   1.0000          line
384.0000    0    1.500   1.0000          NULL 
385.5000    1    2.000   1.0000          line
387.5000    0    0.500   1.0000          NULL 
388.0000    1    2.000   1.0000          line
390.0000    0    1.500   1.0000          NULL 
391.5000    1    2.000   1.0000          line
393.5000    0    0.500   1.0000          NULL 
394.0000    1    2.000   1.0000          line
396.0000    0    0.500   1.0000          NULL 
396.5000    1    2.000   1.0000          line
398.5000    0    1.500   1.0000          NULL 
