  0.0000    1    2.000   1.0000          line
  2.0000    0    1.000   1.0000          NULL 
  3.0000    1    2.000   1.0000          line
  5.0000    0    0.500   1.0000          NULL 
  5.5000    1    2.000   1.0000          line
  7.5000    0    1.000   1.0000          NULL 
  8.5000    1    2.000   1.0000          line
 10.5000    0    3.500   1.0000          NULL 
 14.0000    1    2.000   1.0000          line
 16.0000    0    0.500   1.0000          NULL 
 16.5000    1    2.000   1.0000          line
 18.5000    0    1.500   1.0000          NULL 
 20.0000    1    2.000   1.0000          line
 22.0000    0    1.000   1.0000          NULL 
 23.0000    1    2.000   1.0000          line
 25.0000    0    3.500   1.0000          NULL 
 28.5000    1    2.000   1.0000          line
 30.5000    0    1.500   1.0000          NULL 
 32.0000    1    2.000   1.0000          line
 34.0000    0    0.500   1.0000          NULL 
 34.5000    1    2.000   1.0000          line
 36.5000    0    0.500   1.0000          NULL 
 37.0000    1    2.000   1.0000          line
 39.0000    0    4.000   1.0000          NULL 
 43.0000    1    2.000   1.0000          line
 45.0000    0    0.500   1.0000          NULL 
 45.5000    1    2.000   1.0000          line
 47.5000    0    1.000   1.0000          NULL 
 48.5000    1    2.000   1.0000          line
 50.5000    0    0.500   1.0000          NULL 
 51.0000    1    2.000   1.0000          line
 53.0000    0    0.500   1.0000          NULL 
 53.5000    1    2.000   1.0000          line
 55.5000    0    4.000   1.0000          NULL 
 59.5000    1    2.000   1.0000          line
 61.5000    0    3.500   1.0000          NULL 
 65.0000    1    2.000   1.0000          line
 67.0000    0    1.000   1.0000          NULL 
 68.0000    1    2.000   1.0000          line
 70.0000    0    1.500   1.0000          NULL 
 71.5000    1    2.000   1.0000          line
 73.5000    0    0.500   1.0000          NULL 
 74.0000    1    2.000   1.0000          line
 76.0000    0    0.500   1.0000          NULL 
 76.5000    1    2.000   1.0000          line
 78.5000    0    1.000   1.0000          NULL 
 79.5000    1    2.000   1.0000          line
 81.5000    0    2.500   1.0000          NULL 
 84.0000    1    2.000   1.0000          line
 86.0000    0    1.000   1.0000          NULL 
 87.0000    1    2.000   1.0000          line
 89.0000    0    0.500   1.0000          NULL 
 89.5000    1    2.000   1.0000          line
 91.5000    0    0.500   1.0000          NULL 
 92.0000    1    2.000   1.0000          line
 94.0000    0    1.000   1.0000          NULL 
 95.0000    1    2.000   1.0000          line
 97.0000    0    0.500   1.0000          NULL 
 97.5000    1    2.000   1.0000          line
 99.5000    0    0.500   1.0000          NULL 
100.0000    1    2.000   1.0000          line
102.0000    0    1.000   1.0000          NULL 
103.0000    1    2.000   1.0000          line
105.0000    0    2.000   1.0000          NULL 
107.0000    1    2.000   1.0000          line
109.0000    0    1.000   1.0000          NULL 
110.0000    1    2.000   1.0000          line
112.0000    0    0.500   1.0000          NULL 
112.5000    1    2.000   1.0000          line
114.5000    0    0.500   1.0000          NULL 
115.0000    1    2.000   1.0000          line
117.0000    0    0.500   1.0000          NULL 
117.5000    1    2.000   1.0000          line
119.5000    0    0.500   1.0000          NULL 
120.0000    1    2.000   1.0000          line
122.0000    0    1.500   1.0000          NULL 
123.5000    1    2.000   1.0000          line
125.5000    0    1.000   1.0000          NULL 
126.5000    1    2.000   1.0000          line
128.5000    0    3.500   1.0000          NULL 
132.0000    1    2.000   1.0000          line
134.0000    0    0.500   1.0000          NULL 
134.5000    1    2.000   1.0000          line
136.5000    0    0.500   1.0000          NULL 
137.0000    1    2.000   1.0000          line
139.0000    0    1.000   1.0000          NULL 
140.0000    1    2.000   1.0000          line
142.0000    0    1.000   1.0000          NULL 
143.0000    1    2.000   1.0000          line
145.0000    0    2.000   1.0000          NULL 
147.0000    1    2.000   1.0000          line
149.0000    0    0.500   1.0000          NULL 
149.5000    1    2.000   1.0000          line
151.5000    0    0.500   1.0000          NULL 
152.0000    1    2.000   1.0000          line
154.0000    0    1.500   1.0000          NULL 
155.5000    1    2.000   1.0000          line
157.5000    0    3.000   1.0000          NULL 
160.5000    1    2.000   1.0000          line
162.5000    0    0.500   1.0000          NULL 
163.0000    1    2.000   1.0000          line
165.0000    0    3.500   1.0000          NULL 
168.5000    1    2.000   1.0000          line
170.5000    0    0.500   1.0000          NULL 
171.0000    1    2.000   1.0000          line
173.0000    0    0.500   1.0000          NULL 
173.5000    1    2.000   1.0000          line
175.5000    0    1.000   1.0000          NULL 
176.5000    1    2.000   1.0000          line
178.5000    0    0.500   1.0000          NULL 
179.0000    1    2.000   1.0000          line
181.0000    0    3.500   1.0000          NULL 
184.5000    1    2.000   1.0000          line
186.5000    0    1.000   1.0000          NULL 
187.5000    1    2.000   1.0000          line
189.5000    0    1.000   1.0000          NULL 
190.5000    1    2.000   1.0000          line
192.5000    0    1.000   1.0000          NULL 
193.5000    1    2.000   1.0000          line
195.5000    0    1.000   1.0000          NULL 
196.5000    1    2.000   1.0000          line
198.5000    0    2.500   1.0000          NULL 
201.0000    1    2.000   1.0000          line
203.0000    0    0.500   1.0000          NULL 
203.5000    1    2.000   1.0000          line
205.5000    0    0.500   1.0000          NULL 
206.0000    1    2.000   1.0000          line
208.0000    0    1.500   1.0000          NULL 
209.5000    1    2.000   1.0000          line
211.5000    0    1.000   1.0000          NULL 
212.5000    1    2.000   1.0000          line
214.5000    0    1.500   1.0000          NULL 
216.0000    1    2.000   1.0000          line
218.0000    0    0.500   1.0000          NULL 
218.5000    1    2.000   1.0000          line
220.5000    0    0.500   1.0000          NULL 
221.0000    1    2.000   1.0000          line
223.0000    0    0.500   1.0000          NULL 
223.5000    1    2.000   1.0000          line
225.5000    0    0.500   1.0000          NULL 
226.0000    1    2.000   1.0000          line
228.0000    0    0.500   1.0000          NULL 
228.5000    1    2.000   1.0000          line
230.5000    0    1.000   1.0000          NULL 
231.5000    1    2.000   1.0000          line
233.5000    0    0.500   1.0000          NULL 
234.0000    1    2.000   1.0000          line
236.0000    0    4.000   1.0000          NULL 
240.0000    1    2.000   1.0000          line
242.0000    0    1.500   1.0000          NULL 
243.5000    1    2.000   1.0000          line
245.5000    0    0.500   1.0000          NULL 
246.0000    1    2.000   1.0000          line
248.0000    0    0.500   1.0000          NULL 
248.5000    1    2.000   1.0000          line
250.5000    0    2.000   1.0000          NULL 
252.5000    1    2.000   1.0000          line
254.5000    0    3.000   1.0000          NULL 
257.5000    1    2.000   1.0000          line
259.5000    0    1.000   1.0000          NULL 
260.5000    1    2.000   1.0000          line
262.5000    0    1.000   1.0000          NULL 
263.5000    1    2.000   1.0000          line
265.5000    0    0.500   1.0000          NULL 
266.0000    1    2.000   1.0000          line
268.0000    0    1.000   1.0000          NULL 
269.0000    1    2.000   1.0000          line
271.0000    0    1.000   1.0000          NULL 
272.0000    1    2.000   1.0000          line
274.0000    0    3.500   1.0000          NULL 
277.5000    1    2.000   1.0000          line
279.5000    0    1.500   1.0000          NULL 
281.0000    1    2.000   1.0000          line
283.0000    0    0.500   1.0000          NULL 
283.5000    1    2.000   1.0000          line
285.5000    0    0.500   1.0000          NULL 
286.0000    1    2.000   1.0000          line
288.0000    0    1.500   1.0000          NULL 
289.5000    1    2.000   1.0000          line
291.5000    0    0.500   1.0000          NULL 
292.0000    1    2.000   1.0000          line
294.0000    0    0.500   1.0000          NULL 
294.5000    1    2.000   1.0000          line
296.5000    0    2.000   1.0000          NULL 
298.5000    1    2.000   1.0000          line
300.5000    0    4.000   1.0000          NULL 
304.5000    1    2.000   1.0000          line
306.5000    0    2.000   1.0000          NULL 
308.5000    1    2.000   1.0000          line
310.5000    0    1.000   1.0000          NULL 
311.5000    1    2.000   1.0000          line
313.5000    0    1.000   1.0000          NULL 
314.5000    1    2.000   1.0000          line
316.5000    0    0.500   1.0000          NULL 
317.0000    1    2.000   1.0000          line
319.0000    0    0.500   1.0000          NULL 
319.5000    1    2.000   1.0000          line
321.5000    0    1.500   1.0000          NULL 
323.0000    1    2.000   1.0000          line
325.0000    0    4.000   1.0000          NULL 
329.0000    1    2.000   1.0000          line
331.0000    0    2.000   1.0000          NULL 
333.0000    1    2.000   1.0000          line
335.0000    0    2.000   1.0000          NULL 
337.0000    1    2.000   1.0000          line
339.0000    0    0.500   1.0000          NULL 
339.5000    1    2.000   1.0000          line
341.5000    0    1.500   1.0000          NULL 
343.0000    1    2.000   1.0000          line
345.0000    0    1.000   1.0000          NULL 
346.0000    1    2.000   1.0000          line
348.0000    0    3.000   1.0000          NULL 
351.0000    1    2.000   1.0000          line
353.0000    0    2.500   1.0000          NULL 
355.5000    1    2.000   1.0000          line
357.5000    0    1.500   1.0000          NULL 
359.0000    1    2.000   1.0000          line
361.0000    0    1.000   1.0000          NULL 
362.0000    1    2.000   1.0000          line
364.0000    0    0.500   1.0000          NULL 
364.5000    1    2.000   1.0000          line
366.5000    0    1.500   1.0000          NULL 
368.0000    1    2.000   1.0000          line
370.0000    0    1.000   1.0000          NULL 
371.0000    1    2.000   1.0000          line
373.0000    0    1.000   1.0000          NULL 
374.0000    1    2.000   1.0000          line
376.0000    0    4.000   1.0000          NULL 
380.0000    1    2.000   1.0000          line
382.0000    0    1.000   1.0000          NULL 
383.0000    1    2.000   1.0000          line
385.0000    0    0.500   1.0000          NULL 
385.5000    1    2.000   1.0000          line
387.5000    0    2.500   1.0000          NULL 
390.0000    1    2.000   1.0000          line
392.0000    0    3.000   1.0000          NULL 
395.0000    1    2.000   1.0000          line
397.0000    0    0.500   1.0000          NULL 
397.5000    1    2.000   1.0000          line
399.5000    0    0.500   1.0000          NULL 
