  0.0000    1    2.000   1.0000          line
  2.0000    0    1.500   1.0000          NULL 
  3.5000    1    2.000   1.0000          line
  5.5000    0    1.000   1.0000          NULL 
  6.5000    1    2.000   1.0000          line
  8.5000    0    1.500   1.0000          NULL 
 10.0000    1    2.000   1.0000          line
 12.0000    0    0.500   1.0000          NULL 
 12.5000    1    2.000   1.0000          line
 14.5000    0    0.500   1.0000          NULL 
 15.0000    1    2.000   1.0000          line
 17.0000    0    2.500   1.0000          NULL 
 19.5000    1    2.000   1.0000          line
 21.5000    0    1.500   1.0000          NULL 
 23.0000    1    2.000   1.0000          line
 25.0000    0    0.500   1.0000          NULL 
 25.5000    1    2.000   1.0000          line
 27.5000    0    0.500   1.0000          NULL 
 28.0000    1    2.000   1.0000          line
 30.0000    0    0.500   1.0000          NULL 
 30.5000    1    2.000   1.0000          line
 32.5000    0    2.500   1.0000          NULL 
 35.0000    1    2.000   1.0000          line
 37.0000    0    2.000   1.0000          NULL 
 39.0000    1    2.000   1.0000          line
 41.0000    0    1.000   1.0000          NULL 
 42.0000    1    2.000   1.0000          line
 44.0000    0    1.000   1.0000          NULL 
 45.0000    1    2.000   1.0000          line
 47.0000    0    0.500   1.0000          NULL 
 47.5000    1    2.000   1.0000          line
 49.5000    0    1.500   1.0000          NULL 
 51.0000    1    2.000   1.0000          line
 53.0000    0    0.500   1.0000          NULL 
 53.5000    1    2.000   1.0000          line
 55.5000    0    2.500   1.0000          NULL 
 58.0000    1    2.000   1.0000          line
 60.0000    0    3.000   1.0000          NULL 
 63.0000    1    2.000   1.0000          line
 65.0000    0    1.500   1.0000          NULL 
 66.5000    1    2.000   1.0000          line
 68.5000    0    1.000   1.0000          NULL 
 69.5000    1    2.000   1.0000          line
 71.5000    0    0.500   1.0000          NULL 
 72.0000    1    2.000   1.0000          line
 74.0000    0    0.500   1.0000          NULL 
 74.5000    1    2.000   1.0000          line
 76.5000    0    0.500   1.0000          NULL 
 77.0000    1    2.000   1.0000          line
 79.0000    0    3.500   1.0000          NULL 
 82.5000    1    2.000   1.0000          line
 84.5000    0    1.000   1.0000          NULL 
 85.5000    1    2.000   1.0000          line
 87.5000    0    1.500   1.0000          NULL 
 89.0000    1    2.000   1.0000          line
 91.0000    0    1.000   1.0000          NULL 
 92.0000    1    2.000   1.0000          line
 94.0000    0    1.000   1.0000          NULL 
 95.0000    1    2.000   1.0000          line
 97.0000    0    3.500   1.0000          NULL 
100.5000    1    2.000   1.0000          line
102.5000    0    0.500   1.0000          NULL 
103.0000    1    2.000   1.0000          line
105.0000    0    1.000   1.0000          NULL 
106.0000    1    2.000   1.0000          line
108.0000    0    0.500   1.0000          NULL 
108.5000    1    2.000   1.0000          line
110.5000    0    1.000   1.0000          NULL 
111.5000    1    2.000   1.0000          line
113.5000    0    0.500   1.0000          NULL 
114.0000    1    2.000   1.0000          line
116.0000    0    1.000   1.0000          NULL 
117.0000    1    2.000   1.0000          line
119.0000    0    0.500   1.0000          NULL 
119.5000    1    2.000   1.0000          line
121.5000    0    0.500   1.0000          NULL 
122.0000    1    2.000   1.0000          line
124.0000    0    0.500   1.0000          NULL 
124.5000    1    2.000   1.0000          line
126.5000    0    3.500   1.0000          NULL 
130.0000    1    2.000   1.0000          line
132.0000    0    0.500   1.0000          NULL 
132.5000    1    2.000   1.0000          line
134.5000    0    0.500   1.0000          NULL 
135.0000    1    2.000   1.0000          line
137.0000    0    1.000   1.0000          NULL 
138.0000    1    2.000   1.0000          line
140.0000    0    1.500   1.0000          NULL 
141.5000    1    2.000   1.0000          line
143.5000    0    0.500   1.0000          NULL 
144.0000    1    2.000   1.0000          line
146.0000    0    2.500   1.0000          NULL 
148.5000    1    2.000   1.0000          line
150.5000    0    2.500   1.0000          NULL 
153.0000    1    2.000   1.0000          line
155.0000    0    2.500   1.0000          NULL 
157.5000    1    2.000   1.0000          line
159.5000    0    1.500   1.0000          NULL 
161.0000    1    2.000   1.0000          line
163.0000    0    0.500   1.0000          NULL 
163.5000    1    2.000   1.0000          line
165.5000    0    2.000   1.0000          NULL 
167.5000    1    2.000   1.0000          line
169.5000    0    0.500   1.0000          NULL 
170.0000    1    2.000   1.0000          line
172.0000    0    0.500   1.0000          NULL 
172.5000    1    2.000   1.0000          line
174.5000    0    0.500   1.0000          NULL 
175.0000    1    2.000   1.0000          line
177.0000    0    0.500   1.0000          NULL 
177.5000    1    2.000   1.0000          line
179.5000    0    0.500   1.0000          NULL 
180.0000    1    2.000   1.0000          line
182.0000    0    2.000   1.0000          NULL 
184.0000    1    2.000   1.0000          line
186.0000    0    3.500   1.0000          NULL 
189.5000    1    2.000   1.0000          line
191.5000    0    0.500   1.0000          NULL 
192.0000    1    2.000   1.0000          line
194.0000    0    1.000   1.0000          NULL 
195.0000    1    2.000   1.0000          line
197.0000    0    0.500   1.0000          NULL 
197.5000    1    2.000   1.0000          line
199.5000    0    1.500   1.0000          NULL 
201.0000    1    2.000   1.0000          line
203.0000    0    1.000   1.0000          NULL 
204.0000    1    2.000   1.0000          line
206.0000    0    1.000   1.0000          NULL 
207.0000    1    2.000   1.0000          line
209.0000    0    0.500   1.0000          NULL 
209.5000    1    2.000   1.0000          line
211.5000    0    4.000   1.0000          NULL 
215.5000    1    2.000   1.0000          line
217.5000    0    1.000   1.0000          NULL 
218.5000    1    2.000   1.0000          line
220.5000    0    3.000   1.0000          NULL 
223.5000    1    2.000   1.0000          line
225.5000    0    2.000   1.0000          NULL 
227.5000    1    2.000   1.0000          line
229.5000    0    1.000   1.0000          NULL 
230.5000    1    2.000   1.0000          line
232.5000    0    0.500   1.0000          NULL 
233.0000    1    2.000   1.0000          line
235.0000    0    1.500   1.0000          NULL 
236.5000    1    2.000   1.0000          line
238.5000    0    3.500   1.0000          NULL 
242.0000    1    2.000   1.0000          line
244.0000    0    0.500   1.0000          NULL 
244.5000    1    2.000   1.0000          line
246.5000    0    2.500   1.0000          NULL 
249.0000    1    2.000   1.0000          line
251.0000    0    1.500   1.0000          NULL 
252.5000    1    2.000   1.0000          line
254.5000    0    1.000   1.0000          NULL 
255.5000    1    2.000   1.0000          line
257.5000    0    4.000   1.0000          NULL 
261.5000    1    2.000   1.0000          line
263.5000    0    1.000   1.0000          NULL 
264.5000    1    2.000   1.0000          line
266.5000    0    0.500   1.0000          NULL 
267.0000    1    2.000   1.0000          line
269.0000    0    1.000   1.0000          NULL 
270.0000    1    2.000   1.0000          line
272.0000    0    1.500   1.0000          NULL 
273.5000    1    2.000   1.0000          line
275.5000    0    0.500   1.0000          NULL 
276.0000    1    2.000   1.0000          line
278.0000    0    0.500   1.0000          NULL 
278.5000    1    2.000   1.0000          line
280.5000    0    1.000   1.0000          NULL 
281.5000    1    2.000   1.0000          line
283.5000    0    1.000   1.0000          NULL 
284.5000    1    2.000   1.0000          line
286.5000    0    0.500   1.0000          NULL 
287.0000    1    2.000   1.0000          line
289.0000    0    1.500   1.0000          NULL 
290.5000    1    2.000   1.0000          line
292.5000    0    1.500   1.0000          NULL 
294.0000    1    2.000   1.0000          line
296.0000    0    1.000   1.0000          NULL 
297.0000    1    2.000   1.0000          line
299.0000    0    1.000   1.0000          NULL 
300.0000    1    2.000   1.0000          line
302.0000    0    2.500   1.0000          NULL 
304.5000    1    2.000   1.0000          line
306.5000    0    0.500   1.0000          NULL 
307.0000    1    2.000   1.0000          line
309.0000    0    0.500   1.0000          NULL 
309.5000    1    2.000   1.0000          line
311.5000    0    1.000   1.0000          NULL 
312.5000    1    2.000   1.0000          line
314.5000    0    1.500   1.0000          NULL 
316.0000    1    2.000   1.0000          line
318.0000    0    3.500   1.0000          NULL 
321.5000    1    2.000   1.0000          line
323.5000    0    0.500   1.0000          NULL 
324.0000    1    2.000   1.0000          line
326.0000    0    2.500   1.0000          NULL 
328.5000    1    2.000   1.0000          line
330.5000    0    0.500   1.0000          NULL 
331.0000    1    2.000   1.0000          line
333.0000    0    1.000   1.0000          NULL 
334.0000    1    2.000   1.0000          line
336.0000    0    1.000   1.0000          NULL 
337.0000    1    2.000   1.0000          line
339.0000    0    2.000   1.0000          NULL 
341.0000    1    2.000   1.0000          line
343.0000    0    1.000   1.0000          NULL 
344.0000    1    2.000   1.0000          line
346.0000    0    0.500   1.0000          NULL 
346.5000    1    2.000   1.0000          line
348.5000    0    1.500   1.0000          NULL 
350.0000    1    2.000   1.0000          line
352.0000    0    0.500   1.0000          NULL 
352.5000    1    2.000   1.0000          line
354.5000    0    3.000   1.0000          NULL 
357.5000    1    2.000   1.0000          line
359.5000    0    0.500   1.0000          NULL 
360.0000    1    2.000   1.0000          line
362.0000    0    2.500   1.0000          NULL 
364.5000    1    2.000   1.0000          line
366.5000    0    1.500   1.0000          NULL 
368.0000    1    2.000   1.0000          line
370.0000    0    3.000   1.0000          NULL 
373.0000    1    2.000   1.0000          line
375.0000    0    1.000   1.0000          NULL 
376.0000    1    2.000   1.0000          line
378.0000    0    1.000   1.0000          NULL 
379.0000    1    2.000   1.0000          line
381.0000    0    2.000   1.0000          NULL 
383.0000    1    2.000   1.0000          line
385.0000    0    1.500   1.0000          NULL 
386.5000    1    2.000   1.0000          line
388.5000    0    1.500   1.0000          NULL 
390.0000    1    2.000   1.0000          line
392.0000    0    1.500   1.0000          NULL 
393.5000    1    2.000   1.0000          line
395.5000    0    1.500   1.0000          NULL 
397.0000    1    2.000   1.0000          line
399.0000    0    1.000   1.0000          NULL 
