  0.0000    1    2.000   1.0000          line
  2.0000    0    1.000   1.0000          NULL 
  3.0000    1    2.000   1.0000          line
  5.0000    0    0.500   1.0000          NULL 
  5.5000    1    2.000   1.0000          line
  7.5000    0    2.500   1.0000          NULL 
 10.0000    1    2.000   1.0000          line
 12.0000    0    1.500   1.0000          NULL 
 13.5000    1    2.000   1.0000          line
 15.5000    0    0.500   1.0000          NULL 
 16.0000    1    2.000   1.0000          line
 18.0000    0    3.500   1.0000          NULL 
 21.5000    1    2.000   1.0000          line
 23.5000    0    1.500   1.0000          NULL 
 25.0000    1    2.000   1.0000          line
 27.0000    0    0.500   1.0000          NULL 
 27.5000    1    2.000   1.0000          line
 29.5000    0    2.500   1.0000          NULL 
 32.0000    1    2.000   1.0000          line
 34.0000    0    0.500   1.0000          NULL 
 34.5000    1    2.000   1.0000          line
 36.5000    0    0.500   1.0000          NULL 
 37.0000    1    2.000   1.0000          line
 39.0000    0    0.500   1.0000          NULL 
 39.5000    1    2.000   1.0000          line
 41.5000    0    1.000   1.0000          NULL 
 42.5000    1    2.000   1.0000          line
 44.5000    0    0.500   1.0000          NULL 
 45.0000    1    2.000   1.0000          line
 47.0000    0    3.000   1.0000          NULL 
 50.0000    1    2.000   1.0000          line
 52.0000    0    0.500   1.0000          NULL 
 52.5000    1    2.000   1.0000          line
 54.5000    0    0.500   1.0000          NULL 
 55.0000    1    2.000   1.0000          line
 57.0000    0    4.000   1.0000          NULL 
 61.0000    1    2.000   1.0000          line
 63.0000    0    1.000   1.0000          NULL 
 64.0000    1    2.000   1.0000          line
 66.0000    0    1.000   1.0000          NULL 
 67.0000    1    2.000   1.0000          line
 69.0000    0    0.500   1.0000          NULL 
 69.5000    1    2.000   1.0000          line
 71.5000    0    1.000   1.0000          NULL 
 72.5000    1    2.000   1.0000          line
 74.5000    0    2.000   1.0000          NULL 
 76.5000    1    2.000   1.0000          line
 78.5000    0    1.500   1.0000          NULL 
 80.0000    1    2.000   1.0000          line
 82.0000    0    0.500   1.0000          NULL 
 82.5000    1    2.000   1.0000          line
 84.5000    0    1.000   1.0000          NULL 
 85.5000    1    2.000   1.0000          line
 87.5000    0    0.500   1.0000          NULL 
 88.0000    1    2.000   1.0000          line
 90.0000    0    1.000   1.0000          NULL 
 91.0000    1    2.000   1.0000          line
 93.0000    0    0.500   1.0000          NULL 
 93.5000    1    2.000   1.0000          line
 95.5000    0    3.500   1.0000          NULL 
 99.0000    1    2.000   1.0000          line
101.0000    0    1.500   1.0000          NULL 
102.5000    1    2.000   1.0000          line
104.5000    0    1.500   1.0000          NULL 
106.0000    1    2.000   1.0000          line
108.0000    0    2.000   1.0000          NULL 
110.0000    1    2.000   1.0000          line
112.0000    0    0.500   1.0000          NULL 
112.5000    1    2.000   1.0000          line
114.5000    0    0.500   1.0000          NULL 
115.0000    1    2.000   1.0000          line
117.0000    0    0.500   1.0000          NULL 
117.5000    1    2.000   1.0000          line
119.5000    0    1.500   1.0000          NULL 
121.0000    1    2.000   1.0000          line
123.0000    0    4.000   1.0000          NULL 
127.0000    1    2.000   1.0000          line
129.0000    0    2.500   1.0000          NULL 
131.5000    1    2.000   1.0000          line
133.5000    0    3.000   1.0000          NULL 
136.5000    1    2.000   1.0000          line
138.5000    0    1.000   1.0000          NULL 
139.5000    1    2.000   1.0000          line
141.5000    0    0.500   1.0000          NULL 
142.0000    1    2.000   1.0000          line
144.0000    0    0.500   1.0000          NULL 
144.5000    1    2.000   1.0000          line
146.5000    0    3.500   1.0000          NULL 
150.0000    1    2.000   1.0000          line
152.0000    0    0.500   1.0000          NULL 
152.5000    1    2.000   1.0000          line
154.5000    0    1.500   1.0000          NULL 
156.0000    1    2.000   1.0000          line
158.0000    0    0.500   1.0000          NULL 
158.5000    1    2.000   1.0000          line
160.5000    0    1.000   1.0000          NULL 
161.5000    1    2.000   1.0000          line
163.5000    0    1.500   1.0000          NULL 
165.0000    1    2.000   1.0000          line
167.0000    0    1.000   1.0000          NULL 
168.0000    1    2.000   1.0000          line
170.0000    0    1.000   1.0000          NULL 
171.0000    1    2.000   1.0000          line
173.0000    0    0.500   1.0000          NULL 
173.5000    1    2.000   1.0000          line
175.5000    0    0.500   1.0000          NULL 
176.0000    1    2.000   1.0000          line
178.0000    0    1.500   1.0000          NULL 
179.5000    1    2.000   1.0000          line
181.5000    0    1.500   1.0000          NULL 
183.0000    1    2.000   1.0000          line
185.0000    0    0.500   1.0000          NULL 
185.5000    1    2.000   1.0000          line
187.5000    0    0.500   1.0000          NULL 
188.0000    1    2.000   1.0000          line
190.0000    0    1.000   1.0000          NULL 
191.0000    1    2.000   1.0000          line
193.0000    0    0.500   1.0000          NULL 
193.5000    1    2.000   1.0000          line
195.5000    0    0.500   1.0000          NULL 
196.0000    1    2.000   1.0000          line
198.0000    0    0.500   1.0000          NULL 
198.5000    1    2.000   1.0000          line
200.5000    0    1.000   1.0000          NULL 
201.5000    1    2.000   1.0000          line
203.5000    0    1.500   1.0000          NULL 
205.0000    1    2.000   1.0000          line
207.0000    0    0.500   1.0000          NULL 
207.5000    1    2.000   1.0000          line
209.5000    0    1.000   1.0000          NULL 
210.5000    1    2.000   1.0000          line
212.5000    0    3.000   1.0000          NULL 
215.5000    1    2.000   1.0000          line
217.5000    0    1.000   1.0000          NULL 
218.5000    1    2.000   1.0000          line
220.5000    0    0.500   1.0000          NULL 
221.0000    1    2.000   1.0000          line
223.0000    0    1.000   1.0000          NULL 
224.0000    1    2.000   1.0000          line
226.0000    0    4.000   1.0000          NULL 
230.0000    1    2.000   1.0000          line
232.0000    0    0.500   1.0000          NULL 
232.5000    1    2.000   1.0000          line
234.5000    0    1.000   1.0000          NULL 
235.5000    1    2.000   1.0000          line
237.5000    0    3.500   1.0000          NULL 
241.0000    1    2.000   1.0000          line
243.0000    0    0.500   1.0000          NULL 
243.5000    1    2.000   1.0000          line
245.5000    0    3.000   1.0000          NULL 
248.5000    1    2.000   1.0000          line
250.5000    0    2.500   1.0000          NULL 
253.0000    1    2.000   1.0000          line
255.0000    0    1.000   1.0000          NULL 
256.0000    1    2.000   1.0000          line
258.0000    0    1.000   1.0000          NULL 
259.0000    1    2.000   1.0000          line
261.0000    0    0.500   1.0000          NULL 
261.5000    1    2.000   1.0000          line
263.5000    0    1.000   1.0000          NULL 
264.5000    1    2.000   1.0000          line
266.5000    0    4.000   1.0000          NULL 
270.5000    1    2.000   1.0000          line
272.5000    0    0.500   1.0000          NULL 
273.0000    1    2.000   1.0000          line
275.0000    0    2.500   1.0000          NULL 
277.5000    1    2.000   1.0000          line
279.5000    0    2.000   1.0000          NULL 
281.5000    1    2.000   1.0000          line
283.5000    0    1.500   1.0000          NULL 
285.0000    1    2.000   1.0000          line
287.0000    0    0.500   1.0000          NULL 
287.5000    1    2.000   1.0000          line
289.5000    0    2.000   1.0000          NULL 
291.5000    1    2.000   1.0000          line
293.5000    0    0.500   1.0000          NULL 
294.0000    1    2.000   1.0000          line
296.0000    0    1.000   1.0000          NULL 
297.0000    1    2.000   1.0000          line
299.0000    0    3.000   1.0000          NULL 
302.0000    1    2.000   1.0000          line
304.0000    0    0.500   1.0000          NULL 
304.5000    1    2.000   1.0000          line
306.5000    0    0.500   1.0000          NULL 
307.0000    1    2.000   1.0000          line
309.0000    0    1.500   1.0000          NULL 
310.5000    1    2.000   1.0000          line
312.5000    0    0.500   1.0000          NULL 
313.0000    1    2.000   1.0000          line
315.0000    0    1.000   1.0000          NULL 
316.0000    1    2.000   1.0000          line
318.0000    0    1.500   1.0000          NULL 
319.5000    1    2.000   1.0000          line
321.5000    0    2.000   1.0000          NULL 
323.5000    1    2.000   1.0000          line
325.5000    0    0.500   1.0000          NULL 
326.0000    1    2.000   1.0000          line
328.0000    0    2.500   1.0000          NULL 
330.5000    1    2.000   1.0000          line
332.5000    0    0.500   1.0000          NULL 
333.0000    1    2.000   1.0000          line
335.0000    0    1.000   1.0000          NULL 
336.0000    1    2.000   1.0000          line
338.0000    0    0.500   1.0000          NULL 
338.5000    1    2.000   1.0000          line
340.5000    0    3.500   1.0000          NULL 
344.0000    1    2.000   1.0000          line
346.0000    0    2.500   1.0000          NULL 
348.5000    1    2.000   1.0000          line
350.5000    0    1.000   1.0000          NULL 
351.5000    1    2.000   1.0000          line
353.5000    0    1.000   1.0000          NULL 
354.5000    1    2.000   1.0000          line
356.5000    0    3.000   1.0000          NULL 
359.5000    1    2.000   1.0000          line
361.5000    0    3.000   1.0000          NULL 
364.5000    1    2.000   1.0000          line
366.5000    0    2.500   1.0000          NULL 
369.0000    1    2.000   1.0000          line
371.0000    0    0.500   1.0000          NULL 
371.5000    1    2.000   1.0000          line
373.5000    0    0.500   1.0000          NULL 
374.0000    1    2.000   1.0000          line
376.0000    0    0.500   1.0000          NULL 
376.5000    1    2.000   1.0000          line
378.5000    0    0.500   1.0000          NULL 
379.0000    1    2.000   1.0000          line
381.0000    0    1.500   1.0000          NULL 
382.5000    1    2.000   1.0000          line
384.5000    0    0.500   1.0000          NULL 
385.0000    1    2.000   1.0000          line
387.0000    0    0.500   1.0000          NULL 
387.5000    1    2.000   1.0000          line
389.5000    0    1.500   1.0000          NULL 
391.0000    1    2.000   1.0000          line
393.0000    0    1.000   1.0000          NULL 
394.0000    1    2.000   1.0000          line
396.0000    0    0.500   1.0000          NULL 
396.5000    1    2.000   1.0000          line
398.5000    0    1.500   1.0000          NULL 
