  0.0000    1    2.000   1.0000          line
  2.0000    0    1.000   1.0000          NULL 
  3.0000    1    2.000   1.0000          line
  5.0000    0    2.500   1.0000          NULL 
  7.5000    1    2.000   1.0000          line
  9.5000    0    0.500   1.0000          NULL 
 10.0000    1    2.000   1.0000          line
 12.0000    0    1.000   1.0000          NULL 
 13.0000    1    2.000   1.0000          line
 15.0000    0    1.000   1.0000          NULL 
 16.0000    1    2.000   1.0000          line
 18.0000    0    2.500   1.0000          NULL 
 20.5000    1    2.000   1.0000          line
 22.5000    0    1.000   1.0000          NULL 
 23.5000    1    2.000   1.0000          line
 25.5000    0    0.500   1.0000          NULL 
 26.0000    1    2.000   1.0000          line
 28.0000    0    1.500   1.0000          NULL 
 29.5000    1    2.000   1.0000          line
 31.5000    0    2.000   1.0000          NULL 
 33.5000    1    2.000   1.0000          line
 35.5000    0    2.500   1.0000          NULL 
 38.0000    1    2.000   1.0000          line
 40.0000    0    1.000   1.0000          NULL 
 41.0000    1    2.000   1.0000          line
 43.0000    0    0.500   1.0000          NULL 
 43.5000    1    2.000   1.0000          line
 45.5000    0    0.500   1.0000          NULL 
 46.0000    1    2.000   1.0000          line
 48.0000    0    3.000   1.0000          NULL 
 51.0000    1    2.000   1.0000          line
 53.0000    0    0.500   1.0000          NULL 
 53.5000    1    2.000   1.0000          line
 55.5000    0    0.500   1.0000          NULL 
 56.0000    1    2.000   1.0000          line
 58.0000    0    0.500   1.0000          NULL 
 58.5000    1    2.000   1.0000          line
 60.5000    0    0.500   1.0000          NULL 
 61.0000    1    2.000   1.0000          line
 63.0000    0    1.000   1.0000          NULL 
 64.0000    1    2.000   1.0000          line
 66.0000    0    0.500   1.0000          NULL 
 66.5000    1    2.000   1.0000          line
 68.5000    0    1.000   1.0000          NULL 
 69.5000    1    2.000   1.0000          line
 71.5000    0    1.000   1.0000          NULL 
 72.5000    1    2.000   1.0000          line
 74.5000    0    1.500   1.0000          NULL 
 76.0000    1    2.000   1.0000          line
 78.0000    0    1.500   1.0000          NULL 
 79.5000    1    2.000   1.0000          line
 81.5000    0    2.500   1.0000          NULL 
 84.0000    1    2.000   1.0000          line
 86.0000    0    0.500   1.0000          NULL 
 86.5000    1    2.000   1.0000          line
 88.5000    0    2.000   1.0000          NULL 
 90.5000    1    2.000   1.0000          line
 92.5000    0    2.000   1.0000          NULL 
 94.5000    1    2.000   1.0000          line
 96.5000    0    3.000   1.0000          NULL 
 99.5000    1    2.000   1.0000          line
101.5000    0    1.500   1.0000          NULL 
103.0000    1    2.000   1.0000          line
105.0000    0    1.000   1.0000          NULL 
106.0000    1    2.000   1.0000          line
108.0000    0    1.000   1.0000          NULL 
109.0000    1    2.000   1.0000          line
111.0000    0    1.000   1.0000          NULL 
112.0000    1    2.000   1.0000          line
114.0000    0    0.500   1.0000          NULL 
114.5000    1    2.000   1.0000          line
116.5000    0    0.500   1.0000          NULL 
117.0000    1    2.000   1.0000          line
119.0000    0    2.500   1.0000          NULL 
121.5000    1    2.000   1.0000          line
123.5000    0    2.500   1.0000          NULL 
126.0000    1    2.000   1.0000          line
128.0000    0    1.000   1.0000          NULL 
129.0000    1    2.000   1.0000          line
131.0000    0    1.000   1.0000          NULL 
132.0000    1    2.000   1.0000          line
134.0000    0    2.000   1.0000          NULL 
136.0000    1    2.000   1.0000          line
138.0000    0    3.000   1.0000          NULL 
141.0000    1    2.000   1.0000          line
143.0000    0    1.500   1.0000          NULL 
144.5000    1    2.000   1.0000          line
146.5000    0    0.500   1.0000          NULL 
147.0000    1    2.000   1.0000          line
149.0000    0    0.500   1.0000          NULL 
149.5000    1    2.000   1.0000          line
151.5000    0    1.500   1.0000          NULL 
153.0000    1    2.000   1.0000          line
155.0000    0    3.500   1.0000          NULL 
158.5000    1    2.000   1.0000          line
160.5000    0    1.000   1.0000          NULL 
161.5000    1    2.000   1.0000          line
163.5000    0    0.500   1.0000          NULL 
164.0000    1    2.000   1.0000          line
166.0000    0    0.500   1.0000          NULL 
166.5000    1    2.000   1.0000          line
168.5000    0    1.500   1.0000          NULL 
170.0000    1    2.000   1.0000          line
172.0000    0    0.500   1.0000          NULL 
172.5000    1    2.000   1.0000          line
174.5000    0    0.500   1.0000          NULL 
175.0000    1    2.000   1.0000          line
177.0000    0    2.500   1.0000          NULL 
179.5000    1    2.000   1.0000          line
181.5000    0    0.500   1.0000          NULL 
182.0000    1    2.000   1.0000          line
184.0000    0    2.000   1.0000          NULL 
186.0000    1    2.000   1.0000          line
188.0000    0    1.000   1.0000          NULL 
189.0000    1    2.000   1.0000          line
191.0000    0    1.000   1.0000          NULL 
192.0000    1    2.000   1.0000          line
194.0000    0    4.000   1.0000          NULL 
198.0000    1    2.000   1.0000          line
200.0000    0    1.000   1.0000          NULL 
201.0000    1    2.000   1.0000          line
203.0000    0    0.500   1.0000          NULL 
203.5000    1    2.000   1.0000          line
205.5000    0    4.000   1.0000          NULL 
209.5000    1    2.000   1.0000          line
211.5000    0    1.500   1.0000          NULL 
213.0000    1    2.000   1.0000          line
215.0000    0    1.500   1.0000          NULL 
216.5000    1    2.000   1.0000          line
218.5000    0    2.500   1.0000          NULL 
221.0000    1    2.000   1.0000          line
223.0000    0    0.500   1.0000          NULL 
223.5000    1    2.000   1.0000          line
225.5000    0    1.500   1.0000          NULL 
227.0000    1    2.000   1.0000          line
229.0000    0    1.000   1.0000          NULL 
230.0000    1    2.000   1.0000          line
232.0000    0    0.500   1.0000          NULL 
232.5000    1    2.000   1.0000          line
234.5000    0    1.500   1.0000          NULL 
236.0000    1    2.000   1.0000          line
238.0000    0    2.000   1.0000          NULL 
240.0000    1    2.000   1.0000          line
242.0000    0    0.500   1.0000          NULL 
242.5000    1    2.000   1.0000          line
244.5000    0    0.500   1.0000          NULL 
245.0000    1    2.000   1.0000          line
247.0000    0    0.500   1.0000          NULL 
247.5000    1    2.000   1.0000          line
249.5000    0    3.500   1.0000          NULL 
253.0000    1    2.000   1.0000          line
255.0000    0    1.000   1.0000          NULL 
256.0000    1    2.000   1.0000          line
258.0000    0    0.500   1.0000          NULL 
258.5000    1    2.000   1.0000          line
260.5000    0    1.000   1.0000          NULL 
261.5000    1    2.000   1.0000          line
263.5000    0    0.500   1.0000          NULL 
264.0000    1    2.000   1.0000          line
266.0000    0    0.500   1.0000          NULL 
266.5000    1    2.000   1.0000          line
268.5000    0    0.500   1.0000          NULL 
269.0000    1    2.000   1.0000          line
271.0000    0    1.000   1.0000          NULL 
272.0000    1    2.000   1.0000          line
274.0000    0    1.500   1.0000          NULL 
275.5000    1    2.000   1.0000          line
277.5000    0    1.000   1.0000          NULL 
278.5000    1    2.000   1.0000          line
280.5000    0    2.000   1.0000          NULL 
282.5000    1    2.000   1.0000          line
284.5000    0    0.500   1.0000          NULL 
285.0000    1    2.000   1.0000          line
287.0000    0    4.000   1.0000          NULL 
291.0000    1    2.000   1.0000          line
293.0000    0    0.500   1.0000          NULL 
293.5000    1    2.000   1.0000          line
295.5000    0    0.500   1.0000          NULL 
296.0000    1    2.000   1.0000          line
298.0000    0    0.500   1.0000          NULL 
298.5000    1    2.000   1.0000          line
300.5000    0    1.500   1.0000          NULL 
302.0000    1    2.000   1.0000          line
304.0000    0    3.000   1.0000          NULL 
307.0000    1    2.000   1.0000          line
309.0000    0    0.500   1.0000          NULL 
309.5000    1    2.000   1.0000          line
311.5000    0    1.000   1.0000          NULL 
312.5000    1    2.000   1.0000          line
314.5000    0    0.500   1.0000          NULL 
315.0000    1    2.000   1.0000          line
317.0000    0    1.000   1.0000          NULL 
318.0000    1    2.000   1.0000          line
320.0000    0    1.000   1.0000          NULL 
321.0000    1    2.000   1.0000          line
323.0000    0    3.000   1.0000          NULL 
326.0000    1    2.000   1.0000          line
328.0000    0    3.500   1.0000          NULL 
331.5000    1    2.000   1.0000          line
333.5000    0    1.000   1.0000          NULL 
334.5000    1    2.000   1.0000          line
336.5000    0    0.500   1.0000          NULL 
337.0000    1    2.000   1.0000          line
339.0000    0    0.500   1.0000          NULL 
339.5000    1    2.000   1.0000          line
341.5000    0    0.500   1.0000          NULL 
342.0000    1    2.000   1.0000          line
344.0000    0    0.500   1.0000          NULL 
344.5000    1    2.000   1.0000          line
346.5000    0    0.500   1.0000          NULL 
347.0000    1    2.000   1.0000          line
349.0000    0    3.000   1.0000          NULL 
352.0000    1    2.000   1.0000          line
354.0000    0    2.500   1.0000          NULL 
356.5000    1    2.000   1.0000          line
358.5000    0    1.000   1.0000          NULL 
359.5000    1    2.000   1.0000          line
361.5000    0    2.000   1.0000          NULL 
363.5000    1    2.000   1.0000          line
365.5000    0    0.500   1.0000          NULL 
366.0000    1    2.000   1.0000          line
368.0000    0    1.000   1.0000          NULL 
369.0000    1    2.000   1.0000          line
371.0000    0    2.000   1.0000          NULL 
373.0000    1    2.000   1.0000          line
375.0000    0    0.500   1.0000          NULL 
375.5000    1    2.000   1.0000          line
377.5000    0    2.500   1.0000          NULL 
380.0000    1    2.000   1.0000          line
382.0000    0    0.500   1.0000          NULL 
382.5000    1    2.000   1.0000          line
384.5000    0    3.000   1.0000          NULL 
387.5000    1    2.000   1.0000          line
389.5000    0    0.500   1.0000          NULL 
390.0000    1    2.000   1.0000          line
392.0000    0    2.500   1.0000          NULL 
394.5000    1    2.000   1.0000          line
396.5000    0    1.000   1.0000          NULL 
397.5000    1    2.000   1.0000          line
399.5000    0    0.500   1.0000          NULL 
