  0.0000    1    2.000   1.0000          line
  2.0000    0    0.500   1.0000          NULL 
  2.5000    1    2.000   1.0000          line
  4.5000    0    0.500   1.0000          NULL 
  5.0000    1    2.000   1.0000          line
  7.0000    0    1.500   1.0000          NULL 
  8.5000    1    2.000   1.0000          line
 10.5000    0    1.000   1.0000          NULL 
 11.5000    1    2.000   1.0000          line
 13.5000    0    1.000   1.0000          NULL 
 14.5000    1    2.000   1.0000          line
 16.5000    0    0.500   1.0000          NULL 
 17.0000    1    2.000   1.0000          line
 19.0000    0    0.500   1.0000          NULL 
 19.5000    1    2.000   1.0000          line
 21.5000    0    0.500   1.0000          NULL 
 22.0000    1    2.000   1.0000          line
 24.0000    0    1.500   1.0000          NULL 
 25.5000    1    2.000   1.0000          line
 27.5000    0    4.000   1.0000          NULL 
 31.5000    1    2.000   1.0000          line
 33.5000    0    0.500   1.0000          NULL 
 34.0000    1    2.000   1.0000          line
 36.0000    0    1.000   1.0000          NULL 
 37.0000    1    2.000   1.0000          line
 39.0000    0    1.500   1.0000          NULL 
 40.5000    1    2.000   1.0000          line
 42.5000    0    1.000   1.0000          NULL 
 43.5000    1    2.000   1.0000          line
 45.5000    0    0.500   1.0000          NULL 
 46.0000    1    2.000   1.0000          line
 48.0000    0    1.000   1.0000          NULL 
 49.0000    1    2.000   1.0000          line
 51.0000    0    0.500   1.0000          NULL 
 51.5000    1    2.000   1.0000          line
 53.5000    0    1.000   1.0000          NULL 
 54.5000    1    2.000   1.0000          line
 56.5000    0    0.500   1.0000          NULL 
 57.0000    1    2.000   1.0000          line
 59.0000    0    3.000   1.0000          NULL 
 62.0000    1    2.000   1.0000          line
 64.0000    0    1.000   1.0000          NULL 
 65.0000    1    2.000   1.0000          line
 67.0000    0    0.500   1.0000          NULL 
 67.5000    1    2.000   1.0000          line
 69.5000    0    2.500   1.0000          NULL 
 72.0000    1    2.000   1.0000          line
 74.0000    0    1.000   1.0000          NULL 
 75.0000    1    2.000   1.0000          line
 77.0000    0    0.500   1.0000          NULL 
 77.5000    1    2.000   1.0000          line
 79.5000    0    1.500   1.0000          NULL 
 81.0000    1    2.000   1.0000          line
 83.0000    0    3.500   1.0000          NULL 
 86.5000    1    2.000   1.0000          line
 88.5000    0    0.500   1.0000          NULL 
 89.0000    1    2.000   1.0000          line
 91.0000    0    1.000   1.0000          NULL 
 92.0000    1    2.000   1.0000          line
 94.0000    0    1.000   1.0000          NULL 
 95.0000    1    2.000   1.0000          line
 97.0000    0    0.500   1.0000          NULL 
 97.5000    1    2.000   1.0000          line
 99.5000    0    1.500   1.0000          NULL 
101.0000    1    2.000   1.0000          line
103.0000    0    0.500   1.0000          NULL 
103.5000    1    2.000   1.0000          line
105.5000    0    1.000   1.0000          NULL 
106.5000    1    2.000   1.0000          line
108.5000    0    1.500   1.0000          NULL 
110.0000    1    2.000   1.0000          line
112.0000    0    2.000   1.0000          NULL 
114.0000    1    2.000   1.0000          line
116.0000    0    4.000   1.0000          NULL 
120.0000    1    2.000   1.0000          line
122.0000    0    1.000   1.0000          NULL 
123.0000    1    2.000   1.0000          line
125.0000    0    2.000   1.0000          NULL 
127.0000    1    2.000   1.0000          line
129.0000    0    0.500   1.0000          NULL 
129.5000    1    2.000   1.0000          line
131.5000    0    2.000   1.0000          NULL 
133.5000    1    2.000   1.0000          line
135.5000    0    1.000   1.0000          NULL 
136.5000    1    2.000   1.0000          line
138.5000    0    1.000   1.0000          NULL 
139.5000    1    2.000   1.0000          line
141.5000    0    1.000   1.0000          NULL 
142.5000    1    2.000   1.0000          line
144.5000    0    1.000   1.0000          NULL 
145.5000    1    2.000   1.0000          line
147.5000    0    1.500   1.0000          NULL 
149.0000    1    2.000   1.0000          line
151.0000    0    0.500   1.0000          NULL 
151.5000    1    2.000   1.0000          line
153.5000    0    1.000   1.0000          NULL 
154.5000    1    2.000   1.0000          line
156.5000    0    0.500   1.0000          NULL 
157.0000    1    2.000   1.0000          line
159.0000    0    3.000   1.0000          NULL 
162.0000    1    2.000   1.0000          line
164.0000    0    2.500   1.0000          NULL 
166.5000    1    2.000   1.0000          line
168.5000    0    1.000   1.0000          NULL 
169.5000    1    2.000   1.0000          line
171.5000    0    1.000   1.0000          NULL 
172.5000    1    2.000   1.0000          line
174.5000    0    3.500   1.0000          NULL 
178.0000    1    2.000   1.0000          line
180.0000    0    2.000   1.0000          NULL 
182.0000    1    2.000   1.0000          line
184.0000    0    0.500   1.0000          NULL 
184.5000    1    2.000   1.0000          line
186.5000    0    2.500   1.0000          NULL 
189.0000    1    2.000   1.0000          line
191.0000    0    0.500   1.0000          NULL 
191.5000    1    2.000   1.0000          line
193.5000    0    1.500   1.0000          NULL 
195.0000    1    2.000   1.0000          line
197.0000    0    2.000   1.0000          NULL 
199.0000    1    2.000   1.0000          line
201.0000    0    0.500   1.0000          NULL 
201.5000    1    2.000   1.0000          line
203.5000    0    0.500   1.0000          NULL 
204.0000    1    2.000   1.0000          line
206.0000    0    1.500   1.0000          NULL 
207.5000    1    2.000   1.0000          line
209.5000    0    0.500   1.0000          NULL 
210.0000    1    2.000   1.0000          line
212.0000    0    0.500   1.0000          NULL 
212.5000    1    2.000   1.0000          line
214.5000    0    2.000   1.0000          NULL 
216.5000    1    2.000   1.0000          line
218.5000    0    0.500   1.0000          NULL 
219.0000    1    2.000   1.0000          line
221.0000    0    2.000   1.0000          NULL 
223.0000    1    2.000   1.0000          line
225.0000    0    2.000   1.0000          NULL 
227.0000    1    2.000   1.0000          line
229.0000    0    3.500   1.0000          NULL 
232.5000    1    2.000   1.0000          line
234.5000    0    3.000   1.0000          NULL 
237.5000    1    2.000   1.0000          line
239.5000    0    1.000   1.0000          NULL 
240.5000    1    2.000   1.0000          line
242.5000    0    0.500   1.0000          NULL 
243.0000    1    2.000   1.0000          line
245.0000    0    0.500   1.0000          NULL 
245.5000    1    2.000   1.0000          line
247.5000    0    1.500   1.0000          NULL 
249.0000    1    2.000   1.0000          line
251.0000    0    1.500   1.0000          NULL 
252.5000    1    2.000   1.0000          line
254.5000    0    0.500   1.0000          NULL 
255.0000    1    2.000   1.0000          line
257.0000    0    1.000   1.0000          NULL 
258.0000    1    2.000   1.0000          line
260.0000    0    1.000   1.0000          NULL 
261.0000    1    2.000   1.0000          line
263.0000    0    1.500   1.0000          NULL 
264.5000    1    2.000   1.0000          line
266.5000    0    1.500   1.0000          NULL 
268.0000    1    2.000   1.0000          line
270.0000    0    2.500   1.0000          NULL 
272.5000    1    2.000   1.0000          line
274.5000    0    0.500   1.0000          NULL 
275.0000    1    2.000   1.0000          line
277.0000    0    1.500   1.0000          NULL 
278.5000    1    2.000   1.0000          line
280.5000    0    0.500   1.0000          NULL 
281.0000    1    2.000   1.0000          line
283.0000    0    0.500   1.0000          NULL 
283.5000    1    2.000   1.0000          line
285.5000    0    0.500   1.0000          NULL 
286.0000    1    2.000   1.0000          line
288.0000    0    1.500   1.0000          NULL 
289.5000    1    2.000   1.0000          line
291.5000    0    0.500   1.0000          NULL 
292.0000    1    2.000   1.0000          line
294.0000    0    3.000   1.0000          NULL 
297.0000    1    2.000   1.0000          line
299.0000    0    1.000   1.0000          NULL 
300.0000    1    2.000   1.0000          line
302.0000    0    0.500   1.0000          NULL 
302.5000    1    2.000   1.0000          line
304.5000    0    3.000   1.0000          NULL 
307.5000    1    2.000   1.0000          line
309.5000    0    1.500   1.0000          NULL 
311.0000    1    2.000   1.0000          line
313.0000    0    2.500   1.0000          NULL 
315.5000    1    2.000   1.0000          line
317.5000    0    1.500   1.0000          NULL 
319.0000    1    2.000   1.0000          line
321.0000    0    0.500   1.0000          NULL 
321.5000    1    2.000   1.0000          line
323.5000    0    0.500   1.0000          NULL 
324.0000    1    2.000   1.0000          line
326.0000    0    2.500   1.0000          NULL 
328.5000    1    2.000   1.0000          line
330.5000    0    0.500   1.0000          NULL 
331.0000    1    2.000   1.0000          line
333.0000    0    2.000   1.0000          NULL 
335.0000    1    2.000   1.0000          line
337.0000    0    0.500   1.0000          NULL 
337.5000    1    2.000   1.0000          line
339.5000    0    0.500   1.0000          NULL 
340.0000    1    2.000   1.0000          line
342.0000    0    0.500   1.0000          NULL 
342.5000    1    2.000   1.0000          line
344.5000    0    2.500   1.0000          NULL 
347.0000    1    2.000   1.0000          line
349.0000    0    3.500   1.0000          NULL 
352.5000    1    2.000   1.0000          line
354.5000    0    1.000   1.0000          NULL 
355.5000    1    2.000   1.0000          line
357.5000    0    0.500   1.0000          NULL 
358.0000    1    2.000   1.0000          line
360.0000    0    0.500   1.0000          NULL 
360.5000    1    2.000   1.0000          line
362.5000    0    4.000   1.0000          NULL 
366.5000    1    2.000   1.0000          line
368.5000    0    1.500   1.0000          NULL 
370.0000    1    2.000   1.0000          line
372.0000    0    3.000   1.0000          NULL 
375.0000    1    2.000   1.0000          line
377.0000    0    0.500   1.0000          NULL 
377.5000    1    2.000   1.0000          line
379.5000    0    3.000   1.0000          NULL 
382.5000    1    2.000   1.0000          line
384.5000    0    1.500   1.0000          NULL 
386.0000    1    2.000   1.0000          line
388.0000    0    1.000   1.0000          NULL 
389.0000    1    2.000   1.0000          line
391.0000    0    1.500   1.0000          NULL 
392.5000    1    2.000   1.0000          line
394.5000    0    0.500   1.0000          NULL 
395.0000    1    2.000   1.0000          line
397.0000    0    0.500   1.0000          NULL 
397.5000    1    2.000   1.0000          line
399.5000    0    0.500   1.0000          NULL 
