  0.0000    1    2.000   1.0000          line
  2.0000    0    1.000   1.0000          NULL 
  3.0000    1    2.000   1.0000          line
  5.0000    0    1.500   1.0000          NULL 
  6.5000    1    2.000   1.0000          line
  8.5000    0    2.500   1.0000          NULL 
 11.0000    1    2.000   1.0000          line
 13.0000    0    0.500   1.0000          NULL 
 13.5000    1    2.000   1.0000          line
 15.5000    0    1.000   1.0000          NULL 
 16.5000    1    2.000   1.0000          line
 18.5000    0    1.000   1.0000          NULL 
 19.5000    1    2.000   1.0000          line
 21.5000    0    0.500   1.0000          NULL 
 22.0000    1    2.000   1.0000          line
 24.0000    0    0.500   1.0000          NULL 
 24.5000    1    2.000   1.0000          line
 26.5000    0    0.500   1.0000          NULL 
 27.0000    1    2.000   1.0000          line
 29.0000    0    1.000   1.0000          NULL 
 30.0000    1    2.000   1.0000          line
 32.0000    0    4.000   1.0000          NULL 
 36.0000    1    2.000   1.0000          line
 38.0000    0    3.500   1.0000          NULL 
 41.5000    1    2.000   1.0000          line
 43.5000    0    0.500   1.0000          NULL 
 44.0000    1    2.000   1.0000          line
 46.0000    0    0.500   1.0000          NULL 
 46.5000    1    2.000   1.0000          line
 48.5000    0    0.500   1.0000          NULL 
 49.0000    1    2.000   1.0000          line
 51.0000    0    1.500   1.0000          NULL 
 52.5000    1    2.000   1.0000          line
 54.5000    0    1.000   1.0000          NULL 
 55.5000    1    2.000   1.0000          line
 57.5000    0    0.500   1.0000          NULL 
 58.0000    1    2.000   1.0000          line
 60.0000    0    0.500   1.0000          NULL 
 60.5000    1    2.000   1.0000          line
 62.5000    0    3.500   1.0000          NULL 
 66.0000    1    2.000   1.0000          line
 68.0000    0    2.000   1.0000          NULL 
 70.0000    1    2.000   1.0000          line
 72.0000    0    1.000   1.0000          NULL 
 73.0000    1    2.000   1.0000          line
 75.0000    0    1.500   1.0000          NULL 
 76.5000    1    2.000   1.0000          line
 78.5000    0    0.500   1.0000          NULL 
 79.0000    1    2.000   1.0000          line
 81.0000    0    1.000   1.0000          NULL 
 82.0000    1    2.000   1.0000          line
 84.0000    0    2.500   1.0000          NULL 
 86.5000    1    2.000   1.0000          line
 88.5000    0    2.000   1.0000          NULL 
 90.5000    1    2.000   1.0000          line
 92.5000    0    0.500   1.0000          NULL 
 93.0000    1    2.000   1.0000          line
 95.0000    0    2.500   1.0000          NULL 
 97.5000    1    2.000   1.0000          line
 99.5000    0    0.500   1.0000          NULL 
100.0000    1    2.000   1.0000          line
102.0000    0    2.500   1.0000          NULL 
104.5000    1    2.000   1.0000          line
106.5000    0    1.500   1.0000          NULL 
108.0000    1    2.000   1.0000          line
110.0000    0    0.500   1.0000          NULL 
110.5000    1    2.000   1.0000          line
112.5000    0    1.000   1.0000          NULL 
113.5000    1    2.000   1.0000          line
115.5000    0    1.000   1.0000          NULL 
116.5000    1    2.000   1.0000          line
118.5000    0    0.500   1.0000          NULL 
119.0000    1    2.000   1.0000          line
121.0000    0    3.000   1.0000          NULL 
124.0000    1    2.000   1.0000          line
126.0000    0    0.500   1.0000          NULL 
126.5000    1    2.000   1.0000          line
128.5000    0    0.500   1.0000          NULL 
129.0000    1    2.000   1.0000          line
131.0000    0    2.000   1.0000          NULL 
133.0000    1    2.000   1.0000          line
135.0000    0    0.500   1.0000          NULL 
135.5000    1    2.000   1.0000          line
137.5000    0    1.500   1.0000          NULL 
139.0000    1    2.000   1.0000          line
141.0000    0    2.500   1.0000          NULL 
143.5000    1    2.000   1.0000          line
145.5000    0    2.000   1.0000          NULL 
147.5000    1    2.000   1.0000          line
149.5000    0    1.000   1.0000          NULL 
150.5000    1    2.000   1.0000          line
152.5000    0    0.500   1.0000          NULL 
153.0000    1    2.000   1.0000          line
155.0000    0    1.000   1.0000          NULL 
156.0000    1    2.000   1.0000          line
158.0000    0    2.000   1.0000          NULL 
160.0000    1    2.000   1.0000          line
162.0000    0    1.000   1.0000          NULL 
163.0000    1    2.000   1.0000          line
165.0000    0    0.500   1.0000          NULL 
165.5000    1    2.000   1.0000          line
167.5000    0    0.500   1.0000          NULL 
168.0000    1    2.000   1.0000          line
170.0000    0    1.000   1.0000          NULL 
171.0000    1    2.000   1.0000          line
173.0000    0    0.500   1.0000          NULL 
173.5000    1    2.000   1.0000          line
175.5000    0    1.000   1.0000          NULL 
176.5000    1    2.000   1.0000          line
178.5000    0    0.500   1.0000          NULL 
179.0000    1    2.000   1.0000          line
181.0000    0    1.000   1.0000          NULL 
182.0000    1    2.000   1.0000          line
184.0000    0    1.000   1.0000          NULL 
185.0000    1    2.000   1.0000          line
187.0000    0    1.000   1.0000          NULL 
188.0000    1    2.000   1.0000          line
190.0000    0    1.500   1.0000          NULL 
191.5000    1    2.000   1.0000          line
193.5000    0    0.500   1.0000          NULL 
194.0000    1    2.000   1.0000          line
196.0000    0    0.500   1.0000          NULL 
196.5000    1    2.000   1.0000          line
198.5000    0    1.500   1.0000          NULL 
200.0000    1    2.000   1.0000          line
202.0000    0    0.500   1.0000          NULL 
202.5000    1    2.000   1.0000          line
204.5000    0    0.500   1.0000          NULL 
205.0000    1    2.000   1.0000          line
207.0000    0    2.000   1.0000          NULL 
209.0000    1    2.000   1.0000          line
211.0000    0    0.500   1.0000          NULL 
211.5000    1    2.000   1.0000          line
213.5000    0    0.500   1.0000          NULL 
214.0000    1    2.000   1.0000          line
216.0000    0    0.500   1.0000          NULL 
216.5000    1    2.000   1.0000          line
218.5000    0    2.000   1.0000          NULL 
220.5000    1    2.000   1.0000          line
222.5000    0    0.500   1.0000          NULL 
223.0000    1    2.000   1.0000          line
225.0000    0    1.000   1.0000          NULL 
226.0000    1    2.000   1.0000          line
228.0000    0    2.500   1.0000          NULL 
230.5000    1    2.000   1.0000          line
232.5000    0    1.000   1.0000          NULL 
233.5000    1    2.000   1.0000          line
235.5000    0    1.000   1.0000          NULL 
236.5000    1    2.000   1.0000          line
238.5000    0    1.500   1.0000          NULL 
240.0000    1    2.000   1.0000          line
242.0000    0    0.500   1.0000          NULL 
242.5000    1    2.000   1.0000          line
244.5000    0    4.000   1.0000          NULL 
248.5000    1    2.000   1.0000          line
250.5000    0    1.500   1.0000          NULL 
252.0000    1    2.000   1.0000          line
254.0000    0    1.500   1.0000          NULL 
255.5000    1    2.000   1.0000          line
257.5000    0    1.500   1.0000          NULL 
259.0000    1    2.000   1.0000          line
261.0000    0    1.500   1.0000          NULL 
262.5000    1    2.000   1.0000          line
264.5000    0    2.000   1.0000          NULL 
266.5000    1    2.000   1.0000          line
268.5000    0    2.500   1.0000          NULL 
271.0000    1    2.000   1.0000          line
273.0000    0    0.500   1.0000          NULL 
273.5000    1    2.000   1.0000          line
275.5000    0    0.500   1.0000          NULL 
276.0000    1    2.000   1.0000          line
278.0000    0    1.500   1.0000          NULL 
279.5000    1    2.000   1.0000          line
281.5000    0    2.500   1.0000          NULL 
284.0000    1    2.000   1.0000          line
286.0000    0    2.500   1.0000          NULL 
288.5000    1    2.000   1.0000          line
290.5000    0    3.500   1.0000          NULL 
294.0000    1    2.000   1.0000          line
296.0000    0    0.500   1.0000          NULL 
296.5000    1    2.000   1.0000          line
298.5000    0    1.000   1.0000          NULL 
299.5000    1    2.000   1.0000          line
301.5000    0    3.500   1.0000          NULL 
305.0000    1    2.000   1.0000          line
307.0000    0    1.000   1.0000          NULL 
308.0000    1    2.000   1.0000          line
310.0000    0    0.500   1.0000          NULL 
310.5000    1    2.000   1.0000          line
312.5000    0    0.500   1.0000          NULL 
313.0000    1    2.000   1.0000          line
315.0000    0    0.500   1.0000          NULL 
315.5000    1    2.000   1.0000          line
317.5000    0    1.000   1.0000          NULL 
318.5000    1    2.000   1.0000          line
320.5000    0    4.000   1.0000          NULL 
324.5000    1    2.000   1.0000          line
326.5000    0    0.500   1.0000          NULL 
327.0000    1    2.000   1.0000          line
329.0000    0    0.500   1.0000          NULL 
329.5000    1    2.000   1.0000          line
331.5000    0    0.500   1.0000          NULL 
332.0000    1    2.000   1.0000          line
334.0000    0    1.500   1.0000          NULL 
335.5000    1    2.000   1.0000          line
337.5000    0    2.000   1.0000          NULL 
339.5000    1    2.000   1.0000          line
341.5000    0    3.500   1.0000          NULL 
345.0000    1    2.000   1.0000          line
347.0000    0    0.500   1.0000          NULL 
347.5000    1    2.000   1.0000          line
349.5000    0    3.500   1.0000          NULL 
353.0000    1    2.000   1.0000          line
355.0000    0    1.000   1.0000          NULL 
356.0000    1    2.000   1.0000          line
358.0000    0    1.000   1.0000          NULL 
359.0000    1    2.000   1.0000          line
361.0000    0    0.500   1.0000          NULL 
361.5000    1    2.000   1.0000          line
363.5000    0    1.500   1.0000          NULL 
365.0000    1    2.000   1.0000          line
367.0000    0    3.000   1.0000          NULL 
370.0000    1    2.000   1.0000          line
372.0000    0    1.000   1.0000          NULL 
373.0000    1    2.000   1.0000          line
375.0000    0    0.500   1.0000          NULL 
375.5000    1    2.000   1.0000          line
377.5000    0    4.000   1.0000          NULL 
381.5000    1    2.000   1.0000          line
383.5000    0    2.000   1.0000          NULL 
385.5000    1    2.000   1.0000          line
387.5000    0    0.500   1.0000          NULL 
388.0000    1    2.000   1.0000          line
390.0000    0    1.500   1.0000          NULL 
391.5000    1    2.000   1.0000          line
393.5000    0    0.500   1.0000          NULL 
394.0000    1    2.000   1.0000          line
396.0000    0    1.500   1.0000          NULL 
397.5000    1    2.000   1.0000          line
399.5000    0    0.500   1.0000          NULL 
