  0.0000    1    2.000   1.0000          line
  2.0000    0    2.000   1.0000          NULL 
  4.0000    1    2.000   1.0000          line
  6.0000    0    0.500   1.0000          NULL 
  6.5000    1    2.000   1.0000          line
  8.5000    0    3.000   1.0000          NULL 
 11.5000    1    2.000   1.0000          line
 13.5000    0    0.500   1.0000          NULL 
 14.0000    1    2.000   1.0000          line
 16.0000    0    1.500   1.0000          NULL 
 17.5000    1    2.000   1.0000          line
 19.5000    0    0.500   1.0000          NULL 
 20.0000    1    2.000   1.0000          line
 22.0000    0    1.000   1.0000          NULL 
 23.0000    1    2.000   1.0000          line
 25.0000    0    2.000   1.0000          NULL 
 27.0000    1    2.000   1.0000          line
 29.0000    0    0.500   1.0000          NULL 
 29.5000    1    2.000   1.0000          line
 31.5000    0    1.000   1.0000          NULL 
 32.5000    1    2.000   1.0000          line
 34.5000    0    1.500   1.0000          NULL 
 36.0000    1    2.000   1.0000          line
 38.0000    0    4.000   1.0000          NULL 
 42.0000    1    2.000   1.0000          line
 44.0000    0    1.500   1.0000          NULL 
 45.5000    1    2.000   1.0000          line
 47.5000    0    0.500   1.0000          NULL 
 48.0000    1    2.000   1.0000          line
 50.0000    0    3.000   1.0000          NULL 
 53.0000    1    2.000   1.0000          line
 55.0000    0    0.500   1.0000          NULL 
 55.5000    1    2.000   1.0000          line
 57.5000    0    1.000   1.0000          NULL 
 58.5000    1    2.000   1.0000          line
 60.5000    0    1.000   1.0000          NULL 
 61.5000    1    2.000   1.0000          line
 63.5000    0    0.500   1.0000          NULL 
 64.0000    1    2.000   1.0000          line
 66.0000    0    0.500   1.0000          NULL 
 66.5000    1    2.000   1.0000          line
 68.5000    0    2.500   1.0000          NULL 
 71.0000    1    2.000   1.0000          line
 73.0000    0    2.500   1.0000          NULL 
 75.5000    1    2.000   1.0000          line
 77.5000    0    0.500   1.0000          NULL 
 78.0000    1    2.000   1.0000          line
 80.0000    0    1.000   1.0000          NULL 
 81.0000    1    2.000   1.0000          line
 83.0000    0    2.000   1.0000          NULL 
 85.0000    1    2.000   1.0000          line
 87.0000    0    3.000   1.0000          NULL 
 90.0000    1    2.000   1.0000          line
 92.0000    0    0.500   1.0000          NULL 
 92.5000    1    2.000   1.0000          line
 94.5000    0    0.500   1.0000          NULL 
 95.0000    1    2.000   1.0000          line
 97.0000    0    1.000   1.0000          NULL 
 98.0000    1    2.000   1.0000          line
100.0000    0    4.000   1.0000          NULL 
104.0000    1    2.000   1.0000          line
106.0000    0    1.500   1.0000          NULL 
107.5000    1    2.000   1.0000          line
109.5000    0    0.500   1.0000          NULL 
110.0000    1    2.000   1.0000          line
112.0000    0    0.500   1.0000          NULL 
112.5000    1    2.000   1.0000          line
114.5000    0    0.500   1.0000          NULL 
115.0000    1    2.000   1.0000          line
117.0000    0    0.500   1.0000          NULL 
117.5000    1    2.000   1.0000          line
119.5000    0    2.500   1.0000          NULL 
122.0000    1    2.000   1.0000          line
124.0000    0    0.500   1.0000          NULL 
124.5000    1    2.000   1.0000          line
126.5000    0    1.000   1.0000          NULL 
127.5000    1    2.000   1.0000          line
129.5000    0    1.000   1.0000          NULL 
130.5000    1    2.000   1.0000          line
132.5000    0    1.000   1.0000          NULL 
133.5000    1    2.000   1.0000          line
135.5000    0    3.000   1.0000          NULL 
138.5000    1    2.000   1.0000          line
140.5000    0    1.500   1.0000          NULL 
142.0000    1    2.000   1.0000          line
144.0000    0    2.000   1.0000          NULL 
146.0000    1    2.000   1.0000          line
148.0000    0    0.500   1.0000          NULL 
148.5000    1    2.000   1.0000          line
150.5000    0    0.500   1.0000          NULL 
151.0000    1    2.000   1.0000          line
153.0000    0    1.000   1.0000          NULL 
154.0000    1    2.000   1.0000          line
156.0000    0    4.000   1.0000          NULL 
160.0000    1    2.000   1.0000          line
162.0000    0    0.500   1.0000          NULL 
162.5000    1    2.000   1.0000          line
164.5000    0    2.000   1.0000          NULL 
166.5000    1    2.000   1.0000          line
168.5000    0    1.500   1.0000          NULL 
170.0000    1    2.000   1.0000          line
172.0000    0    0.500   1.0000          NULL 
172.5000    1    2.000   1.0000          line
174.5000    0    0.500   1.0000          NULL 
175.0000    1    2.000   1.0000          line
177.0000    0    3.000   1.0000          NULL 
180.0000    1    2.000   1.0000          line
182.0000    0    0.500   1.0000          NULL 
182.5000    1    2.000   1.0000          line
184.5000    0    1.000   1.0000          NULL 
185.5000    1    2.000   1.0000          line
187.5000    0    1.000   1.0000          NULL 
188.5000    1    2.000   1.0000          line
190.5000    0    0.500   1.0000          NULL 
191.0000    1    2.000   1.0000          line
193.0000    0    0.500   1.0000          NULL 
193.5000    1    2.000   1.0000          line
195.5000    0    0.500   1.0000          NULL 
196.0000    1    2.000   1.0000          line
198.0000    0    1.000   1.0000          NULL 
199.0000    1    2.000   1.0000          line
201.0000    0    3.500   1.0000          NULL 
204.5000    1    2.000   1.0000          line
206.5000    0    2.500   1.0000          NULL 
209.0000    1    2.000   1.0000          line
211.0000    0    1.000   1.0000          NULL 
212.0000    1    2.000   1.0000          line
214.0000    0    1.000   1.0000          NULL 
215.0000    1    2.000   1.0000          line
217.0000    0    0.500   1.0000          NULL 
217.5000    1    2.000   1.0000          line
219.5000    0    0.500   1.0000          NULL 
220.0000    1    2.000   1.0000          line
222.0000    0    1.500   1.0000          NULL 
223.5000    1    2.000   1.0000          line
225.5000    0    0.500   1.0000          NULL 
226.0000    1    2.000   1.0000          line
228.0000    0    0.500   1.0000          NULL 
228.5000    1    2.000   1.0000          line
230.5000    0    1.000   1.0000          NULL 
231.5000    1    2.000   1.0000          line
233.5000    0    3.500   1.0000          NULL 
237.0000    1    2.000   1.0000          line
239.0000    0    0.500   1.0000          NULL 
239.5000    1    2.000   1.0000          line
241.5000    0    2.500   1.0000          NULL 
244.0000    1    2.000   1.0000          line
246.0000    0    1.500   1.0000          NULL 
247.5000    1    2.000   1.0000          line
249.5000    0    2.000   1.0000          NULL 
251.5000    1    2.000   1.0000          line
253.5000    0    1.000   1.0000          NULL 
254.5000    1    2.000   1.0000          line
256.5000    0    3.000   1.0000          NULL 
259.5000    1    2.000   1.0000          line
261.5000    0    0.500   1.0000          NULL 
262.0000    1    2.000   1.0000          line
264.0000    0    0.500   1.0000          NULL 
264.5000    1    2.000   1.0000          line
266.5000    0    1.000   1.0000          NULL 
267.5000    1    2.000   1.0000          line
269.5000    0    2.500   1.0000          NULL 
272.0000    1    2.000   1.0000          line
274.0000    0    0.500   1.0000          NULL 
274.5000    1    2.000   1.0000          line
276.5000    0    1.000   1.0000          NULL 
277.5000    1    2.000   1.0000          line
279.5000    0    1.000   1.0000          NULL 
280.5000    1    2.000   1.0000          line
282.5000    0    2.000   1.0000          NULL 
284.5000    1    2.000   1.0000          line
286.5000    0    0.500   1.0000          NULL 
287.0000    1    2.000   1.0000          line
289.0000    0    0.500   1.0000          NULL 
289.5000    1    2.000   1.0000          line
291.5000    0    0.500   1.0000          NULL 
292.0000    1    2.000   1.0000          line
294.0000    0    3.000   1.0000          NULL 
297.0000    1    2.000   1.0000          line
299.0000    0    1.500   1.0000          NULL 
300.5000    1    2.000   1.0000          line
302.5000    0    0.500   1.0000          NULL 
303.0000    1    2.000   1.0000          line
305.0000    0    4.000   1.0000          NULL 
309.0000    1    2.000   1.0000          line
311.0000    0    0.500   1.0000          NULL 
311.5000    1    2.000   1.0000          line
313.5000    0    3.500   1.0000          NULL 
317.0000    1    2.000   1.0000          line
319.0000    0    0.500   1.0000          NULL 
319.5000    1    2.000   1.0000          line
321.5000    0    0.500   1.0000          NULL 
322.0000    1    2.000   1.0000          line
324.0000    0    2.000   1.0000          NULL 
326.0000    1    2.000   1.0000          line
328.0000    0    1.500   1.0000          NULL 
329.5000    1    2.000   1.0000          line
331.5000    0    0.500   1.0000          NULL 
332.0000    1    2.000   1.0000          line
334.0000    0    3.500   1.0000          NULL 
337.5000    1    2.000   1.0000          line
339.5000    0    1.000   1.0000          NULL 
340.5000    1    2.000   1.0000          line
342.5000    0    0.500   1.0000          NULL 
343.0000    1    2.000   1.0000          line
345.0000    0    1.500   1.0000          NULL 
346.5000    1    2.000   1.0000          line
348.5000    0    0.500   1.0000          NULL 
349.0000    1    2.000   1.0000          line
351.0000    0    1.000   1.0000          NULL 
352.0000    1    2.000   1.0000          line
354.0000    0    1.500   1.0000          NULL 
355.5000    1    2.000   1.0000          line
357.5000    0    0.500   1.0000          NULL 
358.0000    1    2.000   1.0000          line
360.0000    0    0.500   1.0000          NULL 
360.5000    1    2.000   1.0000          line
362.5000    0    2.000   1.0000          NULL 
364.5000    1    2.000   1.0000          line
366.5000    0    0.500   1.0000          NULL 
367.0000    1    2.000   1.0000          line
369.0000    0    0.500   1.0000          NULL 
369.5000    1    2.000   1.0000          line
371.5000    0    1.500   1.0000          NULL 
373.0000    1    2.000   1.0000          line
375.0000    0    2.500   1.0000          NULL 
377.5000    1    2.000   1.0000          line
379.5000    0    1.000   1.0000          NULL 
380.5000    1    2.000   1.0000          line
382.5000    0    2.500   1.0000          NULL 
385.0000    1    2.000   1.0000          line
387.0000    0    2.000   1.0000          NULL 
389.0000    1    2.000   1.0000          line
391.0000    0    1.500   1.0000          NULL 
392.5000    1    2.000   1.0000          line
394.5000    0    0.500   1.0000          NULL 
395.0000    1    2.000   1.0000          line
397.0000    0    0.500   1.0000          NULL 
397.5000    1    2.000   1.0000          line
399.5000    0    0.500   1.0000          NULL 
