  0.0000    1    2.000   1.0000          line
  2.0000    0    0.500   1.0000          NULL 
  2.5000    1    2.000   1.0000          line
  4.5000    0    1.500   1.0000          NULL 
  6.0000    1    2.000   1.0000          line
  8.0000    0    1.000   1.0000          NULL 
  9.0000    1    2.000   1.0000          line
 11.0000    0    0.500   1.0000          NULL 
 11.5000    1    2.000   1.0000          line
 13.5000    0    2.000   1.0000          NULL 
 15.5000    1    2.000   1.0000          line
 17.5000    0    2.000   1.0000          NULL 
 19.5000    1    2.000   1.0000          line
 21.5000    0    2.000   1.0000          NULL 
 23.5000    1    2.000   1.0000          line
 25.5000    0    0.500   1.0000          NULL 
 26.0000    1    2.000   1.0000          line
 28.0000    0    2.000   1.0000          NULL 
 30.0000    1    2.000   1.0000          line
 32.0000    0    0.500   1.0000          NULL 
 32.5000    1    2.000   1.0000          line
 34.5000    0    1.000   1.0000          NULL 
 35.5000    1    2.000   1.0000          line
 37.5000    0    1.500   1.0000          NULL 
 39.0000    1    2.000   1.0000          line
 41.0000    0    1.000   1.0000          NULL 
 42.0000    1    2.000   1.0000          line
 44.0000    0    2.500   1.0000          NULL 
 46.5000    1    2.000   1.0000          line
 48.5000    0    1.000   1.0000          NULL 
 49.5000    1    2.000   1.0000          line
 51.5000    0    3.000   1.0000          NULL 
 54.5000    1    2.000   1.0000          line
 56.5000    0    0.500   1.0000          NULL 
 57.0000    1    2.000   1.0000          line
 59.0000    0    0.500   1.0000          NULL 
 59.5000    1    2.000   1.0000          line
 61.5000    0    2.000   1.0000          NULL 
 63.5000    1    2.000   1.0000          line
 65.5000    0    0.500   1.0000          NULL 
 66.0000    1    2.000   1.0000          line
 68.0000    0    0.500   1.0000          NULL 
 68.5000    1    2.000   1.0000          line
 70.5000    0    1.000   1.0000          NULL 
 71.5000    1    2.000   1.0000          line
 73.5000    0    2.500   1.0000          NULL 
 76.0000    1    2.000   1.0000          line
 78.0000    0    2.000   1.0000          NULL 
 80.0000    1    2.000   1.0000          line
 82.0000    0    1.000   1.0000          NULL 
 83.0000    1    2.000   1.0000          line
 85.0000    0    1.500   1.0000          NULL 
 86.5000    1    2.000   1.0000          line
 88.5000    0    1.000   1.0000          NULL 
 89.5000    1    2.000   1.0000          line
 91.5000    0    0.500   1.0000          NULL 
 92.0000    1    2.000   1.0000          line
 94.0000    0    1.500   1.0000          NULL 
 95.5000    1    2.000   1.0000          line
 97.5000    0    2.000   1.0000          NULL 
 99.5000    1    2.000   1.0000          line
101.5000    0    0.500   1.0000          NULL 
102.0000    1    2.000   1.0000          line
104.0000    0    1.000   1.0000          NULL 
105.0000    1    2.000   1.0000          line
107.0000    0    3.000   1.0000          NULL 
110.0000    1    2.000   1.0000          line
112.0000    0    1.000   1.0000          NULL 
113.0000    1    2.000   1.0000          line
115.0000    0    1.000   1.0000          NULL 
116.0000    1    2.000   1.0000          line
118.0000    0    0.500   1.0000          NULL 
118.5000    1    2.000   1.0000          line
120.5000    0    0.500   1.0000          NULL 
121.0000    1    2.000   1.0000          line
123.0000    0    1.500   1.0000          NULL 
124.5000    1    2.000   1.0000          line
126.5000    0    1.000   1.0000          NULL 
127.5000    1    2.000   1.0000          line
129.5000    0    0.500   1.0000          NULL 
130.0000    1    2.000   1.0000          line
132.0000    0    3.000   1.0000          NULL 
135.0000    1    2.000   1.0000          line
137.0000    0    2.500   1.0000          NULL 
139.5000    1    2.000   1.0000          line
141.5000    0    1.500   1.0000          NULL 
143.0000    1    2.000   1.0000          line
145.0000    0    1.000   1.0000          NULL 
146.0000    1    2.000   1.0000          line
148.0000    0    1.000   1.0000          NULL 
149.0000    1    2.000   1.0000          line
151.0000    0    0.500   1.0000          NULL 
151.5000    1    2.000   1.0000          line
153.5000    0    0.500   1.0000          NULL 
154.0000    1    2.000   1.0000          line
156.0000    0    2.000   1.0000          NULL 
158.0000    1    2.000   1.0000          line
160.0000    0    0.500   1.0000          NULL 
160.5000    1    2.000   1.0000          line
162.5000    0    0.500   1.0000          NULL 
163.0000    1    2.000   1.0000          line
165.0000    0    0.500   1.0000          NULL 
165.5000    1    2.000   1.0000          line
167.5000    0    4.000   1.0000          NULL 
171.5000    1    2.000   1.0000          line
173.5000    0    2.000   1.0000          NULL 
175.5000    1    2.000   1.0000          line
177.5000    0    1.000   1.0000          NULL 
178.5000    1    2.000   1.0000          line
180.5000    0    2.000   1.0000          NULL 
182.5000    1    2.000   1.0000          line
184.5000    0    3.000   1.0000          NULL 
187.5000    1    2.000   1.0000          line
189.5000    0    0.500   1.0000          NULL 
190.0000    1    2.000   1.0000          line
192.0000    0    4.000   1.0000          NULL 
196.0000    1    2.000   1.0000          line
198.0000    0    0.500   1.0000          NULL 
198.5000    1    2.000   1.0000          line
200.5000    0    1.000   1.0000          NULL 
201.5000    1    2.000   1.0000          line
203.5000    0    1.000   1.0000          NULL 
204.5000    1    2.000   1.0000          line
206.5000    0    1.500   1.0000          NULL 
208.0000    1    2.000   1.0000          line
210.0000    0    1.000   1.0000          NULL 
211.0000    1    2.000   1.0000          line
213.0000    0    0.500   1.0000          NULL 
213.5000    1    2.000   1.0000          line
215.5000    0    1.000   1.0000          NULL 
216.5000    1    2.000   1.0000          line
218.5000    0    0.500   1.0000          NULL 
219.0000    1    2.000   1.0000          line
221.0000    0    1.000   1.0000          NULL 
222.0000    1    2.000   1.0000          line
224.0000    0    1.000   1.0000          NULL 
225.0000    1    2.000   1.0000          line
227.0000    0    1.500   1.0000          NULL 
228.5000    1    2.000   1.0000          line
230.5000    0    3.500   1.0000          NULL 
234.0000    1    2.000   1.0000          line
236.0000    0    0.500   1.0000          NULL 
236.5000    1    2.000   1.0000          line
238.5000    0    0.500   1.0000          NULL 
239.0000    1    2.000   1.0000          line
241.0000    0    2.000   1.0000          NULL 
243.0000    1    2.000   1.0000          line
245.0000    0    0.500   1.0000          NULL 
245.5000    1    2.000   1.0000          line
247.5000    0    3.000   1.0000          NULL 
250.5000    1    2.000   1.0000          line
252.5000    0    0.500   1.0000          NULL 
253.0000    1    2.000   1.0000          line
255.0000    0    0.500   1.0000          NULL 
255.5000    1    2.000   1.0000          line
257.5000    0    0.500   1.0000          NULL 
258.0000    1    2.000   1.0000          line
260.0000    0    0.500   1.0000          NULL 
260.5000    1    2.000   1.0000          line
262.5000    0    0.500   1.0000          NULL 
263.0000    1    2.000   1.0000          line
265.0000    0    4.000   1.0000          NULL 
269.0000    1    2.000   1.0000          line
271.0000    0    3.000   1.0000          NULL 
274.0000    1    2.000   1.0000          line
276.0000    0    0.500   1.0000          NULL 
276.5000    1    2.000   1.0000          line
278.5000    0    1.000   1.0000          NULL 
279.5000    1    2.000   1.0000          line
281.5000    0    1.000   1.0000          NULL 
282.5000    1    2.000   1.0000          line
284.5000    0    4.000   1.0000          NULL 
288.5000    1    2.000   1.0000          line
290.5000    0    1.000   1.0000          NULL 
291.5000    1    2.000   1.0000          line
293.5000    0    0.500   1.0000          NULL 
294.0000    1    2.000   1.0000          line
296.0000    0    1.500   1.0000          NULL 
297.5000    1    2.000   1.0000          line
299.5000    0    1.500   1.0000          NULL 
301.0000    1    2.000   1.0000          line
303.0000    0    2.000   1.0000          NULL 
305.0000    1    2.000   1.0000          line
307.0000    0    0.500   1.0000          NULL 
307.5000    1    2.000   1.0000          line
309.5000    0    2.000   1.0000          NULL 
311.5000    1    2.000   1.0000          line
313.5000    0    1.000   1.0000          NULL 
314.5000    1    2.000   1.0000          line
316.5000    0    0.500   1.0000          NULL 
317.0000    1    2.000   1.0000          line
319.0000    0    0.500   1.0000          NULL 
319.5000    1    2.000   1.0000          line
321.5000    0    0.500   1.0000          NULL 
322.0000    1    2.000   1.0000          line
324.0000    0    3.000   1.0000          NULL 
327.0000    1    2.000   1.0000          line
329.0000    0    0.500   1.0000          NULL 
329.5000    1    2.000   1.0000          line
331.5000    0    0.500   1.0000          NULL 
332.0000    1    2.000   1.0000          line
334.0000    0    1.500   1.0000          NULL 
335.5000    1    2.000   1.0000          line
337.5000    0    3.000   1.0000          NULL 
340.5000    1    2.000   1.0000          line
342.5000    0    0.500   1.0000          NULL 
343.0000    1    2.000   1.0000          line
345.0000    0    1.500   1.0000          NULL 
346.5000    1    2.000   1.0000          line
348.5000    0    1.500   1.0000          NULL 
350.0000    1    2.000   1.0000          line
352.0000    0    0.500   1.0000          NULL 
352.5000    1    2.000   1.0000          line
354.5000    0    1.500   1.0000          NULL 
356.0000    1    2.000   1.0000          line
358.0000    0    0.500   1.0000          NULL 
358.5000    1    2.000   1.0000          line
360.5000    0    0.500   1.0000          NULL 
361.0000    1    2.000   1.0000          line
363.0000    0    1.500   1.0000          NULL 
364.5000    1    2.000   1.0000          line
366.5000    0    1.500   1.0000          NULL 
368.0000    1    2.000   1.0000          line
370.0000    0    0.500   1.0000          NULL 
370.5000    1    2.000   1.0000          line
372.5000    0    2.500   1.0000          NULL 
375.0000    1    2.000   1.0000          line
377.0000    0    3.000   1.0000          NULL 
380.0000    1    2.000   1.0000          line
382.0000    0    0.500   1.0000          NULL 
382.5000    1    2.000   1.0000          line
384.5000    0    2.000   1.0000          NULL 
386.5000    1    2.000   1.0000          line
388.5000    0    1.000   1.0000          NULL 
389.5000    1    2.000   1.0000          line
391.5000    0    1.000   1.0000          NULL 
392.5000    1    2.000   1.0000          line
394.5000    0    2.500   1.0000          NULL 
397.0000    1    2.000   1.0000          line
399.0000    0    1.000   1.0000          NULL 
