  0.0000    1    2.000   1.0000          line
  2.0000    0    1.100   1.0000          NULL 
  3.1000    1    2.000   1.0000          line
  5.1000    0    1.000   1.0000          NULL 
  6.1000    1    2.000   1.0000          line
  8.1000    0    1.900   1.0000          NULL 
 10.0000    1    2.000   1.0000          line
 12.0000    0    1.000   1.0000          NULL 
 13.0000    1    2.000   1.0000          line
 15.0000    0    1.000   1.0000          NULL 
 16.0000    1    2.000   1.0000          line
 18.0000    0    1.500   1.0000          NULL 
 19.5000    1    2.000   1.0000          line
 21.5000    0    1.000   1.0000          NULL 
 22.5000    1    2.000   1.0000          line
 24.5000    0    2.000   1.0000          NULL 
 26.5000    1    2.000   1.0000          line
 28.5000    0    1.000   1.0000          NULL 
 29.5000    1    2.000   1.0000          line
 31.5000    0    1.200   1.0000          NULL 
 32.7000    1    2.000   1.0000          line
 34.7000    0    1.000   1.0000          NULL 
 35.7000    1    2.000   1.0000          line
 37.7000    0    1.100   1.0000          NULL 
 38.8000    1    2.000   1.0000          line
 40.8000    0    1.600   1.0000          NULL 
 42.4000    1    2.000   1.0000          line
 44.4000    0    1.100   1.0000          NULL 
 45.5000    1    2.000   1.0000          line
 47.5000    0    1.400   1.0000          NULL 
 48.9000    1    2.000   1.0000          line
 50.9000    0    1.000   1.0000          NULL 
 51.9000    1    2.000   1.0000          line
 53.9000    0    1.000   1.0000          NULL 
 54.9000    1    2.000   1.0000          line
 56.9000    0    1.000   1.0000          NULL 
 57.9000    1    2.000   1.0000          line
 59.9000    0    1.000   1.0000          NULL 
 60.9000    1    2.000   1.0000          line
 62.9000    0    1.300   1.0000          NULL 
 64.2000    1    2.000   1.0000          line
 66.2000    0    1.800   1.0000          NULL 
 68.0000    1    2.000   1.0000          line
 70.0000    0    1.000   1.0000          NULL 
 71.0000    1    2.000   1.0000          line
 73.0000    0    1.100   1.0000          NULL 
 74.1000    1    2.000   1.0000          line
 76.1000    0    1.000   1.0000          NULL 
 77.1000    1    2.000   1.0000          line
 79.1000    0    1.700   1.0000          NULL 
 80.8000    1    2.000   1.0000          line
 82.8000    0    1.100   1.0000          NULL 
 83.9000    1    2.000   1.0000          line
 85.9000    0    1.700   1.0000          NULL 
 87.5999    1    2.000   1.0000          line
 89.5999    0    1.700   1.0000          NULL 
 91.2999    1    2.000   1.0000          line
 93.2999    0    1.000   1.0000          NULL 
 94.2999    1    2.000   1.0000          line
 96.2999    0    1.400   1.0000          NULL 
 97.6999    1    2.000   1.0000          line
 99.6999    0    1.900   1.0000          NULL 
101.5999    1    2.000   1.0000          line
103.5999    0    1.200   1.0000          NULL 
104.7999    1    2.000   1.0000          line
106.7999    0    1.200   1.0000          NULL 
107.9999    1    2.000   1.0000          line
109.9999    0    1.100   1.0000          NULL 
111.0999    1    2.000   1.0000          line
113.0999    0    1.100   1.0000          NULL 
114.1999    1    2.000   1.0000          line
116.1999    0    1.300   1.0000          NULL 
117.4999    1    2.000   1.0000          line
119.4999    0    1.200   1.0000          NULL 
120.6999    1    2.000   1.0000          line
122.6999    0    1.100   1.0000          NULL 
123.7999    1    2.000   1.0000          line
125.7999    0    1.200   1.0000          NULL 
126.9999    1    2.000   1.0000          line
128.9999    0    1.000   1.0000          NULL 
