  0.0000    1    2.000   1.0000          line
  2.0000    0    0.500   1.0000          NULL 
  2.5000    1    2.000   1.0000          line
  4.5000    0    0.500   1.0000          NULL 
  5.0000    1    2.000   1.0000          line
  7.0000    0    0.500   1.0000          NULL 
  7.5000    1    2.000   1.0000          line
  9.5000    0    1.000   1.0000          NULL 
 10.5000    1    2.000   1.0000          line
 12.5000    0    3.500   1.0000          NULL 
 16.0000    1    2.000   1.0000          line
 18.0000    0    2.000   1.0000          NULL 
 20.0000    1    2.000   1.0000          line
 22.0000    0    2.500   1.0000          NULL 
 24.5000    1    2.000   1.0000          line
 26.5000    0    0.500   1.0000          NULL 
 27.0000    1    2.000   1.0000          line
 29.0000    0    1.000   1.0000          NULL 
 30.0000    1    2.000   1.0000          line
 32.0000    0    1.000   1.0000          NULL 
 33.0000    1    2.000   1.0000          line
 35.0000    0    2.500   1.0000          NULL 
 37.5000    1    2.000   1.0000          line
 39.5000    0    2.000   1.0000          NULL 
 41.5000    1    2.000   1.0000          line
 43.5000    0    1.000   1.0000          NULL 
 44.5000    1    2.000   1.0000          line
 46.5000    0    0.500   1.0000          NULL 
 47.0000    1    2.000   1.0000          line
 49.0000    0    3.500   1.0000          NULL 
 52.5000    1    2.000   1.0000          line
 54.5000    0    0.500   1.0000          NULL 
 55.0000    1    2.000   1.0000          line
 57.0000    0    1.000   1.0000          NULL 
 58.0000    1    2.000   1.0000          line
 60.0000    0    0.500   1.0000          NULL 
 60.5000    1    2.000   1.0000          line
 62.5000    0    3.000   1.0000          NULL 
 65.5000    1    2.000   1.0000          line
 67.5000    0    0.500   1.0000          NULL 
 68.0000    1    2.000   1.0000          line
 70.0000    0    1.000   1.0000          NULL 
 71.0000    1    2.000   1.0000          line
 73.0000    0    1.000   1.0000          NULL 
 74.0000    1    2.000   1.0000          line
 76.0000    0    0.500   1.0000          NULL 
 76.5000    1    2.000   1.0000          line
 78.5000    0    1.500   1.0000          NULL 
 80.0000    1    2.000   1.0000          line
 82.0000    0    3.000   1.0000          NULL 
 85.0000    1    2.000   1.0000          line
 87.0000    0    0.500   1.0000          NULL 
 87.5000    1    2.000   1.0000          line
 89.5000    0    0.500   1.0000          NULL 
 90.0000    1    2.000   1.0000          line
 92.0000    0    0.500   1.0000          NULL 
 92.5000    1    2.000   1.0000          line
 94.5000    0    1.000   1.0000          NULL 
 95.5000    1    2.000   1.0000          line
 97.5000    0    0.500   1.0000          NULL 
 98.0000    1    2.000   1.0000          line
100.0000    0    2.000   1.0000          NULL 
102.0000    1    2.000   1.0000          line
104.0000    0    1.000   1.0000          NULL 
105.0000    1    2.000   1.0000          line
107.0000    0    1.500   1.0000          NULL 
108.5000    1    2.000   1.0000          line
110.5000    0    2.000   1.0000          NULL 
112.5000    1    2.000   1.0000          line
114.5000    0    1.000   1.0000          NULL 
115.5000    1    2.000   1.0000          line
117.5000    0    0.500   1.0000          NULL 
118.0000    1    2.000   1.0000          line
120.0000    0    1.500   1.0000          NULL 
121.5000    1    2.000   1.0000          line
123.5000    0    1.500   1.0000          NULL 
125.0000    1    2.000   1.0000          line
127.0000    0    1.000   1.0000          NULL 
128.0000    1    2.000   1.0000          line
130.0000    0    0.500   1.0000          NULL 
130.5000    1    2.000   1.0000          line
132.5000    0    1.000   1.0000          NULL 
133.5000    1    2.000   1.0000          line
135.5000    0    1.000   1.0000          NULL 
136.5000    1    2.000   1.0000          line
138.5000    0    0.500   1.0000          NULL 
139.0000    1    2.000   1.0000          line
141.0000    0    1.000   1.0000          NULL 
142.0000    1    2.000   1.0000          line
144.0000    0    3.000   1.0000          NULL 
147.0000    1    2.000   1.0000          line
149.0000    0    0.500   1.0000          NULL 
149.5000    1    2.000   1.0000          line
151.5000    0    2.000   1.0000          NULL 
153.5000    1    2.000   1.0000          line
155.5000    0    1.500   1.0000          NULL 
157.0000    1    2.000   1.0000          line
159.0000    0    2.000   1.0000          NULL 
161.0000    1    2.000   1.0000          line
163.0000    0    2.000   1.0000          NULL 
165.0000    1    2.000   1.0000          line
167.0000    0    1.000   1.0000          NULL 
168.0000    1    2.000   1.0000          line
170.0000    0    1.000   1.0000          NULL 
171.0000    1    2.000   1.0000          line
173.0000    0    1.500   1.0000          NULL 
174.5000    1    2.000   1.0000          line
176.5000    0    0.500   1.0000          NULL 
177.0000    1    2.000   1.0000          line
179.0000    0    2.500   1.0000          NULL 
181.5000    1    2.000   1.0000          line
183.5000    0    0.500   1.0000          NULL 
184.0000    1    2.000   1.0000          line
186.0000    0    0.500   1.0000          NULL 
186.5000    1    2.000   1.0000          line
188.5000    0    0.500   1.0000          NULL 
189.0000    1    2.000   1.0000          line
191.0000    0    1.500   1.0000          NULL 
192.5000    1    2.000   1.0000          line
194.5000    0    1.000   1.0000          NULL 
195.5000    1    2.000   1.0000          line
197.5000    0    1.500   1.0000          NULL 
199.0000    1    2.000   1.0000          line
201.0000    0    3.000   1.0000          NULL 
204.0000    1    2.000   1.0000          line
206.0000    0    0.500   1.0000          NULL 
206.5000    1    2.000   1.0000          line
208.5000    0    0.500   1.0000          NULL 
209.0000    1    2.000   1.0000          line
211.0000    0    1.000   1.0000          NULL 
212.0000    1    2.000   1.0000          line
214.0000    0    2.500   1.0000          NULL 
216.5000    1    2.000   1.0000          line
218.5000    0    0.500   1.0000          NULL 
219.0000    1    2.000   1.0000          line
221.0000    0    2.500   1.0000          NULL 
223.5000    1    2.000   1.0000          line
225.5000    0    1.000   1.0000          NULL 
226.5000    1    2.000   1.0000          line
228.5000    0    1.500   1.0000          NULL 
230.0000    1    2.000   1.0000          line
232.0000    0    3.000   1.0000          NULL 
235.0000    1    2.000   1.0000          line
237.0000    0    1.000   1.0000          NULL 
238.0000    1    2.000   1.0000          line
240.0000    0    1.000   1.0000          NULL 
241.0000    1    2.000   1.0000          line
243.0000    0    0.500   1.0000          NULL 
243.5000    1    2.000   1.0000          line
245.5000    0    1.000   1.0000          NULL 
246.5000    1    2.000   1.0000          line
248.5000    0    2.500   1.0000          NULL 
251.0000    1    2.000   1.0000          line
253.0000    0    0.500   1.0000          NULL 
253.5000    1    2.000   1.0000          line
255.5000    0    1.000   1.0000          NULL 
256.5000    1    2.000   1.0000          line
258.5000    0    1.500   1.0000          NULL 
260.0000    1    2.000   1.0000          line
262.0000    0    2.000   1.0000          NULL 
264.0000    1    2.000   1.0000          line
266.0000    0    0.500   1.0000          NULL 
266.5000    1    2.000   1.0000          line
268.5000    0    0.500   1.0000          NULL 
269.0000    1    2.000   1.0000          line
271.0000    0    3.500   1.0000          NULL 
274.5000    1    2.000   1.0000          line
276.5000    0    2.000   1.0000          NULL 
278.5000    1    2.000   1.0000          line
280.5000    0    0.500   1.0000          NULL 
281.0000    1    2.000   1.0000          line
283.0000    0    1.000   1.0000          NULL 
284.0000    1    2.000   1.0000          line
286.0000    0    0.500   1.0000          NULL 
286.5000    1    2.000   1.0000          line
288.5000    0    3.000   1.0000          NULL 
291.5000    1    2.000   1.0000          line
293.5000    0    0.500   1.0000          NULL 
294.0000    1    2.000   1.0000          line
296.0000    0    2.500   1.0000          NULL 
298.5000    1    2.000   1.0000          line
300.5000    0    1.000   1.0000          NULL 
301.5000    1    2.000   1.0000          line
303.5000    0    0.500   1.0000          NULL 
304.0000    1    2.000   1.0000          line
306.0000    0    1.000   1.0000          NULL 
307.0000    1    2.000   1.0000          line
309.0000    0    0.500   1.0000          NULL 
309.5000    1    2.000   1.0000          line
311.5000    0    3.500   1.0000          NULL 
315.0000    1    2.000   1.0000          line
317.0000    0    2.500   1.0000          NULL 
319.5000    1    2.000   1.0000          line
321.5000    0    3.000   1.0000          NULL 
324.5000    1    2.000   1.0000          line
326.5000    0    0.500   1.0000          NULL 
327.0000    1    2.000   1.0000          line
329.0000    0    0.500   1.0000          NULL 
329.5000    1    2.000   1.0000          line
331.5000    0    2.000   1.0000          NULL 
333.5000    1    2.000   1.0000          line
335.5000    0    0.500   1.0000          NULL 
336.0000    1    2.000   1.0000          line
338.0000    0    1.000   1.0000          NULL 
339.0000    1    2.000   1.0000          line
341.0000    0    4.000   1.0000          NULL 
345.0000    1    2.000   1.0000          line
347.0000    0    1.500   1.0000          NULL 
348.5000    1    2.000   1.0000          line
350.5000    0    1.000   1.0000          NULL 
351.5000    1    2.000   1.0000          line
353.5000    0    1.000   1.0000          NULL 
354.5000    1    2.000   1.0000          line
356.5000    0    0.500   1.0000          NULL 
357.0000    1    2.000   1.0000          line
359.0000    0    0.500   1.0000          NULL 
359.5000    1    2.000   1.0000          line
361.5000    0    0.500   1.0000          NULL 
362.0000    1    2.000   1.0000          line
364.0000    0    1.500   1.0000          NULL 
365.5000    1    2.000   1.0000          line
367.5000    0    2.500   1.0000          NULL 
370.0000    1    2.000   1.0000          line
372.0000    0    1.000   1.0000          NULL 
373.0000    1    2.000   1.0000          line
375.0000    0    3.500   1.0000          NULL 
378.5000    1    2.000   1.0000          line
380.5000    0    0.500   1.0000          NULL 
381.0000    1    2.000   1.0000          line
383.0000    0    2.000   1.0000          NULL 
385.0000    1    2.000   1.0000          line
387.0000    0    0.500   1.0000          NULL 
387.5000    1    2.000   1.0000          line
389.5000    0    0.500   1.0000          NULL 
390.0000    1    2.000   1.0000          line
392.0000    0    0.500   1.0000          NULL 
392.5000    1    2.000   1.0000          line
394.5000    0    2.500   1.0000          NULL 
397.0000    1    2.000   1.0000          line
399.0000    0    1.000   1.0000          NULL 
