  0.0000    1    2.000   1.0000          line
  2.0000    0    1.000   1.0000          NULL 
  3.0000    1    2.000   1.0000          line
  5.0000    0    1.300   1.0000          NULL 
  6.3000    1    2.000   1.0000          line
  8.3000    0    1.300   1.0000          NULL 
  9.6000    1    2.000   1.0000          line
 11.6000    0    1.400   1.0000          NULL 
 13.0000    1    2.000   1.0000          line
 15.0000    0    1.200   1.0000          NULL 
 16.2000    1    2.000   1.0000          line
 18.2000    0    1.700   1.0000          NULL 
 19.9000    1    2.000   1.0000          line
 21.9000    0    1.100   1.0000          NULL 
 23.0000    1    2.000   1.0000          line
 25.0000    0    1.000   1.0000          NULL 
 26.0000    1    2.000   1.0000          line
 28.0000    0    1.200   1.0000          NULL 
 29.2000    1    2.000   1.0000          line
 31.2000    0    1.400   1.0000          NULL 
 32.6000    1    2.000   1.0000          line
 34.6000    0    1.100   1.0000          NULL 
 35.7000    1    2.000   1.0000          line
 37.7000    0    1.900   1.0000          NULL 
 39.6000    1    2.000   1.0000          line
 41.6000    0    1.500   1.0000          NULL 
 43.1000    1    2.000   1.0000          line
 45.1000    0    1.000   1.0000          NULL 
 46.1000    1    2.000   1.0000          line
 48.1000    0    1.100   1.0000          NULL 
 49.2000    1    2.000   1.0000          line
 51.2000    0    1.800   1.0000          NULL 
 53.0000    1    2.000   1.0000          line
 55.0000    0    1.100   1.0000          NULL 
 56.1000    1    2.000   1.0000          line
 58.1000    0    1.000   1.0000          NULL 
 59.1000    1    2.000   1.0000          line
 61.1000    0    1.900   1.0000          NULL 
 62.9999    1    2.000   1.0000          line
 64.9999    0    1.000   1.0000          NULL 
 65.9999    1    2.000   1.0000          line
 67.9999    0    1.600   1.0000          NULL 
 69.5999    1    2.000   1.0000          line
 71.5999    0    1.100   1.0000          NULL 
 72.6999    1    2.000   1.0000          line
 74.6999    0    1.000   1.0000          NULL 
 75.6999    1    2.000   1.0000          line
 77.6999    0    1.000   1.0000          NULL 
 78.6999    1    2.000   1.0000          line
 80.6999    0    1.100   1.0000          NULL 
 81.7999    1    2.000   1.0000          line
 83.7999    0    1.000   1.0000          NULL 
 84.7999    1    2.000   1.0000          line
 86.7999    0    1.700   1.0000          NULL 
 88.4999    1    2.000   1.0000          line
 90.4999    0    1.000   1.0000          NULL 
 91.4999    1    2.000   1.0000          line
 93.4999    0    1.500   1.0000          NULL 
 94.9999    1    2.000   1.0000          line
 96.9999    0    1.500   1.0000          NULL 
 98.4999    1    2.000   1.0000          line
100.4999    0    1.000   1.0000          NULL 
101.4999    1    2.000   1.0000          line
103.4999    0    1.000   1.0000          NULL 
104.4999    1    2.000   1.0000          line
106.4999    0    1.000   1.0000          NULL 
107.4999    1    2.000   1.0000          line
109.4999    0    1.600   1.0000          NULL 
111.0999    1    2.000   1.0000          line
113.0999    0    1.000   1.0000          NULL 
114.0999    1    2.000   1.0000          line
116.0999    0    1.000   1.0000          NULL 
117.0999    1    2.000   1.0000          line
119.0999    0    1.500   1.0000          NULL 
120.5999    1    2.000   1.0000          line
122.5999    0    1.300   1.0000          NULL 
123.8999    1    2.000   1.0000          line
125.8999    0    1.000   1.0000          NULL 
126.8999    1    2.000   1.0000          line
128.8999    0    1.100   1.0000          NULL 
