  0.0000    1    2.000   1.0000          line
  2.0000    0    1.100   1.0000          NULL 
  3.1000    1    2.000   1.0000          line
  5.1000    0    1.800   1.0000          NULL 
  6.9000    1    2.000   1.0000          line
  8.9000    0    1.100   1.0000          NULL 
 10.0000    1    2.000   1.0000          line
 12.0000    0    1.000   1.0000          NULL 
 13.0000    1    2.000   1.0000          line
 15.0000    0    1.100   1.0000          NULL 
 16.1000    1    2.000   1.0000          line
 18.1000    0    1.900   1.0000          NULL 
 20.0000    1    2.000   1.0000          line
 22.0000    0    1.500   1.0000          NULL 
 23.5000    1    2.000   1.0000          line
 25.5000    0    1.000   1.0000          NULL 
 26.5000    1    2.000   1.0000          line
 28.5000    0    1.000   1.0000          NULL 
 29.5000    1    2.000   1.0000          line
 31.5000    0    1.000   1.0000          NULL 
 32.5000    1    2.000   1.0000          line
 34.5000    0    1.300   1.0000          NULL 
 35.8000    1    2.000   1.0000          line
 37.8000    0    1.000   1.0000          NULL 
 38.8000    1    2.000   1.0000          line
 40.8000    0    1.100   1.0000          NULL 
 41.9000    1    2.000   1.0000          line
 43.9000    0    1.000   1.0000          NULL 
 44.9000    1    2.000   1.0000          line
 46.9000    0    1.000   1.0000          NULL 
 47.9000    1    2.000   1.0000          line
 49.9000    0    1.100   1.0000          NULL 
 51.0000    1    2.000   1.0000          line
 53.0000    0    1.100   1.0000          NULL 
 54.1000    1    2.000   1.0000          line
 56.1000    0    1.600   1.0000          NULL 
 57.7000    1    2.000   1.0000          line
 59.7000    0    1.400   1.0000          NULL 
 61.1000    1    2.000   1.0000          line
 63.1000    0    1.000   1.0000          NULL 
 64.1000    1    2.000   1.0000          line
 66.1000    0    2.000   1.0000          NULL 
 68.1000    1    2.000   1.0000          line
 70.1000    0    1.000   1.0000          NULL 
 71.1000    1    2.000   1.0000          line
 73.1000    0    2.000   1.0000          NULL 
 75.1000    1    2.000   1.0000          line
 77.1000    0    1.000   1.0000          NULL 
 78.1000    1    2.000   1.0000          line
 80.1000    0    1.200   1.0000          NULL 
 81.2999    1    2.000   1.0000          line
 83.2999    0    1.100   1.0000          NULL 
 84.3999    1    2.000   1.0000          line
 86.3999    0    1.400   1.0000          NULL 
 87.7999    1    2.000   1.0000          line
 89.7999    0    1.000   1.0000          NULL 
 90.7999    1    2.000   1.0000          line
 92.7999    0    1.000   1.0000          NULL 
 93.7999    1    2.000   1.0000          line
 95.7999    0    1.300   1.0000          NULL 
 97.0999    1    2.000   1.0000          line
 99.0999    0    1.200   1.0000          NULL 
100.2999    1    2.000   1.0000          line
102.2999    0    1.900   1.0000          NULL 
104.1999    1    2.000   1.0000          line
106.1999    0    1.700   1.0000          NULL 
107.8999    1    2.000   1.0000          line
109.8999    0    1.200   1.0000          NULL 
111.0999    1    2.000   1.0000          line
113.0999    0    1.400   1.0000          NULL 
114.4999    1    2.000   1.0000          line
116.4999    0    1.200   1.0000          NULL 
117.6999    1    2.000   1.0000          line
119.6999    0    1.100   1.0000          NULL 
120.7999    1    2.000   1.0000          line
122.7999    0    1.200   1.0000          NULL 
123.9999    1    2.000   1.0000          line
125.9999    0    1.000   1.0000          NULL 
126.9999    1    2.000   1.0000          line
128.9999    0    1.000   1.0000          NULL 
