  0.0000    1    2.000   1.0000          line
  2.0000    0    1.200   1.0000          NULL 
  3.2000    1    2.000   1.0000          line
  5.2000    0    1.100   1.0000          NULL 
  6.3000    1    2.000   1.0000          line
  8.3000    0    1.000   1.0000          NULL 
  9.3000    1    2.000   1.0000          line
 11.3000    0    1.200   1.0000          NULL 
 12.5000    1    2.000   1.0000          line
 14.5000    0    1.100   1.0000          NULL 
 15.6000    1    2.000   1.0000          line
 17.6000    0    1.900   1.0000          NULL 
 19.5000    1    2.000   1.0000          line
 21.5000    0    1.300   1.0000          NULL 
 22.8000    1    2.000   1.0000          line
 24.8000    0    1.000   1.0000          NULL 
 25.8000    1    2.000   1.0000          line
 27.8000    0    1.400   1.0000          NULL 
 29.2000    1    2.000   1.0000          line
 31.2000    0    1.100   1.0000          NULL 
 32.3000    1    2.000   1.0000          line
 34.3000    0    1.100   1.0000          NULL 
 35.4000    1    2.000   1.0000          line
 37.4000    0    1.000   1.0000          NULL 
 38.4000    1    2.000   1.0000          line
 40.4000    0    1.100   1.0000          NULL 
 41.5000    1    2.000   1.0000          line
 43.5000    0    2.000   1.0000          NULL 
 45.5000    1    2.000   1.0000          line
 47.5000    0    1.000   1.0000          NULL 
 48.5000    1    2.000   1.0000          line
 50.5000    0    1.800   1.0000          NULL 
 52.3000    1    2.000   1.0000          line
 54.3000    0    1.000   1.0000          NULL 
 55.3000    1    2.000   1.0000          line
 57.3000    0    1.100   1.0000          NULL 
 58.4000    1    2.000   1.0000          line
 60.4000    0    1.700   1.0000          NULL 
 62.1000    1    2.000   1.0000          line
 64.1000    0    1.200   1.0000          NULL 
 65.3000    1    2.000   1.0000          line
 67.3000    0    1.100   1.0000          NULL 
 68.4000    1    2.000   1.0000          line
 70.4000    0    1.100   1.0000          NULL 
 71.5000    1    2.000   1.0000          line
 73.5000    0    1.100   1.0000          NULL 
 74.6000    1    2.000   1.0000          line
 76.6000    0    1.200   1.0000          NULL 
 77.7999    1    2.000   1.0000          line
 79.7999    0    1.000   1.0000          NULL 
 80.7999    1    2.000   1.0000          line
 82.7999    0    1.200   1.0000          NULL 
 83.9999    1    2.000   1.0000          line
 85.9999    0    1.100   1.0000          NULL 
 87.0999    1    2.000   1.0000          line
 89.0999    0    2.000   1.0000          NULL 
 91.0999    1    2.000   1.0000          line
 93.0999    0    1.000   1.0000          NULL 
 94.0999    1    2.000   1.0000          line
 96.0999    0    1.000   1.0000          NULL 
 97.0999    1    2.000   1.0000          line
 99.0999    0    1.300   1.0000          NULL 
100.3999    1    2.000   1.0000          line
102.3999    0    1.000   1.0000          NULL 
103.3999    1    2.000   1.0000          line
105.3999    0    2.000   1.0000          NULL 
107.3999    1    2.000   1.0000          line
109.3999    0    1.400   1.0000          NULL 
110.7999    1    2.000   1.0000          line
112.7999    0    1.000   1.0000          NULL 
113.7999    1    2.000   1.0000          line
115.7999    0    1.200   1.0000          NULL 
116.9999    1    2.000   1.0000          line
118.9999    0    2.000   1.0000          NULL 
120.9999    1    2.000   1.0000          line
122.9999    0    1.000   1.0000          NULL 
123.9999    1    2.000   1.0000          line
125.9999    0    1.000   1.0000          NULL 
126.9999    1    2.000   1.0000          line
128.9999    0    1.000   1.0000          NULL 
