  0.0000    1    2.000   1.0000          line
  2.0000    0    0.500   1.0000          NULL 
  2.5000    1    2.000   1.0000          line
  4.5000    0    1.500   1.0000          NULL 
  6.0000    1    2.000   1.0000          line
  8.0000    0    0.500   1.0000          NULL 
  8.5000    1    2.000   1.0000          line
 10.5000    0    1.000   1.0000          NULL 
 11.5000    1    2.000   1.0000          line
 13.5000    0    0.500   1.0000          NULL 
 14.0000    1    2.000   1.0000          line
 16.0000    0    0.500   1.0000          NULL 
 16.5000    1    2.000   1.0000          line
 18.5000    0    4.000   1.0000          NULL 
 22.5000    1    2.000   1.0000          line
 24.5000    0    0.500   1.0000          NULL 
 25.0000    1    2.000   1.0000          line
 27.0000    0    0.500   1.0000          NULL 
 27.5000    1    2.000   1.0000          line
 29.5000    0    1.500   1.0000          NULL 
 31.0000    1    2.000   1.0000          line
 33.0000    0    3.000   1.0000          NULL 
 36.0000    1    2.000   1.0000          line
 38.0000    0    1.000   1.0000          NULL 
 39.0000    1    2.000   1.0000          line
 41.0000    0    1.000   1.0000          NULL 
 42.0000    1    2.000   1.0000          line
 44.0000    0    0.500   1.0000          NULL 
 44.5000    1    2.000   1.0000          line
 46.5000    0    1.500   1.0000          NULL 
 48.0000    1    2.000   1.0000          line
 50.0000    0    0.500   1.0000          NULL 
 50.5000    1    2.000   1.0000          line
 52.5000    0    1.000   1.0000          NULL 
 53.5000    1    2.000   1.0000          line
 55.5000    0    0.500   1.0000          NULL 
 56.0000    1    2.000   1.0000          line
 58.0000    0    2.500   1.0000          NULL 
 60.5000    1    2.000   1.0000          line
 62.5000    0    1.000   1.0000          NULL 
 63.5000    1    2.000   1.0000          line
 65.5000    0    2.000   1.0000          NULL 
 67.5000    1    2.000   1.0000          line
 69.5000    0    3.500   1.0000          NULL 
 73.0000    1    2.000   1.0000          line
 75.0000    0    0.500   1.0000          NULL 
 75.5000    1    2.000   1.0000          line
 77.5000    0    1.500   1.0000          NULL 
 79.0000    1    2.000   1.0000          line
 81.0000    0    0.500   1.0000          NULL 
 81.5000    1    2.000   1.0000          line
 83.5000    0    1.500   1.0000          NULL 
 85.0000    1    2.000   1.0000          line
 87.0000    0    1.000   1.0000          NULL 
 88.0000    1    2.000   1.0000          line
 90.0000    0    1.500   1.0000          NULL 
 91.5000    1    2.000   1.0000          line
 93.5000    0    1.500   1.0000          NULL 
 95.0000    1    2.000   1.0000          line
 97.0000    0    1.500   1.0000          NULL 
 98.5000    1    2.000   1.0000          line
100.5000    0    1.500   1.0000          NULL 
102.0000    1    2.000   1.0000          line
104.0000    0    1.000   1.0000          NULL 
105.0000    1    2.000   1.0000          line
107.0000    0    1.000   1.0000          NULL 
108.0000    1    2.000   1.0000          line
110.0000    0    2.000   1.0000          NULL 
112.0000    1    2.000   1.0000          line
114.0000    0    0.500   1.0000          NULL 
114.5000    1    2.000   1.0000          line
116.5000    0    1.000   1.0000          NULL 
117.5000    1    2.000   1.0000          line
119.5000    0    1.500   1.0000          NULL 
121.0000    1    2.000   1.0000          line
123.0000    0    0.500   1.0000          NULL 
123.5000    1    2.000   1.0000          line
125.5000    0    1.500   1.0000          NULL 
127.0000    1    2.000   1.0000          line
129.0000    0    0.500   1.0000          NULL 
129.5000    1    2.000   1.0000          line
131.5000    0    2.000   1.0000          NULL 
133.5000    1    2.000   1.0000          line
135.5000    0    1.000   1.0000          NULL 
136.5000    1    2.000   1.0000          line
138.5000    0    0.500   1.0000          NULL 
139.0000    1    2.000   1.0000          line
141.0000    0    1.500   1.0000          NULL 
142.5000    1    2.000   1.0000          line
144.5000    0    0.500   1.0000          NULL 
145.0000    1    2.000   1.0000          line
147.0000    0    1.000   1.0000          NULL 
148.0000    1    2.000   1.0000          line
150.0000    0    1.000   1.0000          NULL 
151.0000    1    2.000   1.0000          line
153.0000    0    0.500   1.0000          NULL 
153.5000    1    2.000   1.0000          line
155.5000    0    2.500   1.0000          NULL 
158.0000    1    2.000   1.0000          line
160.0000    0    0.500   1.0000          NULL 
160.5000    1    2.000   1.0000          line
162.5000    0    1.500   1.0000          NULL 
164.0000    1    2.000   1.0000          line
166.0000    0    1.000   1.0000          NULL 
167.0000    1    2.000   1.0000          line
169.0000    0    1.000   1.0000          NULL 
170.0000    1    2.000   1.0000          line
172.0000    0    3.500   1.0000          NULL 
175.5000    1    2.000   1.0000          line
177.5000    0    0.500   1.0000          NULL 
178.0000    1    2.000   1.0000          line
180.0000    0    1.000   1.0000          NULL 
181.0000    1    2.000   1.0000          line
183.0000    0    2.500   1.0000          NULL 
185.5000    1    2.000   1.0000          line
187.5000    0    0.500   1.0000          NULL 
188.0000    1    2.000   1.0000          line
190.0000    0    1.000   1.0000          NULL 
191.0000    1    2.000   1.0000          line
193.0000    0    1.500   1.0000          NULL 
194.5000    1    2.000   1.0000          line
196.5000    0    0.500   1.0000          NULL 
197.0000    1    2.000   1.0000          line
199.0000    0    0.500   1.0000          NULL 
199.5000    1    2.000   1.0000          line
201.5000    0    0.500   1.0000          NULL 
202.0000    1    2.000   1.0000          line
204.0000    0    3.500   1.0000          NULL 
207.5000    1    2.000   1.0000          line
209.5000    0    0.500   1.0000          NULL 
210.0000    1    2.000   1.0000          line
212.0000    0    0.500   1.0000          NULL 
212.5000    1    2.000   1.0000          line
214.5000    0    1.000   1.0000          NULL 
215.5000    1    2.000   1.0000          line
217.5000    0    0.500   1.0000          NULL 
218.0000    1    2.000   1.0000          line
220.0000    0    3.000   1.0000          NULL 
223.0000    1    2.000   1.0000          line
225.0000    0    0.500   1.0000          NULL 
225.5000    1    2.000   1.0000          line
227.5000    0    3.000   1.0000          NULL 
230.5000    1    2.000   1.0000          line
232.5000    0    1.500   1.0000          NULL 
234.0000    1    2.000   1.0000          line
236.0000    0    0.500   1.0000          NULL 
236.5000    1    2.000   1.0000          line
238.5000    0    1.000   1.0000          NULL 
239.5000    1    2.000   1.0000          line
241.5000    0    1.000   1.0000          NULL 
242.5000    1    2.000   1.0000          line
244.5000    0    3.500   1.0000          NULL 
248.0000    1    2.000   1.0000          line
250.0000    0    2.000   1.0000          NULL 
252.0000    1    2.000   1.0000          line
254.0000    0    0.500   1.0000          NULL 
254.5000    1    2.000   1.0000          line
256.5000    0    1.500   1.0000          NULL 
258.0000    1    2.000   1.0000          line
260.0000    0    3.500   1.0000          NULL 
263.5000    1    2.000   1.0000          line
265.5000    0    1.000   1.0000          NULL 
266.5000    1    2.000   1.0000          line
268.5000    0    0.500   1.0000          NULL 
269.0000    1    2.000   1.0000          line
271.0000    0    3.000   1.0000          NULL 
274.0000    1    2.000   1.0000          line
276.0000    0    2.500   1.0000          NULL 
278.5000    1    2.000   1.0000          line
280.5000    0    0.500   1.0000          NULL 
281.0000    1    2.000   1.0000          line
283.0000    0    2.000   1.0000          NULL 
285.0000    1    2.000   1.0000          line
287.0000    0    0.500   1.0000          NULL 
287.5000    1    2.000   1.0000          line
289.5000    0    0.500   1.0000          NULL 
290.0000    1    2.000   1.0000          line
292.0000    0    1.500   1.0000          NULL 
293.5000    1    2.000   1.0000          line
295.5000    0    3.000   1.0000          NULL 
298.5000    1    2.000   1.0000          line
300.5000    0    0.500   1.0000          NULL 
301.0000    1    2.000   1.0000          line
303.0000    0    0.500   1.0000          NULL 
303.5000    1    2.000   1.0000          line
305.5000    0    2.500   1.0000          NULL 
308.0000    1    2.000   1.0000          line
310.0000    0    1.000   1.0000          NULL 
311.0000    1    2.000   1.0000          line
313.0000    0    0.500   1.0000          NULL 
313.5000    1    2.000   1.0000          line
315.5000    0    1.500   1.0000          NULL 
317.0000    1    2.000   1.0000          line
319.0000    0    2.000   1.0000          NULL 
321.0000    1    2.000   1.0000          line
323.0000    0    1.000   1.0000          NULL 
324.0000    1    2.000   1.0000          line
326.0000    0    3.500   1.0000          NULL 
329.5000    1    2.000   1.0000          line
331.5000    0    0.500   1.0000          NULL 
332.0000    1    2.000   1.0000          line
334.0000    0    1.500   1.0000          NULL 
335.5000    1    2.000   1.0000          line
337.5000    0    0.500   1.0000          NULL 
338.0000    1    2.000   1.0000          line
340.0000    0    2.000   1.0000          NULL 
342.0000    1    2.000   1.0000          line
344.0000    0    3.000   1.0000          NULL 
347.0000    1    2.000   1.0000          line
349.0000    0    1.000   1.0000          NULL 
350.0000    1    2.000   1.0000          line
352.0000    0    1.000   1.0000          NULL 
353.0000    1    2.000   1.0000          line
355.0000    0    1.500   1.0000          NULL 
356.5000    1    2.000   1.0000          line
358.5000    0    3.000   1.0000          NULL 
361.5000    1    2.000   1.0000          line
363.5000    0    0.500   1.0000          NULL 
364.0000    1    2.000   1.0000          line
366.0000    0    1.500   1.0000          NULL 
367.5000    1    2.000   1.0000          line
369.5000    0    0.500   1.0000          NULL 
370.0000    1    2.000   1.0000          line
372.0000    0    1.000   1.0000          NULL 
373.0000    1    2.000   1.0000          line
375.0000    0    0.500   1.0000          NULL 
375.5000    1    2.000   1.0000          line
377.5000    0    1.000   1.0000          NULL 
378.5000    1    2.000   1.0000          line
380.5000    0    2.500   1.0000          NULL 
383.0000    1    2.000   1.0000          line
385.0000    0    2.500   1.0000          NULL 
387.5000    1    2.000   1.0000          line
389.5000    0    0.500   1.0000          NULL 
390.0000    1    2.000   1.0000          line
392.0000    0    1.500   1.0000          NULL 
393.5000    1    2.000   1.0000          line
395.5000    0    2.000   1.0000          NULL 
397.5000    1    2.000   1.0000          line
399.5000    0    0.500   1.0000          NULL 
