  0.0000    1    2.000   1.0000          line
  2.0000    0    0.500   1.0000          NULL 
  2.5000    1    2.000   1.0000          line
  4.5000    0    0.500   1.0000          NULL 
  5.0000    1    2.000   1.0000          line
  7.0000    0    0.500   1.0000          NULL 
  7.5000    1    2.000   1.0000          line
  9.5000    0    0.500   1.0000          NULL 
 10.0000    1    2.000   1.0000          line
 12.0000    0    0.500   1.0000          NULL 
 12.5000    1    2.000   1.0000          line
 14.5000    0    1.000   1.0000          NULL 
 15.5000    1    2.000   1.0000          line
 17.5000    0    3.500   1.0000          NULL 
 21.0000    1    2.000   1.0000          line
 23.0000    0    0.500   1.0000          NULL 
 23.5000    1    2.000   1.0000          line
 25.5000    0    0.500   1.0000          NULL 
 26.0000    1    2.000   1.0000          line
 28.0000    0    1.500   1.0000          NULL 
 29.5000    1    2.000   1.0000          line
 31.5000    0    0.500   1.0000          NULL 
 32.0000    1    2.000   1.0000          line
 34.0000    0    1.000   1.0000          NULL 
 35.0000    1    2.000   1.0000          line
 37.0000    0    2.500   1.0000          NULL 
 39.5000    1    2.000   1.0000          line
 41.5000    0    3.000   1.0000          NULL 
 44.5000    1    2.000   1.0000          line
 46.5000    0    1.500   1.0000          NULL 
 48.0000    1    2.000   1.0000          line
 50.0000    0    3.000   1.0000          NULL 
 53.0000    1    2.000   1.0000          line
 55.0000    0    2.000   1.0000          NULL 
 57.0000    1    2.000   1.0000          line
 59.0000    0    0.500   1.0000          NULL 
 59.5000    1    2.000   1.0000          line
 61.5000    0    0.500   1.0000          NULL 
 62.0000    1    2.000   1.0000          line
 64.0000    0    0.500   1.0000          NULL 
 64.5000    1    2.000   1.0000          line
 66.5000    0    0.500   1.0000          NULL 
 67.0000    1    2.000   1.0000          line
 69.0000    0    2.500   1.0000          NULL 
 71.5000    1    2.000   1.0000          line
 73.5000    0    0.500   1.0000          NULL 
 74.0000    1    2.000   1.0000          line
 76.0000    0    0.500   1.0000          NULL 
 76.5000    1    2.000   1.0000          line
 78.5000    0    2.000   1.0000          NULL 
 80.5000    1    2.000   1.0000          line
 82.5000    0    0.500   1.0000          NULL 
 83.0000    1    2.000   1.0000          line
 85.0000    0    0.500   1.0000          NULL 
 85.5000    1    2.000   1.0000          line
 87.5000    0    0.500   1.0000          NULL 
 88.0000    1    2.000   1.0000          line
 90.0000    0    2.500   1.0000          NULL 
 92.5000    1    2.000   1.0000          line
 94.5000    0    1.500   1.0000          NULL 
 96.0000    1    2.000   1.0000          line
 98.0000    0    1.000   1.0000          NULL 
 99.0000    1    2.000   1.0000          line
101.0000    0    1.000   1.0000          NULL 
102.0000    1    2.000   1.0000          line
104.0000    0    4.000   1.0000          NULL 
108.0000    1    2.000   1.0000          line
110.0000    0    1.000   1.0000          NULL 
111.0000    1    2.000   1.0000          line
113.0000    0    2.500   1.0000          NULL 
115.5000    1    2.000   1.0000          line
117.5000    0    1.000   1.0000          NULL 
118.5000    1    2.000   1.0000          line
120.5000    0    0.500   1.0000          NULL 
121.0000    1    2.000   1.0000          line
123.0000    0    1.500   1.0000          NULL 
124.5000    1    2.000   1.0000          line
126.5000    0    1.000   1.0000          NULL 
127.5000    1    2.000   1.0000          line
129.5000    0    0.500   1.0000          NULL 
130.0000    1    2.000   1.0000          line
132.0000    0    0.500   1.0000          NULL 
132.5000    1    2.000   1.0000          line
134.5000    0    0.500   1.0000          NULL 
135.0000    1    2.000   1.0000          line
137.0000    0    3.000   1.0000          NULL 
140.0000    1    2.000   1.0000          line
142.0000    0    3.500   1.0000          NULL 
145.5000    1    2.000   1.0000          line
147.5000    0    0.500   1.0000          NULL 
148.0000    1    2.000   1.0000          line
150.0000    0    2.500   1.0000          NULL 
152.5000    1    2.000   1.0000          line
154.5000    0    0.500   1.0000          NULL 
155.0000    1    2.000   1.0000          line
157.0000    0    0.500   1.0000          NULL 
157.5000    1    2.000   1.0000          line
159.5000    0    1.500   1.0000          NULL 
161.0000    1    2.000   1.0000          line
163.0000    0    0.500   1.0000          NULL 
163.5000    1    2.000   1.0000          line
165.5000    0    1.000   1.0000          NULL 
166.5000    1    2.000   1.0000          line
168.5000    0    2.000   1.0000          NULL 
170.5000    1    2.000   1.0000          line
172.5000    0    1.500   1.0000          NULL 
174.0000    1    2.000   1.0000          line
176.0000    0    2.000   1.0000          NULL 
178.0000    1    2.000   1.0000          line
180.0000    0    2.000   1.0000          NULL 
182.0000    1    2.000   1.0000          line
184.0000    0    1.000   1.0000          NULL 
185.0000    1    2.000   1.0000          line
187.0000    0    1.000   1.0000          NULL 
188.0000    1    2.000   1.0000          line
190.0000    0    2.000   1.0000          NULL 
192.0000    1    2.000   1.0000          line
194.0000    0    0.500   1.0000          NULL 
194.5000    1    2.000   1.0000          line
196.5000    0    0.500   1.0000          NULL 
197.0000    1    2.000   1.0000          line
199.0000    0    1.000   1.0000          NULL 
200.0000    1    2.000   1.0000          line
202.0000    0    0.500   1.0000          NULL 
202.5000    1    2.000   1.0000          line
204.5000    0    1.000   1.0000          NULL 
205.5000    1    2.000   1.0000          line
207.5000    0    2.500   1.0000          NULL 
210.0000    1    2.000   1.0000          line
212.0000    0    2.500   1.0000          NULL 
214.5000    1    2.000   1.0000          line
216.5000    0    0.500   1.0000          NULL 
217.0000    1    2.000   1.0000          line
219.0000    0    0.500   1.0000          NULL 
219.5000    1    2.000   1.0000          line
221.5000    0    3.500   1.0000          NULL 
225.0000    1    2.000   1.0000          line
227.0000    0    3.000   1.0000          NULL 
230.0000    1    2.000   1.0000          line
232.0000    0    1.000   1.0000          NULL 
233.0000    1    2.000   1.0000          line
235.0000    0    0.500   1.0000          NULL 
235.5000    1    2.000   1.0000          line
237.5000    0    4.000   1.0000          NULL 
241.5000    1    2.000   1.0000          line
243.5000    0    0.500   1.0000          NULL 
244.0000    1    2.000   1.0000          line
246.0000    0    0.500   1.0000          NULL 
246.5000    1    2.000   1.0000          line
248.5000    0    3.500   1.0000          NULL 
252.0000    1    2.000   1.0000          line
254.0000    0    3.500   1.0000          NULL 
257.5000    1    2.000   1.0000          line
259.5000    0    0.500   1.0000          NULL 
260.0000    1    2.000   1.0000          line
262.0000    0    1.000   1.0000          NULL 
263.0000    1    2.000   1.0000          line
265.0000    0    3.000   1.0000          NULL 
268.0000    1    2.000   1.0000          line
270.0000    0    0.500   1.0000          NULL 
270.5000    1    2.000   1.0000          line
272.5000    0    0.500   1.0000          NULL 
273.0000    1    2.000   1.0000          line
275.0000    0    1.500   1.0000          NULL 
276.5000    1    2.000   1.0000          line
278.5000    0    3.000   1.0000          NULL 
281.5000    1    2.000   1.0000          line
283.5000    0    0.500   1.0000          NULL 
284.0000    1    2.000   1.0000          line
286.0000    0    2.000   1.0000          NULL 
288.0000    1    2.000   1.0000          line
290.0000    0    1.500   1.0000          NULL 
291.5000    1    2.000   1.0000          line
293.5000    0    0.500   1.0000          NULL 
294.0000    1    2.000   1.0000          line
296.0000    0    0.500   1.0000          NULL 
296.5000    1    2.000   1.0000          line
298.5000    0    0.500   1.0000          NULL 
299.0000    1    2.000   1.0000          line
301.0000    0    1.000   1.0000          NULL 
302.0000    1    2.000   1.0000          line
304.0000    0    1.500   1.0000          NULL 
305.5000    1    2.000   1.0000          line
307.5000    0    3.000   1.0000          NULL 
310.5000    1    2.000   1.0000          line
312.5000    0    2.000   1.0000          NULL 
314.5000    1    2.000   1.0000          line
316.5000    0    1.000   1.0000          NULL 
317.5000    1    2.000   1.0000          line
319.5000    0    0.500   1.0000          NULL 
320.0000    1    2.000   1.0000          line
322.0000    0    0.500   1.0000          NULL 
322.5000    1    2.000   1.0000          line
324.5000    0    0.500   1.0000          NULL 
325.0000    1    2.000   1.0000          line
327.0000    0    2.000   1.0000          NULL 
329.0000    1    2.000   1.0000          line
331.0000    0    1.500   1.0000          NULL 
332.5000    1    2.000   1.0000          line
334.5000    0    0.500   1.0000          NULL 
335.0000    1    2.000   1.0000          line
337.0000    0    0.500   1.0000          NULL 
337.5000    1    2.000   1.0000          line
339.5000    0    2.500   1.0000          NULL 
342.0000    1    2.000   1.0000          line
344.0000    0    0.500   1.0000          NULL 
344.5000    1    2.000   1.0000          line
346.5000    0    2.500   1.0000          NULL 
349.0000    1    2.000   1.0000          line
351.0000    0    1.000   1.0000          NULL 
352.0000    1    2.000   1.0000          line
354.0000    0    0.500   1.0000          NULL 
354.5000    1    2.000   1.0000          line
356.5000    0    0.500   1.0000          NULL 
357.0000    1    2.000   1.0000          line
359.0000    0    0.500   1.0000          NULL 
359.5000    1    2.000   1.0000          line
361.5000    0    1.000   1.0000          NULL 
362.5000    1    2.000   1.0000          line
364.5000    0    0.500   1.0000          NULL 
365.0000    1    2.000   1.0000          line
367.0000    0    0.500   1.0000          NULL 
367.5000    1    2.000   1.0000          line
369.5000    0    1.000   1.0000          NULL 
370.5000    1    2.000   1.0000          line
372.5000    0    4.000   1.0000          NULL 
376.5000    1    2.000   1.0000          line
378.5000    0    2.000   1.0000          NULL 
380.5000    1    2.000   1.0000          line
382.5000    0    0.500   1.0000          NULL 
383.0000    1    2.000   1.0000          line
385.0000    0    2.500   1.0000          NULL 
387.5000    1    2.000   1.0000          line
389.5000    0    2.000   1.0000          NULL 
391.5000    1    2.000   1.0000          line
393.5000    0    0.500   1.0000          NULL 
394.0000    1    2.000   1.0000          line
396.0000    0    0.500   1.0000          NULL 
396.5000    1    2.000   1.0000          line
398.5000    0    1.500   1.0000          NULL 
