  0.0000    1    2.000   1.0000          line
  2.0000    0    1.100   1.0000          NULL 
  3.1000    1    2.000   1.0000          line
  5.1000    0    1.000   1.0000          NULL 
  6.1000    1    2.000   1.0000          line
  8.1000    0    1.100   1.0000          NULL 
  9.2000    1    2.000   1.0000          line
 11.2000    0    1.300   1.0000          NULL 
 12.5000    1    2.000   1.0000          line
 14.5000    0    1.000   1.0000          NULL 
 15.5000    1    2.000   1.0000          line
 17.5000    0    1.700   1.0000          NULL 
 19.2000    1    2.000   1.0000          line
 21.2000    0    1.000   1.0000          NULL 
 22.2000    1    2.000   1.0000          line
 24.2000    0    1.100   1.0000          NULL 
 25.3000    1    2.000   1.0000          line
 27.3000    0    1.400   1.0000          NULL 
 28.7000    1    2.000   1.0000          line
 30.7000    0    1.000   1.0000          NULL 
 31.7000    1    2.000   1.0000          line
 33.7000    0    1.200   1.0000          NULL 
 34.9000    1    2.000   1.0000          line
 36.9000    0    1.400   1.0000          NULL 
 38.3000    1    2.000   1.0000          line
 40.3000    0    1.100   1.0000          NULL 
 41.4000    1    2.000   1.0000          line
 43.4000    0    1.000   1.0000          NULL 
 44.4000    1    2.000   1.0000          line
 46.4000    0    1.200   1.0000          NULL 
 47.6000    1    2.000   1.0000          line
 49.6000    0    2.000   1.0000          NULL 
 51.6000    1    2.000   1.0000          line
 53.6000    0    1.000   1.0000          NULL 
 54.6000    1    2.000   1.0000          line
 56.6000    0    1.300   1.0000          NULL 
 57.9000    1    2.000   1.0000          line
 59.9000    0    1.100   1.0000          NULL 
 61.0000    1    2.000   1.0000          line
 63.0000    0    1.000   1.0000          NULL 
 64.0000    1    2.000   1.0000          line
 66.0000    0    1.000   1.0000          NULL 
 67.0000    1    2.000   1.0000          line
 69.0000    0    1.100   1.0000          NULL 
 70.1000    1    2.000   1.0000          line
 72.1000    0    1.700   1.0000          NULL 
 73.8000    1    2.000   1.0000          line
 75.8000    0    1.000   1.0000          NULL 
 76.8000    1    2.000   1.0000          line
 78.8000    0    1.600   1.0000          NULL 
 80.3999    1    2.000   1.0000          line
 82.3999    0    1.900   1.0000          NULL 
 84.2999    1    2.000   1.0000          line
 86.2999    0    1.000   1.0000          NULL 
 87.2999    1    2.000   1.0000          line
 89.2999    0    1.000   1.0000          NULL 
 90.2999    1    2.000   1.0000          line
 92.2999    0    1.800   1.0000          NULL 
 94.0999    1    2.000   1.0000          line
 96.0999    0    1.100   1.0000          NULL 
 97.1999    1    2.000   1.0000          line
 99.1999    0    1.700   1.0000          NULL 
100.8999    1    2.000   1.0000          line
102.8999    0    1.200   1.0000          NULL 
104.0999    1    2.000   1.0000          line
106.0999    0    1.100   1.0000          NULL 
107.1999    1    2.000   1.0000          line
109.1999    0    1.100   1.0000          NULL 
110.2999    1    2.000   1.0000          line
112.2999    0    1.500   1.0000          NULL 
113.7999    1    2.000   1.0000          line
115.7999    0    1.000   1.0000          NULL 
116.7999    1    2.000   1.0000          line
118.7999    0    1.400   1.0000          NULL 
120.1999    1    2.000   1.0000          line
122.1999    0    1.300   1.0000          NULL 
123.4999    1    2.000   1.0000          line
125.4999    0    1.000   1.0000          NULL 
126.4999    1    2.000   1.0000          line
128.4999    0    1.500   1.0000          NULL 
