  0.0000    1    2.000   1.0000          line
  2.0000    0    1.000   1.0000          NULL 
  3.0000    1    2.000   1.0000          line
  5.0000    0    1.000   1.0000          NULL 
  6.0000    1    2.000   1.0000          line
  8.0000    0    2.000   1.0000          NULL 
 10.0000    1    2.000   1.0000          line
 12.0000    0    1.500   1.0000          NULL 
 13.5000    1    2.000   1.0000          line
 15.5000    0    1.000   1.0000          NULL 
 16.5000    1    2.000   1.0000          line
 18.5000    0    1.000   1.0000          NULL 
 19.5000    1    2.000   1.0000          line
 21.5000    0    1.500   1.0000          NULL 
 23.0000    1    2.000   1.0000          line
 25.0000    0    0.500   1.0000          NULL 
 25.5000    1    2.000   1.0000          line
 27.5000    0    1.000   1.0000          NULL 
 28.5000    1    2.000   1.0000          line
 30.5000    0    3.000   1.0000          NULL 
 33.5000    1    2.000   1.0000          line
 35.5000    0    1.000   1.0000          NULL 
 36.5000    1    2.000   1.0000          line
 38.5000    0    0.500   1.0000          NULL 
 39.0000    1    2.000   1.0000          line
 41.0000    0    1.000   1.0000          NULL 
 42.0000    1    2.000   1.0000          line
 44.0000    0    2.500   1.0000          NULL 
 46.5000    1    2.000   1.0000          line
 48.5000    0    2.000   1.0000          NULL 
 50.5000    1    2.000   1.0000          line
 52.5000    0    0.500   1.0000          NULL 
 53.0000    1    2.000   1.0000          line
 55.0000    0    0.500   1.0000          NULL 
 55.5000    1    2.000   1.0000          line
 57.5000    0    0.500   1.0000          NULL 
 58.0000    1    2.000   1.0000          line
 60.0000    0    2.000   1.0000          NULL 
 62.0000    1    2.000   1.0000          line
 64.0000    0    1.000   1.0000          NULL 
 65.0000    1    2.000   1.0000          line
 67.0000    0    2.500   1.0000          NULL 
 69.5000    1    2.000   1.0000          line
 71.5000    0    1.000   1.0000          NULL 
 72.5000    1    2.000   1.0000          line
 74.5000    0    1.500   1.0000          NULL 
 76.0000    1    2.000   1.0000          line
 78.0000    0    2.500   1.0000          NULL 
 80.5000    1    2.000   1.0000          line
 82.5000    0    1.500   1.0000          NULL 
 84.0000    1    2.000   1.0000          line
 86.0000    0    2.500   1.0000          NULL 
 88.5000    1    2.000   1.0000          line
 90.5000    0    0.500   1.0000          NULL 
 91.0000    1    2.000   1.0000          line
 93.0000    0    0.500   1.0000          NULL 
 93.5000    1    2.000   1.0000          line
 95.5000    0    0.500   1.0000          NULL 
 96.0000    1    2.000   1.0000          line
 98.0000    0    3.000   1.0000          NULL 
101.0000    1    2.000   1.0000          line
103.0000    0    3.000   1.0000          NULL 
106.0000    1    2.000   1.0000          line
108.0000    0    2.500   1.0000          NULL 
110.5000    1    2.000   1.0000          line
112.5000    0    0.500   1.0000          NULL 
113.0000    1    2.000   1.0000          line
115.0000    0    3.500   1.0000          NULL 
118.5000    1    2.000   1.0000          line
120.5000    0    2.000   1.0000          NULL 
122.5000    1    2.000   1.0000          line
124.5000    0    0.500   1.0000          NULL 
125.0000    1    2.000   1.0000          line
127.0000    0    1.000   1.0000          NULL 
128.0000    1    2.000   1.0000          line
130.0000    0    2.000   1.0000          NULL 
132.0000    1    2.000   1.0000          line
134.0000    0    2.000   1.0000          NULL 
136.0000    1    2.000   1.0000          line
138.0000    0    0.500   1.0000          NULL 
138.5000    1    2.000   1.0000          line
140.5000    0    0.500   1.0000          NULL 
141.0000    1    2.000   1.0000          line
143.0000    0    0.500   1.0000          NULL 
143.5000    1    2.000   1.0000          line
145.5000    0    1.500   1.0000          NULL 
147.0000    1    2.000   1.0000          line
149.0000    0    1.000   1.0000          NULL 
150.0000    1    2.000   1.0000          line
152.0000    0    0.500   1.0000          NULL 
152.5000    1    2.000   1.0000          line
154.5000    0    0.500   1.0000          NULL 
155.0000    1    2.000   1.0000          line
157.0000    0    2.000   1.0000          NULL 
159.0000    1    2.000   1.0000          line
161.0000    0    0.500   1.0000          NULL 
161.5000    1    2.000   1.0000          line
163.5000    0    2.000   1.0000          NULL 
165.5000    1    2.000   1.0000          line
167.5000    0    1.500   1.0000          NULL 
169.0000    1    2.000   1.0000          line
171.0000    0    0.500   1.0000          NULL 
171.5000    1    2.000   1.0000          line
173.5000    0    0.500   1.0000          NULL 
174.0000    1    2.000   1.0000          line
176.0000    0    0.500   1.0000          NULL 
176.5000    1    2.000   1.0000          line
178.5000    0    0.500   1.0000          NULL 
179.0000    1    2.000   1.0000          line
181.0000    0    2.000   1.0000          NULL 
183.0000    1    2.000   1.0000          line
185.0000    0    0.500   1.0000          NULL 
185.5000    1    2.000   1.0000          line
187.5000    0    3.000   1.0000          NULL 
190.5000    1    2.000   1.0000          line
192.5000    0    0.500   1.0000          NULL 
193.0000    1    2.000   1.0000          line
195.0000    0    1.000   1.0000          NULL 
196.0000    1    2.000   1.0000          line
198.0000    0    1.500   1.0000          NULL 
199.5000    1    2.000   1.0000          line
201.5000    0    0.500   1.0000          NULL 
202.0000    1    2.000   1.0000          line
204.0000    0    1.000   1.0000          NULL 
205.0000    1    2.000   1.0000          line
207.0000    0    2.000   1.0000          NULL 
209.0000    1    2.000   1.0000          line
211.0000    0    2.000   1.0000          NULL 
213.0000    1    2.000   1.0000          line
215.0000    0    0.500   1.0000          NULL 
215.5000    1    2.000   1.0000          line
217.5000    0    0.500   1.0000          NULL 
218.0000    1    2.000   1.0000          line
220.0000    0    0.500   1.0000          NULL 
220.5000    1    2.000   1.0000          line
222.5000    0    2.500   1.0000          NULL 
225.0000    1    2.000   1.0000          line
227.0000    0    1.000   1.0000          NULL 
228.0000    1    2.000   1.0000          line
230.0000    0    1.000   1.0000          NULL 
231.0000    1    2.000   1.0000          line
233.0000    0    1.000   1.0000          NULL 
234.0000    1    2.000   1.0000          line
236.0000    0    1.500   1.0000          NULL 
237.5000    1    2.000   1.0000          line
239.5000    0    0.500   1.0000          NULL 
240.0000    1    2.000   1.0000          line
242.0000    0    4.000   1.0000          NULL 
246.0000    1    2.000   1.0000          line
248.0000    0    0.500   1.0000          NULL 
248.5000    1    2.000   1.0000          line
250.5000    0    3.500   1.0000          NULL 
254.0000    1    2.000   1.0000          line
256.0000    0    1.500   1.0000          NULL 
257.5000    1    2.000   1.0000          line
259.5000    0    1.000   1.0000          NULL 
260.5000    1    2.000   1.0000          line
262.5000    0    2.000   1.0000          NULL 
264.5000    1    2.000   1.0000          line
266.5000    0    2.500   1.0000          NULL 
269.0000    1    2.000   1.0000          line
271.0000    0    1.000   1.0000          NULL 
272.0000    1    2.000   1.0000          line
274.0000    0    3.000   1.0000          NULL 
277.0000    1    2.000   1.0000          line
279.0000    0    0.500   1.0000          NULL 
279.5000    1    2.000   1.0000          line
281.5000    0    0.500   1.0000          NULL 
282.0000    1    2.000   1.0000          line
284.0000    0    1.000   1.0000          NULL 
285.0000    1    2.000   1.0000          line
287.0000    0    2.500   1.0000          NULL 
289.5000    1    2.000   1.0000          line
291.5000    0    3.500   1.0000          NULL 
295.0000    1    2.000   1.0000          line
297.0000    0    0.500   1.0000          NULL 
297.5000    1    2.000   1.0000          line
299.5000    0    0.500   1.0000          NULL 
300.0000    1    2.000   1.0000          line
302.0000    0    0.500   1.0000          NULL 
302.5000    1    2.000   1.0000          line
304.5000    0    1.000   1.0000          NULL 
305.5000    1    2.000   1.0000          line
307.5000    0    0.500   1.0000          NULL 
308.0000    1    2.000   1.0000          line
310.0000    0    1.000   1.0000          NULL 
311.0000    1    2.000   1.0000          line
313.0000    0    1.500   1.0000          NULL 
314.5000    1    2.000   1.0000          line
316.5000    0    0.500   1.0000          NULL 
317.0000    1    2.000   1.0000          line
319.0000    0    0.500   1.0000          NULL 
319.5000    1    2.000   1.0000          line
321.5000    0    0.500   1.0000          NULL 
322.0000    1    2.000   1.0000          line
324.0000    0    0.500   1.0000          NULL 
324.5000    1    2.000   1.0000          line
326.5000    0    3.000   1.0000          NULL 
329.5000    1    2.000   1.0000          line
331.5000    0    2.500   1.0000          NULL 
334.0000    1    2.000   1.0000          line
336.0000    0    0.500   1.0000          NULL 
336.5000    1    2.000   1.0000          line
338.5000    0    0.500   1.0000          NULL 
339.0000    1    2.000   1.0000          line
341.0000    0    0.500   1.0000          NULL 
341.5000    1    2.000   1.0000          line
343.5000    0    0.500   1.0000          NULL 
344.0000    1    2.000   1.0000          line
346.0000    0    3.000   1.0000          NULL 
349.0000    1    2.000   1.0000          line
351.0000    0    1.000   1.0000          NULL 
352.0000    1    2.000   1.0000          line
354.0000    0    0.500   1.0000          NULL 
354.5000    1    2.000   1.0000          line
356.5000    0    1.000   1.0000          NULL 
357.5000    1    2.000   1.0000          line
359.5000    0    2.000   1.0000          NULL 
361.5000    1    2.000   1.0000          line
363.5000    0    0.500   1.0000          NULL 
364.0000    1    2.000   1.0000          line
366.0000    0    2.000   1.0000          NULL 
368.0000    1    2.000   1.0000          line
370.0000    0    4.000   1.0000          NULL 
374.0000    1    2.000   1.0000          line
376.0000    0    1.500   1.0000          NULL 
377.5000    1    2.000   1.0000          line
379.5000    0    0.500   1.0000          NULL 
380.0000    1    2.000   1.0000          line
382.0000    0    0.500   1.0000          NULL 
382.5000    1    2.000   1.0000          line
384.5000    0    2.500   1.0000          NULL 
387.0000    1    2.000   1.0000          line
389.0000    0    0.500   1.0000          NULL 
389.5000    1    2.000   1.0000          line
391.5000    0    1.000   1.0000          NULL 
392.5000    1    2.000   1.0000          line
394.5000    0    1.500   1.0000          NULL 
396.0000    1    2.000   1.0000          line
398.0000    0    2.000   1.0000          NULL 
