  0.0000    1    2.000   1.0000          line
  2.0000    0    1.000   1.0000          NULL 
  3.0000    1    2.000   1.0000          line
  5.0000    0    0.500   1.0000          NULL 
  5.5000    1    2.000   1.0000          line
  7.5000    0    1.000   1.0000          NULL 
  8.5000    1    2.000   1.0000          line
 10.5000    0    0.500   1.0000          NULL 
 11.0000    1    2.000   1.0000          line
 13.0000    0    0.500   1.0000          NULL 
 13.5000    1    2.000   1.0000          line
 15.5000    0    4.000   1.0000          NULL 
 19.5000    1    2.000   1.0000          line
 21.5000    0    2.500   1.0000          NULL 
 24.0000    1    2.000   1.0000          line
 26.0000    0    0.500   1.0000          NULL 
 26.5000    1    2.000   1.0000          line
 28.5000    0    0.500   1.0000          NULL 
 29.0000    1    2.000   1.0000          line
 31.0000    0    0.500   1.0000          NULL 
 31.5000    1    2.000   1.0000          line
 33.5000    0    3.000   1.0000          NULL 
 36.5000    1    2.000   1.0000          line
 38.5000    0    1.000   1.0000          NULL 
 39.5000    1    2.000   1.0000          line
 41.5000    0    1.000   1.0000          NULL 
 42.5000    1    2.000   1.0000          line
 44.5000    0    0.500   1.0000          NULL 
 45.0000    1    2.000   1.0000          line
 47.0000    0    0.500   1.0000          NULL 
 47.5000    1    2.000   1.0000          line
 49.5000    0    0.500   1.0000          NULL 
 50.0000    1    2.000   1.0000          line
 52.0000    0    1.500   1.0000          NULL 
 53.5000    1    2.000   1.0000          line
 55.5000    0    1.000   1.0000          NULL 
 56.5000    1    2.000   1.0000          line
 58.5000    0    0.500   1.0000          NULL 
 59.0000    1    2.000   1.0000          line
 61.0000    0    3.000   1.0000          NULL 
 64.0000    1    2.000   1.0000          line
 66.0000    0    0.500   1.0000          NULL 
 66.5000    1    2.000   1.0000          line
 68.5000    0    1.000   1.0000          NULL 
 69.5000    1    2.000   1.0000          line
 71.5000    0    0.500   1.0000          NULL 
 72.0000    1    2.000   1.0000          line
 74.0000    0    2.500   1.0000          NULL 
 76.5000    1    2.000   1.0000          line
 78.5000    0    1.500   1.0000          NULL 
 80.0000    1    2.000   1.0000          line
 82.0000    0    1.500   1.0000          NULL 
 83.5000    1    2.000   1.0000          line
 85.5000    0    1.000   1.0000          NULL 
 86.5000    1    2.000   1.0000          line
 88.5000    0    2.000   1.0000          NULL 
 90.5000    1    2.000   1.0000          line
 92.5000    0    4.000   1.0000          NULL 
 96.5000    1    2.000   1.0000          line
 98.5000    0    0.500   1.0000          NULL 
 99.0000    1    2.000   1.0000          line
101.0000    0    0.500   1.0000          NULL 
101.5000    1    2.000   1.0000          line
103.5000    0    0.500   1.0000          NULL 
104.0000    1    2.000   1.0000          line
106.0000    0    0.500   1.0000          NULL 
106.5000    1    2.000   1.0000          line
108.5000    0    0.500   1.0000          NULL 
109.0000    1    2.000   1.0000          line
111.0000    0    1.000   1.0000          NULL 
112.0000    1    2.000   1.0000          line
114.0000    0    1.500   1.0000          NULL 
115.5000    1    2.000   1.0000          line
117.5000    0    1.500   1.0000          NULL 
119.0000    1    2.000   1.0000          line
121.0000    0    0.500   1.0000          NULL 
121.5000    1    2.000   1.0000          line
123.5000    0    1.000   1.0000          NULL 
124.5000    1    2.000   1.0000          line
126.5000    0    0.500   1.0000          NULL 
127.0000    1    2.000   1.0000          line
129.0000    0    1.000   1.0000          NULL 
130.0000    1    2.000   1.0000          line
132.0000    0    1.000   1.0000          NULL 
133.0000    1    2.000   1.0000          line
135.0000    0    2.000   1.0000          NULL 
137.0000    1    2.000   1.0000          line
139.0000    0    2.000   1.0000          NULL 
141.0000    1    2.000   1.0000          line
143.0000    0    0.500   1.0000          NULL 
143.5000    1    2.000   1.0000          line
145.5000    0    2.000   1.0000          NULL 
147.5000    1    2.000   1.0000          line
149.5000    0    3.000   1.0000          NULL 
152.5000    1    2.000   1.0000          line
154.5000    0    0.500   1.0000          NULL 
155.0000    1    2.000   1.0000          line
157.0000    0    0.500   1.0000          NULL 
157.5000    1    2.000   1.0000          line
159.5000    0    0.500   1.0000          NULL 
160.0000    1    2.000   1.0000          line
162.0000    0    1.000   1.0000          NULL 
163.0000    1    2.000   1.0000          line
165.0000    0    3.500   1.0000          NULL 
168.5000    1    2.000   1.0000          line
170.5000    0    1.000   1.0000          NULL 
171.5000    1    2.000   1.0000          line
173.5000    0    2.000   1.0000          NULL 
175.5000    1    2.000   1.0000          line
177.5000    0    2.500   1.0000          NULL 
180.0000    1    2.000   1.0000          line
182.0000    0    1.500   1.0000          NULL 
183.5000    1    2.000   1.0000          line
185.5000    0    1.500   1.0000          NULL 
187.0000    1    2.000   1.0000          line
189.0000    0    1.000   1.0000          NULL 
190.0000    1    2.000   1.0000          line
192.0000    0    1.500   1.0000          NULL 
193.5000    1    2.000   1.0000          line
195.5000    0    0.500   1.0000          NULL 
196.0000    1    2.000   1.0000          line
198.0000    0    0.500   1.0000          NULL 
198.5000    1    2.000   1.0000          line
200.5000    0    2.500   1.0000          NULL 
203.0000    1    2.000   1.0000          line
205.0000    0    1.000   1.0000          NULL 
206.0000    1    2.000   1.0000          line
208.0000    0    1.000   1.0000          NULL 
209.0000    1    2.000   1.0000          line
211.0000    0    1.500   1.0000          NULL 
212.5000    1    2.000   1.0000          line
214.5000    0    1.500   1.0000          NULL 
216.0000    1    2.000   1.0000          line
218.0000    0    0.500   1.0000          NULL 
218.5000    1    2.000   1.0000          line
220.5000    0    0.500   1.0000          NULL 
221.0000    1    2.000   1.0000          line
223.0000    0    3.000   1.0000          NULL 
226.0000    1    2.000   1.0000          line
228.0000    0    1.000   1.0000          NULL 
229.0000    1    2.000   1.0000          line
231.0000    0    0.500   1.0000          NULL 
231.5000    1    2.000   1.0000          line
233.5000    0    1.000   1.0000          NULL 
234.5000    1    2.000   1.0000          line
236.5000    0    1.000   1.0000          NULL 
237.5000    1    2.000   1.0000          line
239.5000    0    1.000   1.0000          NULL 
240.5000    1    2.000   1.0000          line
242.5000    0    1.500   1.0000          NULL 
244.0000    1    2.000   1.0000          line
246.0000    0    0.500   1.0000          NULL 
246.5000    1    2.000   1.0000          line
248.5000    0    0.500   1.0000          NULL 
249.0000    1    2.000   1.0000          line
251.0000    0    0.500   1.0000          NULL 
251.5000    1    2.000   1.0000          line
253.5000    0    3.500   1.0000          NULL 
257.0000    1    2.000   1.0000          line
259.0000    0    2.000   1.0000          NULL 
261.0000    1    2.000   1.0000          line
263.0000    0    1.500   1.0000          NULL 
264.5000    1    2.000   1.0000          line
266.5000    0    1.000   1.0000          NULL 
267.5000    1    2.000   1.0000          line
269.5000    0    0.500   1.0000          NULL 
270.0000    1    2.000   1.0000          line
272.0000    0    4.000   1.0000          NULL 
276.0000    1    2.000   1.0000          line
278.0000    0    0.500   1.0000          NULL 
278.5000    1    2.000   1.0000          line
280.5000    0    0.500   1.0000          NULL 
281.0000    1    2.000   1.0000          line
283.0000    0    0.500   1.0000          NULL 
283.5000    1    2.000   1.0000          line
285.5000    0    1.000   1.0000          NULL 
286.5000    1    2.000   1.0000          line
288.5000    0    2.500   1.0000          NULL 
291.0000    1    2.000   1.0000          line
293.0000    0    1.500   1.0000          NULL 
294.5000    1    2.000   1.0000          line
296.5000    0    0.500   1.0000          NULL 
297.0000    1    2.000   1.0000          line
299.0000    0    3.500   1.0000          NULL 
302.5000    1    2.000   1.0000          line
304.5000    0    1.500   1.0000          NULL 
306.0000    1    2.000   1.0000          line
308.0000    0    0.500   1.0000          NULL 
308.5000    1    2.000   1.0000          line
310.5000    0    3.500   1.0000          NULL 
314.0000    1    2.000   1.0000          line
316.0000    0    0.500   1.0000          NULL 
316.5000    1    2.000   1.0000          line
318.5000    0    0.500   1.0000          NULL 
319.0000    1    2.000   1.0000          line
321.0000    0    1.000   1.0000          NULL 
322.0000    1    2.000   1.0000          line
324.0000    0    1.000   1.0000          NULL 
325.0000    1    2.000   1.0000          line
327.0000    0    1.000   1.0000          NULL 
328.0000    1    2.000   1.0000          line
330.0000    0    1.500   1.0000          NULL 
331.5000    1    2.000   1.0000          line
333.5000    0    1.500   1.0000          NULL 
335.0000    1    2.000   1.0000          line
337.0000    0    1.000   1.0000          NULL 
338.0000    1    2.000   1.0000          line
340.0000    0    3.000   1.0000          NULL 
343.0000    1    2.000   1.0000          line
345.0000    0    3.000   1.0000          NULL 
348.0000    1    2.000   1.0000          line
350.0000    0    0.500   1.0000          NULL 
350.5000    1    2.000   1.0000          line
352.5000    0    2.500   1.0000          NULL 
355.0000    1    2.000   1.0000          line
357.0000    0    1.000   1.0000          NULL 
358.0000    1    2.000   1.0000          line
360.0000    0    0.500   1.0000          NULL 
360.5000    1    2.000   1.0000          line
362.5000    0    1.000   1.0000          NULL 
363.5000    1    2.000   1.0000          line
365.5000    0    3.000   1.0000          NULL 
368.5000    1    2.000   1.0000          line
370.5000    0    3.000   1.0000          NULL 
373.5000    1    2.000   1.0000          line
375.5000    0    1.500   1.0000          NULL 
377.0000    1    2.000   1.0000          line
379.0000    0    0.500   1.0000          NULL 
379.5000    1    2.000   1.0000          line
381.5000    0    0.500   1.0000          NULL 
382.0000    1    2.000   1.0000          line
384.0000    0    3.000   1.0000          NULL 
387.0000    1    2.000   1.0000          line
389.0000    0    0.500   1.0000          NULL 
389.5000    1    2.000   1.0000          line
391.5000    0    0.500   1.0000          NULL 
392.0000    1    2.000   1.0000          line
394.0000    0    0.500   1.0000          NULL 
394.5000    1    2.000   1.0000          line
396.5000    0    3.500   1.0000          NULL 
