  0.0000    1    2.000   1.0000          line
  2.0000    0    1.000   1.0000          NULL 
  3.0000    1    2.000   1.0000          line
  5.0000    0    1.100   1.0000          NULL 
  6.1000    1    2.000   1.0000          line
  8.1000    0    1.700   1.0000          NULL 
  9.8000    1    2.000   1.0000          line
 11.8000    0    1.700   1.0000          NULL 
 13.5000    1    2.000   1.0000          line
 15.5000    0    1.400   1.0000          NULL 
 16.9000    1    2.000   1.0000          line
 18.9000    0    1.200   1.0000          NULL 
 20.1000    1    2.000   1.0000          line
 22.1000    0    1.200   1.0000          NULL 
 23.3000    1    2.000   1.0000          line
 25.3000    0    1.100   1.0000          NULL 
 26.4000    1    2.000   1.0000          line
 28.4000    0    1.000   1.0000          NULL 
 29.4000    1    2.000   1.0000          line
 31.4000    0    1.800   1.0000          NULL 
 33.2000    1    2.000   1.0000          line
 35.2000    0    1.100   1.0000          NULL 
 36.3000    1    2.000   1.0000          line
 38.3000    0    1.800   1.0000          NULL 
 40.1000    1    2.000   1.0000          line
 42.1000    0    1.000   1.0000          NULL 
 43.1000    1    2.000   1.0000          line
 45.1000    0    1.400   1.0000          NULL 
 46.5000    1    2.000   1.0000          line
 48.5000    0    1.100   1.0000          NULL 
 49.6000    1    2.000   1.0000          line
 51.6000    0    1.200   1.0000          NULL 
 52.8000    1    2.000   1.0000          line
 54.8000    0    1.000   1.0000          NULL 
 55.8000    1    2.000   1.0000          line
 57.8000    0    1.300   1.0000          NULL 
 59.1000    1    2.000   1.0000          line
 61.1000    0    1.100   1.0000          NULL 
 62.2000    1    2.000   1.0000          line
 64.2000    0    1.400   1.0000          NULL 
 65.6000    1    2.000   1.0000          line
 67.6000    0    1.000   1.0000          NULL 
 68.6000    1    2.000   1.0000          line
 70.6000    0    2.000   1.0000          NULL 
 72.5999    1    2.000   1.0000          line
 74.5999    0    1.400   1.0000          NULL 
 75.9999    1    2.000   1.0000          line
 77.9999    0    1.100   1.0000          NULL 
 79.0999    1    2.000   1.0000          line
 81.0999    0    1.100   1.0000          NULL 
 82.1999    1    2.000   1.0000          line
 84.1999    0    1.200   1.0000          NULL 
 85.3999    1    2.000   1.0000          line
 87.3999    0    1.100   1.0000          NULL 
 88.4999    1    2.000   1.0000          line
 90.4999    0    1.000   1.0000          NULL 
 91.4999    1    2.000   1.0000          line
 93.4999    0    2.000   1.0000          NULL 
 95.4999    1    2.000   1.0000          line
 97.4999    0    1.000   1.0000          NULL 
 98.4999    1    2.000   1.0000          line
100.4999    0    1.700   1.0000          NULL 
102.1999    1    2.000   1.0000          line
104.1999    0    1.000   1.0000          NULL 
105.1999    1    2.000   1.0000          line
107.1999    0    1.400   1.0000          NULL 
108.5999    1    2.000   1.0000          line
110.5999    0    1.200   1.0000          NULL 
111.7999    1    2.000   1.0000          line
113.7999    0    1.000   1.0000          NULL 
114.7999    1    2.000   1.0000          line
116.7999    0    1.100   1.0000          NULL 
117.8999    1    2.000   1.0000          line
119.8999    0    1.000   1.0000          NULL 
120.8999    1    2.000   1.0000          line
122.8999    0    1.100   1.0000          NULL 
123.9999    1    2.000   1.0000          line
125.9999    0    1.000   1.0000          NULL 
126.9999    1    2.000   1.0000          line
128.9999    0    1.000   1.0000          NULL 
