  0.0000    1    2.000   1.0000          line
  2.0000    0    0.500   1.0000          NULL 
  2.5000    1    2.000   1.0000          line
  4.5000    0    0.500   1.0000          NULL 
  5.0000    1    2.000   1.0000          line
  7.0000    0    0.500   1.0000          NULL 
  7.5000    1    2.000   1.0000          line
  9.5000    0    3.000   1.0000          NULL 
 12.5000    1    2.000   1.0000          line
 14.5000    0    2.500   1.0000          NULL 
 17.0000    1    2.000   1.0000          line
 19.0000    0    0.500   1.0000          NULL 
 19.5000    1    2.000   1.0000          line
 21.5000    0    3.000   1.0000          NULL 
 24.5000    1    2.000   1.0000          line
 26.5000    0    1.500   1.0000          NULL 
 28.0000    1    2.000   1.0000          line
 30.0000    0    0.500   1.0000          NULL 
 30.5000    1    2.000   1.0000          line
 32.5000    0    2.000   1.0000          NULL 
 34.5000    1    2.000   1.0000          line
 36.5000    0    2.000   1.0000          NULL 
 38.5000    1    2.000   1.0000          line
 40.5000    0    0.500   1.0000          NULL 
 41.0000    1    2.000   1.0000          line
 43.0000    0    0.500   1.0000          NULL 
 43.5000    1    2.000   1.0000          line
 45.5000    0    2.000   1.0000          NULL 
 47.5000    1    2.000   1.0000          line
 49.5000    0    1.000   1.0000          NULL 
 50.5000    1    2.000   1.0000          line
 52.5000    0    0.500   1.0000          NULL 
 53.0000    1    2.000   1.0000          line
 55.0000    0    0.500   1.0000          NULL 
 55.5000    1    2.000   1.0000          line
 57.5000    0    1.500   1.0000          NULL 
 59.0000    1    2.000   1.0000          line
 61.0000    0    1.500   1.0000          NULL 
 62.5000    1    2.000   1.0000          line
 64.5000    0    1.000   1.0000          NULL 
 65.5000    1    2.000   1.0000          line
 67.5000    0    2.000   1.0000          NULL 
 69.5000    1    2.000   1.0000          line
 71.5000    0    2.000   1.0000          NULL 
 73.5000    1    2.000   1.0000          line
 75.5000    0    0.500   1.0000          NULL 
 76.0000    1    2.000   1.0000          line
 78.0000    0    1.500   1.0000          NULL 
 79.5000    1    2.000   1.0000          line
 81.5000    0    1.000   1.0000          NULL 
 82.5000    1    2.000   1.0000          line
 84.5000    0    1.000   1.0000          NULL 
 85.5000    1    2.000   1.0000          line
 87.5000    0    0.500   1.0000          NULL 
 88.0000    1    2.000   1.0000          line
 90.0000    0    0.500   1.0000          NULL 
 90.5000    1    2.000   1.0000          line
 92.5000    0    0.500   1.0000          NULL 
 93.0000    1    2.000   1.0000          line
 95.0000    0    1.000   1.0000          NULL 
 96.0000    1    2.000   1.0000          line
 98.0000    0    0.500   1.0000          NULL 
 98.5000    1    2.000   1.0000          line
100.5000    0    2.000   1.0000          NULL 
102.5000    1    2.000   1.0000          line
104.5000    0    1.000   1.0000          NULL 
105.5000    1    2.000   1.0000          line
107.5000    0    1.000   1.0000          NULL 
108.5000    1    2.000   1.0000          line
110.5000    0    3.000   1.0000          NULL 
113.5000    1    2.000   1.0000          line
115.5000    0    0.500   1.0000          NULL 
116.0000    1    2.000   1.0000          line
118.0000    0    1.000   1.0000          NULL 
119.0000    1    2.000   1.0000          line
121.0000    0    0.500   1.0000          NULL 
121.5000    1    2.000   1.0000          line
123.5000    0    3.000   1.0000          NULL 
126.5000    1    2.000   1.0000          line
128.5000    0    1.500   1.0000          NULL 
130.0000    1    2.000   1.0000          line
132.0000    0    3.000   1.0000          NULL 
135.0000    1    2.000   1.0000          line
137.0000    0    0.500   1.0000          NULL 
137.5000    1    2.000   1.0000          line
139.5000    0    0.500   1.0000          NULL 
140.0000    1    2.000   1.0000          line
142.0000    0    0.500   1.0000          NULL 
142.5000    1    2.000   1.0000          line
144.5000    0    0.500   1.0000          NULL 
145.0000    1    2.000   1.0000          line
147.0000    0    1.000   1.0000          NULL 
148.0000    1    2.000   1.0000          line
150.0000    0    2.500   1.0000          NULL 
152.5000    1    2.000   1.0000          line
154.5000    0    1.000   1.0000          NULL 
155.5000    1    2.000   1.0000          line
157.5000    0    0.500   1.0000          NULL 
158.0000    1    2.000   1.0000          line
160.0000    0    1.000   1.0000          NULL 
161.0000    1    2.000   1.0000          line
163.0000    0    0.500   1.0000          NULL 
163.5000    1    2.000   1.0000          line
165.5000    0    0.500   1.0000          NULL 
166.0000    1    2.000   1.0000          line
168.0000    0    2.500   1.0000          NULL 
170.5000    1    2.000   1.0000          line
172.5000    0    0.500   1.0000          NULL 
173.0000    1    2.000   1.0000          line
175.0000    0    3.000   1.0000          NULL 
178.0000    1    2.000   1.0000          line
180.0000    0    0.500   1.0000          NULL 
180.5000    1    2.000   1.0000          line
182.5000    0    0.500   1.0000          NULL 
183.0000    1    2.000   1.0000          line
185.0000    0    3.000   1.0000          NULL 
188.0000    1    2.000   1.0000          line
190.0000    0    0.500   1.0000          NULL 
190.5000    1    2.000   1.0000          line
192.5000    0    3.500   1.0000          NULL 
196.0000    1    2.000   1.0000          line
198.0000    0    0.500   1.0000          NULL 
198.5000    1    2.000   1.0000          line
200.5000    0    1.000   1.0000          NULL 
201.5000    1    2.000   1.0000          line
203.5000    0    0.500   1.0000          NULL 
204.0000    1    2.000   1.0000          line
206.0000    0    1.000   1.0000          NULL 
207.0000    1    2.000   1.0000          line
209.0000    0    0.500   1.0000          NULL 
209.5000    1    2.000   1.0000          line
211.5000    0    3.000   1.0000          NULL 
214.5000    1    2.000   1.0000          line
216.5000    0    1.500   1.0000          NULL 
218.0000    1    2.000   1.0000          line
220.0000    0    2.500   1.0000          NULL 
222.5000    1    2.000   1.0000          line
224.5000    0    2.000   1.0000          NULL 
226.5000    1    2.000   1.0000          line
228.5000    0    0.500   1.0000          NULL 
229.0000    1    2.000   1.0000          line
231.0000    0    0.500   1.0000          NULL 
231.5000    1    2.000   1.0000          line
233.5000    0    1.000   1.0000          NULL 
234.5000    1    2.000   1.0000          line
236.5000    0    1.000   1.0000          NULL 
237.5000    1    2.000   1.0000          line
239.5000    0    2.000   1.0000          NULL 
241.5000    1    2.000   1.0000          line
243.5000    0    0.500   1.0000          NULL 
244.0000    1    2.000   1.0000          line
246.0000    0    4.000   1.0000          NULL 
250.0000    1    2.000   1.0000          line
252.0000    0    0.500   1.0000          NULL 
252.5000    1    2.000   1.0000          line
254.5000    0    1.500   1.0000          NULL 
256.0000    1    2.000   1.0000          line
258.0000    0    2.000   1.0000          NULL 
260.0000    1    2.000   1.0000          line
262.0000    0    1.000   1.0000          NULL 
263.0000    1    2.000   1.0000          line
265.0000    0    0.500   1.0000          NULL 
265.5000    1    2.000   1.0000          line
267.5000    0    2.000   1.0000          NULL 
269.5000    1    2.000   1.0000          line
271.5000    0    1.500   1.0000          NULL 
273.0000    1    2.000   1.0000          line
275.0000    0    1.000   1.0000          NULL 
276.0000    1    2.000   1.0000          line
278.0000    0    2.000   1.0000          NULL 
280.0000    1    2.000   1.0000          line
282.0000    0    1.000   1.0000          NULL 
283.0000    1    2.000   1.0000          line
285.0000    0    4.000   1.0000          NULL 
289.0000    1    2.000   1.0000          line
291.0000    0    1.000   1.0000          NULL 
292.0000    1    2.000   1.0000          line
294.0000    0    0.500   1.0000          NULL 
294.5000    1    2.000   1.0000          line
296.5000    0    0.500   1.0000          NULL 
297.0000    1    2.000   1.0000          line
299.0000    0    1.000   1.0000          NULL 
300.0000    1    2.000   1.0000          line
302.0000    0    1.500   1.0000          NULL 
303.5000    1    2.000   1.0000          line
305.5000    0    2.000   1.0000          NULL 
307.5000    1    2.000   1.0000          line
309.5000    0    1.500   1.0000          NULL 
311.0000    1    2.000   1.0000          line
313.0000    0    1.000   1.0000          NULL 
314.0000    1    2.000   1.0000          line
316.0000    0    0.500   1.0000          NULL 
316.5000    1    2.000   1.0000          line
318.5000    0    3.500   1.0000          NULL 
322.0000    1    2.000   1.0000          line
324.0000    0    1.000   1.0000          NULL 
325.0000    1    2.000   1.0000          line
327.0000    0    3.000   1.0000          NULL 
330.0000    1    2.000   1.0000          line
332.0000    0    0.500   1.0000          NULL 
332.5000    1    2.000   1.0000          line
334.5000    0    1.000   1.0000          NULL 
335.5000    1    2.000   1.0000          line
337.5000    0    1.000   1.0000          NULL 
338.5000    1    2.000   1.0000          line
340.5000    0    0.500   1.0000          NULL 
341.0000    1    2.000   1.0000          line
343.0000    0    1.500   1.0000          NULL 
344.5000    1    2.000   1.0000          line
346.5000    0    3.000   1.0000          NULL 
349.5000    1    2.000   1.0000          line
351.5000    0    3.000   1.0000          NULL 
354.5000    1    2.000   1.0000          line
356.5000    0    0.500   1.0000          NULL 
357.0000    1    2.000   1.0000          line
359.0000    0    1.500   1.0000          NULL 
360.5000    1    2.000   1.0000          line
362.5000    0    2.500   1.0000          NULL 
365.0000    1    2.000   1.0000          line
367.0000    0    2.000   1.0000          NULL 
369.0000    1    2.000   1.0000          line
371.0000    0    0.500   1.0000          NULL 
371.5000    1    2.000   1.0000          line
373.5000    0    0.500   1.0000          NULL 
374.0000    1    2.000   1.0000          line
376.0000    0    1.000   1.0000          NULL 
377.0000    1    2.000   1.0000          line
379.0000    0    1.500   1.0000          NULL 
380.5000    1    2.000   1.0000          line
382.5000    0    2.500   1.0000          NULL 
385.0000    1    2.000   1.0000          line
387.0000    0    0.500   1.0000          NULL 
387.5000    1    2.000   1.0000          line
389.5000    0    1.500   1.0000          NULL 
391.0000    1    2.000   1.0000          line
393.0000    0    1.500   1.0000          NULL 
394.5000    1    2.000   1.0000          line
396.5000    0    1.000   1.0000          NULL 
397.5000    1    2.000   1.0000          line
399.5000    0    0.500   1.0000          NULL 
