  0.0000    1    2.000   1.0000          line
  2.0000    0    0.500   1.0000          NULL 
  2.5000    1    2.000   1.0000          line
  4.5000    0    0.500   1.0000          NULL 
  5.0000    1    2.000   1.0000          line
  7.0000    0    1.500   1.0000          NULL 
  8.5000    1    2.000   1.0000          line
 10.5000    0    3.500   1.0000          NULL 
 14.0000    1    2.000   1.0000          line
 16.0000    0    0.500   1.0000          NULL 
 16.5000    1    2.000   1.0000          line
 18.5000    0    1.500   1.0000          NULL 
 20.0000    1    2.000   1.0000          line
 22.0000    0    3.000   1.0000          NULL 
 25.0000    1    2.000   1.0000          line
 27.0000    0    0.500   1.0000          NULL 
 27.5000    1    2.000   1.0000          line
 29.5000    0    1.000   1.0000          NULL 
 30.5000    1    2.000   1.0000          line
 32.5000    0    0.500   1.0000          NULL 
 33.0000    1    2.000   1.0000          line
 35.0000    0    1.000   1.0000          NULL 
 36.0000    1    2.000   1.0000          line
 38.0000    0    1.000   1.0000          NULL 
 39.0000    1    2.000   1.0000          line
 41.0000    0    0.500   1.0000          NULL 
 41.5000    1    2.000   1.0000          line
 43.5000    0    1.500   1.0000          NULL 
 45.0000    1    2.000   1.0000          line
 47.0000    0    1.500   1.0000          NULL 
 48.5000    1    2.000   1.0000          line
 50.5000    0    0.500   1.0000          NULL 
 51.0000    1    2.000   1.0000          line
 53.0000    0    2.500   1.0000          NULL 
 55.5000    1    2.000   1.0000          line
 57.5000    0    0.500   1.0000          NULL 
 58.0000    1    2.000   1.0000          line
 60.0000    0    1.000   1.0000          NULL 
 61.0000    1    2.000   1.0000          line
 63.0000    0    3.500   1.0000          NULL 
 66.5000    1    2.000   1.0000          line
 68.5000    0    1.000   1.0000          NULL 
 69.5000    1    2.000   1.0000          line
 71.5000    0    2.500   1.0000          NULL 
 74.0000    1    2.000   1.0000          line
 76.0000    0    2.000   1.0000          NULL 
 78.0000    1    2.000   1.0000          line
 80.0000    0    1.000   1.0000          NULL 
 81.0000    1    2.000   1.0000          line
 83.0000    0    4.000   1.0000          NULL 
 87.0000    1    2.000   1.0000          line
 89.0000    0    0.500   1.0000          NULL 
 89.5000    1    2.000   1.0000          line
 91.5000    0    0.500   1.0000          NULL 
 92.0000    1    2.000   1.0000          line
 94.0000    0    0.500   1.0000          NULL 
 94.5000    1    2.000   1.0000          line
 96.5000    0    0.500   1.0000          NULL 
 97.0000    1    2.000   1.0000          line
 99.0000    0    1.000   1.0000          NULL 
100.0000    1    2.000   1.0000          line
102.0000    0    0.500   1.0000          NULL 
102.5000    1    2.000   1.0000          line
104.5000    0    1.500   1.0000          NULL 
106.0000    1    2.000   1.0000          line
108.0000    0    1.500   1.0000          NULL 
109.5000    1    2.000   1.0000          line
111.5000    0    0.500   1.0000          NULL 
112.0000    1    2.000   1.0000          line
114.0000    0    3.000   1.0000          NULL 
117.0000    1    2.000   1.0000          line
119.0000    0    0.500   1.0000          NULL 
119.5000    1    2.000   1.0000          line
121.5000    0    2.000   1.0000          NULL 
123.5000    1    2.000   1.0000          line
125.5000    0    2.500   1.0000          NULL 
128.0000    1    2.000   1.0000          line
130.0000    0    0.500   1.0000          NULL 
130.5000    1    2.000   1.0000          line
132.5000    0    1.500   1.0000          NULL 
134.0000    1    2.000   1.0000          line
136.0000    0    1.000   1.0000          NULL 
137.0000    1    2.000   1.0000          line
139.0000    0    0.500   1.0000          NULL 
139.5000    1    2.000   1.0000          line
141.5000    0    0.500   1.0000          NULL 
142.0000    1    2.000   1.0000          line
144.0000    0    1.500   1.0000          NULL 
145.5000    1    2.000   1.0000          line
147.5000    0    0.500   1.0000          NULL 
148.0000    1    2.000   1.0000          line
150.0000    0    0.500   1.0000          NULL 
150.5000    1    2.000   1.0000          line
152.5000    0    0.500   1.0000          NULL 
153.0000    1    2.000   1.0000          line
155.0000    0    2.500   1.0000          NULL 
157.5000    1    2.000   1.0000          line
159.5000    0    1.000   1.0000          NULL 
160.5000    1    2.000   1.0000          line
162.5000    0    1.000   1.0000          NULL 
163.5000    1    2.000   1.0000          line
165.5000    0    1.500   1.0000          NULL 
167.0000    1    2.000   1.0000          line
169.0000    0    0.500   1.0000          NULL 
169.5000    1    2.000   1.0000          line
171.5000    0    0.500   1.0000          NULL 
172.0000    1    2.000   1.0000          line
174.0000    0    3.500   1.0000          NULL 
177.5000    1    2.000   1.0000          line
179.5000    0    0.500   1.0000          NULL 
180.0000    1    2.000   1.0000          line
182.0000    0    3.500   1.0000          NULL 
185.5000    1    2.000   1.0000          line
187.5000    0    1.500   1.0000          NULL 
189.0000    1    2.000   1.0000          line
191.0000    0    2.000   1.0000          NULL 
193.0000    1    2.000   1.0000          line
195.0000    0    0.500   1.0000          NULL 
195.5000    1    2.000   1.0000          line
197.5000    0    1.000   1.0000          NULL 
198.5000    1    2.000   1.0000          line
200.5000    0    1.000   1.0000          NULL 
201.5000    1    2.000   1.0000          line
203.5000    0    0.500   1.0000          NULL 
204.0000    1    2.000   1.0000          line
206.0000    0    1.500   1.0000          NULL 
207.5000    1    2.000   1.0000          line
209.5000    0    0.500   1.0000          NULL 
210.0000    1    2.000   1.0000          line
212.0000    0    0.500   1.0000          NULL 
212.5000    1    2.000   1.0000          line
214.5000    0    3.000   1.0000          NULL 
217.5000    1    2.000   1.0000          line
219.5000    0    3.000   1.0000          NULL 
222.5000    1    2.000   1.0000          line
224.5000    0    1.000   1.0000          NULL 
225.5000    1    2.000   1.0000          line
227.5000    0    0.500   1.0000          NULL 
228.0000    1    2.000   1.0000          line
230.0000    0    1.500   1.0000          NULL 
231.5000    1    2.000   1.0000          line
233.5000    0    1.500   1.0000          NULL 
235.0000    1    2.000   1.0000          line
237.0000    0    0.500   1.0000          NULL 
237.5000    1    2.000   1.0000          line
239.5000    0    2.500   1.0000          NULL 
242.0000    1    2.000   1.0000          line
244.0000    0    1.000   1.0000          NULL 
245.0000    1    2.000   1.0000          line
247.0000    0    0.500   1.0000          NULL 
247.5000    1    2.000   1.0000          line
249.5000    0    2.500   1.0000          NULL 
252.0000    1    2.000   1.0000          line
254.0000    0    0.500   1.0000          NULL 
254.5000    1    2.000   1.0000          line
256.5000    0    2.500   1.0000          NULL 
259.0000    1    2.000   1.0000          line
261.0000    0    1.000   1.0000          NULL 
262.0000    1    2.000   1.0000          line
264.0000    0    0.500   1.0000          NULL 
264.5000    1    2.000   1.0000          line
266.5000    0    1.000   1.0000          NULL 
267.5000    1    2.000   1.0000          line
269.5000    0    1.000   1.0000          NULL 
270.5000    1    2.000   1.0000          line
272.5000    0    3.000   1.0000          NULL 
275.5000    1    2.000   1.0000          line
277.5000    0    1.500   1.0000          NULL 
279.0000    1    2.000   1.0000          line
281.0000    0    2.500   1.0000          NULL 
283.5000    1    2.000   1.0000          line
285.5000    0    1.000   1.0000          NULL 
286.5000    1    2.000   1.0000          line
288.5000    0    2.500   1.0000          NULL 
291.0000    1    2.000   1.0000          line
293.0000    0    1.000   1.0000          NULL 
294.0000    1    2.000   1.0000          line
296.0000    0    1.000   1.0000          NULL 
297.0000    1    2.000   1.0000          line
299.0000    0    1.000   1.0000          NULL 
300.0000    1    2.000   1.0000          line
302.0000    0    2.500   1.0000          NULL 
304.5000    1    2.000   1.0000          line
306.5000    0    1.000   1.0000          NULL 
307.5000    1    2.000   1.0000          line
309.5000    0    1.000   1.0000          NULL 
310.5000    1    2.000   1.0000          line
312.5000    0    3.000   1.0000          NULL 
315.5000    1    2.000   1.0000          line
317.5000    0    2.000   1.0000          NULL 
319.5000    1    2.000   1.0000          line
321.5000    0    1.000   1.0000          NULL 
322.5000    1    2.000   1.0000          line
324.5000    0    0.500   1.0000          NULL 
325.0000    1    2.000   1.0000          line
327.0000    0    0.500   1.0000          NULL 
327.5000    1    2.000   1.0000          line
329.5000    0    1.500   1.0000          NULL 
331.0000    1    2.000   1.0000          line
333.0000    0    2.000   1.0000          NULL 
335.0000    1    2.000   1.0000          line
337.0000    0    3.500   1.0000          NULL 
340.5000    1    2.000   1.0000          line
342.5000    0    1.000   1.0000          NULL 
343.5000    1    2.000   1.0000          line
345.5000    0    1.000   1.0000          NULL 
346.5000    1    2.000   1.0000          line
348.5000    0    0.500   1.0000          NULL 
349.0000    1    2.000   1.0000          line
351.0000    0    1.000   1.0000          NULL 
352.0000    1    2.000   1.0000          line
354.0000    0    2.500   1.0000          NULL 
356.5000    1    2.000   1.0000          line
358.5000    0    0.500   1.0000          NULL 
359.0000    1    2.000   1.0000          line
361.0000    0    0.500   1.0000          NULL 
361.5000    1    2.000   1.0000          line
363.5000    0    0.500   1.0000          NULL 
364.0000    1    2.000   1.0000          line
366.0000    0    0.500   1.0000          NULL 
366.5000    1    2.000   1.0000          line
368.5000    0    2.000   1.0000          NULL 
370.5000    1    2.000   1.0000          line
372.5000    0    0.500   1.0000          NULL 
373.0000    1    2.000   1.0000          line
375.0000    0    0.500   1.0000          NULL 
375.5000    1    2.000   1.0000          line
377.5000    0    2.000   1.0000          NULL 
379.5000    1    2.000   1.0000          line
381.5000    0    0.500   1.0000          NULL 
382.0000    1    2.000   1.0000          line
384.0000    0    2.000   1.0000          NULL 
386.0000    1    2.000   1.0000          line
388.0000    0    4.000   1.0000          NULL 
392.0000    1    2.000   1.0000          line
394.0000    0    0.500   1.0000          NULL 
394.5000    1    2.000   1.0000          line
396.5000    0    0.500   1.0000          NULL 
397.0000    1    2.000   1.0000          line
399.0000    0    1.000   1.0000          NULL 
