  0.0000    1    2.000   1.0000          line
  2.0000    0    1.000   1.0000          NULL 
  3.0000    1    2.000   1.0000          line
  5.0000    0    1.900   1.0000          NULL 
  6.9000    1    2.000   1.0000          line
  8.9000    0    1.000   1.0000          NULL 
  9.9000    1    2.000   1.0000          line
 11.9000    0    1.100   1.0000          NULL 
 13.0000    1    2.000   1.0000          line
 15.0000    0    1.100   1.0000          NULL 
 16.1000    1    2.000   1.0000          line
 18.1000    0    1.200   1.0000          NULL 
 19.3000    1    2.000   1.0000          line
 21.3000    0    1.200   1.0000          NULL 
 22.5000    1    2.000   1.0000          line
 24.5000    0    1.000   1.0000          NULL 
 25.5000    1    2.000   1.0000          line
 27.5000    0    1.400   1.0000          NULL 
 28.9000    1    2.000   1.0000          line
 30.9000    0    1.300   1.0000          NULL 
 32.2000    1    2.000   1.0000          line
 34.2000    0    1.000   1.0000          NULL 
 35.2000    1    2.000   1.0000          line
 37.2000    0    1.600   1.0000          NULL 
 38.8000    1    2.000   1.0000          line
 40.8000    0    1.700   1.0000          NULL 
 42.5000    1    2.000   1.0000          line
 44.5000    0    1.100   1.0000          NULL 
 45.6000    1    2.000   1.0000          line
 47.6000    0    1.100   1.0000          NULL 
 48.7000    1    2.000   1.0000          line
 50.7000    0    2.000   1.0000          NULL 
 52.7000    1    2.000   1.0000          line
 54.7000    0    1.000   1.0000          NULL 
 55.7000    1    2.000   1.0000          line
 57.7000    0    1.400   1.0000          NULL 
 59.1000    1    2.000   1.0000          line
 61.1000    0    1.000   1.0000          NULL 
 62.1000    1    2.000   1.0000          line
 64.1000    0    1.300   1.0000          NULL 
 65.4000    1    2.000   1.0000          line
 67.4000    0    1.200   1.0000          NULL 
 68.6000    1    2.000   1.0000          line
 70.6000    0    1.800   1.0000          NULL 
 72.3999    1    2.000   1.0000          line
 74.3999    0    1.200   1.0000          NULL 
 75.5999    1    2.000   1.0000          line
 77.5999    0    1.000   1.0000          NULL 
 78.5999    1    2.000   1.0000          line
 80.5999    0    1.200   1.0000          NULL 
 81.7999    1    2.000   1.0000          line
 83.7999    0    1.800   1.0000          NULL 
 85.5999    1    2.000   1.0000          line
 87.5999    0    1.000   1.0000          NULL 
 88.5999    1    2.000   1.0000          line
 90.5999    0    1.200   1.0000          NULL 
 91.7999    1    2.000   1.0000          line
 93.7999    0    1.100   1.0000          NULL 
 94.8999    1    2.000   1.0000          line
 96.8999    0    1.200   1.0000          NULL 
 98.0999    1    2.000   1.0000          line
100.0999    0    1.300   1.0000          NULL 
101.3999    1    2.000   1.0000          line
103.3999    0    1.800   1.0000          NULL 
105.1999    1    2.000   1.0000          line
107.1999    0    1.000   1.0000          NULL 
108.1999    1    2.000   1.0000          line
110.1999    0    1.200   1.0000          NULL 
111.3999    1    2.000   1.0000          line
113.3999    0    1.200   1.0000          NULL 
114.5999    1    2.000   1.0000          line
116.5999    0    1.000   1.0000          NULL 
117.5999    1    2.000   1.0000          line
119.5999    0    1.100   1.0000          NULL 
120.6999    1    2.000   1.0000          line
122.6999    0    1.100   1.0000          NULL 
123.7999    1    2.000   1.0000          line
125.7999    0    1.100   1.0000          NULL 
126.8999    1    2.000   1.0000          line
128.8999    0    1.100   1.0000          NULL 
