  0.0000    1    2.000   1.0000          line
  2.0000    0    1.000   1.0000          NULL 
  3.0000    1    2.000   1.0000          line
  5.0000    0    1.300   1.0000          NULL 
  6.3000    1    2.000   1.0000          line
  8.3000    0    1.000   1.0000          NULL 
  9.3000    1    2.000   1.0000          line
 11.3000    0    1.700   1.0000          NULL 
 13.0000    1    2.000   1.0000          line
 15.0000    0    1.100   1.0000          NULL 
 16.1000    1    2.000   1.0000          line
 18.1000    0    1.000   1.0000          NULL 
 19.1000    1    2.000   1.0000          line
 21.1000    0    1.500   1.0000          NULL 
 22.6000    1    2.000   1.0000          line
 24.6000    0    1.100   1.0000          NULL 
 25.7000    1    2.000   1.0000          line
 27.7000    0    1.800   1.0000          NULL 
 29.5000    1    2.000   1.0000          line
 31.5000    0    1.100   1.0000          NULL 
 32.6000    1    2.000   1.0000          line
 34.6000    0    1.000   1.0000          NULL 
 35.6000    1    2.000   1.0000          line
 37.6000    0    1.200   1.0000          NULL 
 38.8000    1    2.000   1.0000          line
 40.8000    0    1.000   1.0000          NULL 
 41.8000    1    2.000   1.0000          line
 43.8000    0    1.000   1.0000          NULL 
 44.8000    1    2.000   1.0000          line
 46.8000    0    1.200   1.0000          NULL 
 48.0000    1    2.000   1.0000          line
 50.0000    0    1.100   1.0000          NULL 
 51.1000    1    2.000   1.0000          line
 53.1000    0    1.200   1.0000          NULL 
 54.3000    1    2.000   1.0000          line
 56.3000    0    1.900   1.0000          NULL 
 58.2000    1    2.000   1.0000          line
 60.2000    0    1.300   1.0000          NULL 
 61.5000    1    2.000   1.0000          line
 63.5000    0    1.100   1.0000          NULL 
 64.6000    1    2.000   1.0000          line
 66.6000    0    1.000   1.0000          NULL 
 67.6000    1    2.000   1.0000          line
 69.6000    0    1.900   1.0000          NULL 
 71.5000    1    2.000   1.0000          line
 73.5000    0    1.000   1.0000          NULL 
 74.5000    1    2.000   1.0000          line
 76.5000    0    1.000   1.0000          NULL 
 77.5000    1    2.000   1.0000          line
 79.5000    0    1.000   1.0000          NULL 
 80.5000    1    2.000   1.0000          line
 82.5000    0    1.700   1.0000          NULL 
 84.2000    1    2.000   1.0000          line
 86.2000    0    1.200   1.0000          NULL 
 87.3999    1    2.000   1.0000          line
 89.3999    0    2.000   1.0000          NULL 
 91.3999    1    2.000   1.0000          line
 93.3999    0    1.000   1.0000          NULL 
 94.3999    1    2.000   1.0000          line
 96.3999    0    1.500   1.0000          NULL 
 97.8999    1    2.000   1.0000          line
 99.8999    0    1.000   1.0000          NULL 
100.8999    1    2.000   1.0000          line
102.8999    0    1.200   1.0000          NULL 
104.0999    1    2.000   1.0000          line
106.0999    0    1.400   1.0000          NULL 
107.4999    1    2.000   1.0000          line
109.4999    0    1.200   1.0000          NULL 
110.6999    1    2.000   1.0000          line
112.6999    0    1.200   1.0000          NULL 
113.8999    1    2.000   1.0000          line
115.8999    0    1.000   1.0000          NULL 
116.8999    1    2.000   1.0000          line
118.8999    0    1.900   1.0000          NULL 
120.7999    1    2.000   1.0000          line
122.7999    0    1.000   1.0000          NULL 
123.7999    1    2.000   1.0000          line
125.7999    0    1.100   1.0000          NULL 
126.8999    1    2.000   1.0000          line
128.8999    0    1.100   1.0000          NULL 
