  0.0000    1    2.000   1.0000          line
  2.0000    0    1.400   1.0000          NULL 
  3.4000    1    2.000   1.0000          line
  5.4000    0    1.900   1.0000          NULL 
  7.3000    1    2.000   1.0000          line
  9.3000    0    1.900   1.0000          NULL 
 11.2000    1    2.000   1.0000          line
 13.2000    0    1.100   1.0000          NULL 
 14.3000    1    2.000   1.0000          line
 16.3000    0    1.000   1.0000          NULL 
 17.3000    1    2.000   1.0000          line
 19.3000    0    1.000   1.0000          NULL 
 20.3000    1    2.000   1.0000          line
 22.3000    0    1.400   1.0000          NULL 
 23.7000    1    2.000   1.0000          line
 25.7000    0    1.600   1.0000          NULL 
 27.3000    1    2.000   1.0000          line
 29.3000    0    1.000   1.0000          NULL 
 30.3000    1    2.000   1.0000          line
 32.3000    0    1.100   1.0000          NULL 
 33.4000    1    2.000   1.0000          line
 35.4000    0    1.100   1.0000          NULL 
 36.5000    1    2.000   1.0000          line
 38.5000    0    1.100   1.0000          NULL 
 39.6000    1    2.000   1.0000          line
 41.6000    0    1.000   1.0000          NULL 
 42.6000    1    2.000   1.0000          line
 44.6000    0    1.200   1.0000          NULL 
 45.8000    1    2.000   1.0000          line
 47.8000    0    1.000   1.0000          NULL 
 48.8000    1    2.000   1.0000          line
 50.8000    0    2.000   1.0000          NULL 
 52.8000    1    2.000   1.0000          line
 54.8000    0    1.000   1.0000          NULL 
 55.8000    1    2.000   1.0000          line
 57.8000    0    1.500   1.0000          NULL 
 59.3000    1    2.000   1.0000          line
 61.3000    0    1.100   1.0000          NULL 
 62.4000    1    2.000   1.0000          line
 64.4000    0    1.100   1.0000          NULL 
 65.5000    1    2.000   1.0000          line
 67.5000    0    1.100   1.0000          NULL 
 68.6000    1    2.000   1.0000          line
 70.6000    0    1.200   1.0000          NULL 
 71.8000    1    2.000   1.0000          line
 73.8000    0    1.200   1.0000          NULL 
 75.0000    1    2.000   1.0000          line
 77.0000    0    1.100   1.0000          NULL 
 78.1000    1    2.000   1.0000          line
 80.1000    0    1.600   1.0000          NULL 
 81.7000    1    2.000   1.0000          line
 83.7000    0    1.300   1.0000          NULL 
 85.0000    1    2.000   1.0000          line
 87.0000    0    1.000   1.0000          NULL 
 88.0000    1    2.000   1.0000          line
 90.0000    0    1.800   1.0000          NULL 
 91.7999    1    2.000   1.0000          line
 93.7999    0    1.000   1.0000          NULL 
 94.7999    1    2.000   1.0000          line
 96.7999    0    1.500   1.0000          NULL 
 98.2999    1    2.000   1.0000          line
100.2999    0    1.000   1.0000          NULL 
101.2999    1    2.000   1.0000          line
103.2999    0    1.000   1.0000          NULL 
104.2999    1    2.000   1.0000          line
106.2999    0    2.000   1.0000          NULL 
108.2999    1    2.000   1.0000          line
110.2999    0    1.000   1.0000          NULL 
111.2999    1    2.000   1.0000          line
113.2999    0    1.100   1.0000          NULL 
114.3999    1    2.000   1.0000          line
116.3999    0    1.300   1.0000          NULL 
117.6999    1    2.000   1.0000          line
119.6999    0    1.000   1.0000          NULL 
120.6999    1    2.000   1.0000          line
122.6999    0    1.100   1.0000          NULL 
123.7999    1    2.000   1.0000          line
125.7999    0    1.000   1.0000          NULL 
126.7999    1    2.000   1.0000          line
128.7999    0    1.200   1.0000          NULL 
