  0.0000    1    2.000   1.0000          line
  2.0000    0    1.000   1.0000          NULL 
  3.0000    1    2.000   1.0000          line
  5.0000    0    1.300   1.0000          NULL 
  6.3000    1    2.000   1.0000          line
  8.3000    0    2.000   1.0000          NULL 
 10.3000    1    2.000   1.0000          line
 12.3000    0    1.000   1.0000          NULL 
 13.3000    1    2.000   1.0000          line
 15.3000    0    1.000   1.0000          NULL 
 16.3000    1    2.000   1.0000          line
 18.3000    0    1.600   1.0000          NULL 
 19.9000    1    2.000   1.0000          line
 21.9000    0    1.400   1.0000          NULL 
 23.3000    1    2.000   1.0000          line
 25.3000    0    1.000   1.0000          NULL 
 26.3000    1    2.000   1.0000          line
 28.3000    0    1.500   1.0000          NULL 
 29.8000    1    2.000   1.0000          line
 31.8000    0    1.300   1.0000          NULL 
 33.1000    1    2.000   1.0000          line
 35.1000    0    1.000   1.0000          NULL 
 36.1000    1    2.000   1.0000          line
 38.1000    0    1.200   1.0000          NULL 
 39.3000    1    2.000   1.0000          line
 41.3000    0    1.400   1.0000          NULL 
 42.7000    1    2.000   1.0000          line
 44.7000    0    1.700   1.0000          NULL 
 46.4000    1    2.000   1.0000          line
 48.4000    0    1.100   1.0000          NULL 
 49.5000    1    2.000   1.0000          line
 51.5000    0    1.000   1.0000          NULL 
 52.5000    1    2.000   1.0000          line
 54.5000    0    1.300   1.0000          NULL 
 55.8000    1    2.000   1.0000          line
 57.8000    0    1.300   1.0000          NULL 
 59.1000    1    2.000   1.0000          line
 61.1000    0    1.000   1.0000          NULL 
 62.1000    1    2.000   1.0000          line
 64.1000    0    1.400   1.0000          NULL 
 65.5000    1    2.000   1.0000          line
 67.5000    0    1.000   1.0000          NULL 
 68.5000    1    2.000   1.0000          line
 70.5000    0    1.300   1.0000          NULL 
 71.8000    1    2.000   1.0000          line
 73.8000    0    1.200   1.0000          NULL 
 75.0000    1    2.000   1.0000          line
 77.0000    0    1.500   1.0000          NULL 
 78.5000    1    2.000   1.0000          line
 80.5000    0    1.100   1.0000          NULL 
 81.6000    1    2.000   1.0000          line
 83.6000    0    1.400   1.0000          NULL 
 84.9999    1    2.000   1.0000          line
 86.9999    0    1.000   1.0000          NULL 
 87.9999    1    2.000   1.0000          line
 89.9999    0    1.100   1.0000          NULL 
 91.0999    1    2.000   1.0000          line
 93.0999    0    1.200   1.0000          NULL 
 94.2999    1    2.000   1.0000          line
 96.2999    0    1.300   1.0000          NULL 
 97.5999    1    2.000   1.0000          line
 99.5999    0    1.100   1.0000          NULL 
100.6999    1    2.000   1.0000          line
102.6999    0    2.000   1.0000          NULL 
104.6999    1    2.000   1.0000          line
106.6999    0    1.000   1.0000          NULL 
107.6999    1    2.000   1.0000          line
109.6999    0    1.800   1.0000          NULL 
111.4999    1    2.000   1.0000          line
113.4999    0    1.100   1.0000          NULL 
114.5999    1    2.000   1.0000          line
116.5999    0    1.000   1.0000          NULL 
117.5999    1    2.000   1.0000          line
119.5999    0    1.000   1.0000          NULL 
120.5999    1    2.000   1.0000          line
122.5999    0    1.100   1.0000          NULL 
123.6999    1    2.000   1.0000          line
125.6999    0    1.100   1.0000          NULL 
126.7999    1    2.000   1.0000          line
128.7999    0    1.200   1.0000          NULL 
