  0.0000    1    2.000   1.0000          line
  2.0000    0    2.500   1.0000          NULL 
  4.5000    1    2.000   1.0000          line
  6.5000    0    1.000   1.0000          NULL 
  7.5000    1    2.000   1.0000          line
  9.5000    0    0.500   1.0000          NULL 
 10.0000    1    2.000   1.0000          line
 12.0000    0    0.500   1.0000          NULL 
 12.5000    1    2.000   1.0000          line
 14.5000    0    0.500   1.0000          NULL 
 15.0000    1    2.000   1.0000          line
 17.0000    0    0.500   1.0000          NULL 
 17.5000    1    2.000   1.0000          line
 19.5000    0    4.000   1.0000          NULL 
 23.5000    1    2.000   1.0000          line
 25.5000    0    3.000   1.0000          NULL 
 28.5000    1    2.000   1.0000          line
 30.5000    0    0.500   1.0000          NULL 
 31.0000    1    2.000   1.0000          line
 33.0000    0    1.000   1.0000          NULL 
 34.0000    1    2.000   1.0000          line
 36.0000    0    2.500   1.0000          NULL 
 38.5000    1    2.000   1.0000          line
 40.5000    0    0.500   1.0000          NULL 
 41.0000    1    2.000   1.0000          line
 43.0000    0    0.500   1.0000          NULL 
 43.5000    1    2.000   1.0000          line
 45.5000    0    0.500   1.0000          NULL 
 46.0000    1    2.000   1.0000          line
 48.0000    0    1.500   1.0000          NULL 
 49.5000    1    2.000   1.0000          line
 51.5000    0    2.000   1.0000          NULL 
 53.5000    1    2.000   1.0000          line
 55.5000    0    1.500   1.0000          NULL 
 57.0000    1    2.000   1.0000          line
 59.0000    0    2.000   1.0000          NULL 
 61.0000    1    2.000   1.0000          line
 63.0000    0    0.500   1.0000          NULL 
 63.5000    1    2.000   1.0000          line
 65.5000    0    2.000   1.0000          NULL 
 67.5000    1    2.000   1.0000          line
 69.5000    0    3.000   1.0000          NULL 
 72.5000    1    2.000   1.0000          line
 74.5000    0    1.000   1.0000          NULL 
 75.5000    1    2.000   1.0000          line
 77.5000    0    0.500   1.0000          NULL 
 78.0000    1    2.000   1.0000          line
 80.0000    0    0.500   1.0000          NULL 
 80.5000    1    2.000   1.0000          line
 82.5000    0    2.000   1.0000          NULL 
 84.5000    1    2.000   1.0000          line
 86.5000    0    1.000   1.0000          NULL 
 87.5000    1    2.000   1.0000          line
 89.5000    0    0.500   1.0000          NULL 
 90.0000    1    2.000   1.0000          line
 92.0000    0    3.000   1.0000          NULL 
 95.0000    1    2.000   1.0000          line
 97.0000    0    0.500   1.0000          NULL 
 97.5000    1    2.000   1.0000          line
 99.5000    0    1.000   1.0000          NULL 
100.5000    1    2.000   1.0000          line
102.5000    0    0.500   1.0000          NULL 
103.0000    1    2.000   1.0000          line
105.0000    0    3.500   1.0000          NULL 
108.5000    1    2.000   1.0000          line
110.5000    0    1.500   1.0000          NULL 
112.0000    1    2.000   1.0000          line
114.0000    0    0.500   1.0000          NULL 
114.5000    1    2.000   1.0000          line
116.5000    0    0.500   1.0000          NULL 
117.0000    1    2.000   1.0000          line
119.0000    0    0.500   1.0000          NULL 
119.5000    1    2.000   1.0000          line
121.5000    0    0.500   1.0000          NULL 
122.0000    1    2.000   1.0000          line
124.0000    0    2.000   1.0000          NULL 
126.0000    1    2.000   1.0000          line
128.0000    0    2.000   1.0000          NULL 
130.0000    1    2.000   1.0000          line
132.0000    0    1.000   1.0000          NULL 
133.0000    1    2.000   1.0000          line
135.0000    0    0.500   1.0000          NULL 
135.5000    1    2.000   1.0000          line
137.5000    0    3.500   1.0000          NULL 
141.0000    1    2.000   1.0000          line
143.0000    0    0.500   1.0000          NULL 
143.5000    1    2.000   1.0000          line
145.5000    0    2.000   1.0000          NULL 
147.5000    1    2.000   1.0000          line
149.5000    0    1.500   1.0000          NULL 
151.0000    1    2.000   1.0000          line
153.0000    0    1.500   1.0000          NULL 
154.5000    1    2.000   1.0000          line
156.5000    0    1.000   1.0000          NULL 
157.5000    1    2.000   1.0000          line
159.5000    0    1.500   1.0000          NULL 
161.0000    1    2.000   1.0000          line
163.0000    0    1.000   1.0000          NULL 
164.0000    1    2.000   1.0000          line
166.0000    0    0.500   1.0000          NULL 
166.5000    1    2.000   1.0000          line
168.5000    0    1.500   1.0000          NULL 
170.0000    1    2.000   1.0000          line
172.0000    0    1.500   1.0000          NULL 
173.5000    1    2.000   1.0000          line
175.5000    0    3.500   1.0000          NULL 
179.0000    1    2.000   1.0000          line
181.0000    0    1.000   1.0000          NULL 
182.0000    1    2.000   1.0000          line
184.0000    0    1.500   1.0000          NULL 
185.5000    1    2.000   1.0000          line
187.5000    0    1.000   1.0000          NULL 
188.5000    1    2.000   1.0000          line
190.5000    0    0.500   1.0000          NULL 
191.0000    1    2.000   1.0000          line
193.0000    0    0.500   1.0000          NULL 
193.5000    1    2.000   1.0000          line
195.5000    0    1.000   1.0000          NULL 
196.5000    1    2.000   1.0000          line
198.5000    0    3.000   1.0000          NULL 
201.5000    1    2.000   1.0000          line
203.5000    0    0.500   1.0000          NULL 
204.0000    1    2.000   1.0000          line
206.0000    0    1.000   1.0000          NULL 
207.0000    1    2.000   1.0000          line
209.0000    0    0.500   1.0000          NULL 
209.5000    1    2.000   1.0000          line
211.5000    0    0.500   1.0000          NULL 
212.0000    1    2.000   1.0000          line
214.0000    0    2.000   1.0000          NULL 
216.0000    1    2.000   1.0000          line
218.0000    0    1.000   1.0000          NULL 
219.0000    1    2.000   1.0000          line
221.0000    0    3.000   1.0000          NULL 
224.0000    1    2.000   1.0000          line
226.0000    0    0.500   1.0000          NULL 
226.5000    1    2.000   1.0000          line
228.5000    0    1.000   1.0000          NULL 
229.5000    1    2.000   1.0000          line
231.5000    0    1.500   1.0000          NULL 
233.0000    1    2.000   1.0000          line
235.0000    0    0.500   1.0000          NULL 
235.5000    1    2.000   1.0000          line
237.5000    0    1.500   1.0000          NULL 
239.0000    1    2.000   1.0000          line
241.0000    0    3.000   1.0000          NULL 
244.0000    1    2.000   1.0000          line
246.0000    0    1.000   1.0000          NULL 
247.0000    1    2.000   1.0000          line
249.0000    0    1.500   1.0000          NULL 
250.5000    1    2.000   1.0000          line
252.5000    0    0.500   1.0000          NULL 
253.0000    1    2.000   1.0000          line
255.0000    0    1.500   1.0000          NULL 
256.5000    1    2.000   1.0000          line
258.5000    0    1.000   1.0000          NULL 
259.5000    1    2.000   1.0000          line
261.5000    0    0.500   1.0000          NULL 
262.0000    1    2.000   1.0000          line
264.0000    0    0.500   1.0000          NULL 
264.5000    1    2.000   1.0000          line
266.5000    0    0.500   1.0000          NULL 
267.0000    1    2.000   1.0000          line
269.0000    0    3.500   1.0000          NULL 
272.5000    1    2.000   1.0000          line
274.5000    0    0.500   1.0000          NULL 
275.0000    1    2.000   1.0000          line
277.0000    0    1.000   1.0000          NULL 
278.0000    1    2.000   1.0000          line
280.0000    0    1.000   1.0000          NULL 
281.0000    1    2.000   1.0000          line
283.0000    0    3.000   1.0000          NULL 
286.0000    1    2.000   1.0000          line
288.0000    0    1.000   1.0000          NULL 
289.0000    1    2.000   1.0000          line
291.0000    0    2.500   1.0000          NULL 
293.5000    1    2.000   1.0000          line
295.5000    0    3.000   1.0000          NULL 
298.5000    1    2.000   1.0000          line
300.5000    0    4.000   1.0000          NULL 
304.5000    1    2.000   1.0000          line
306.5000    0    1.000   1.0000          NULL 
307.5000    1    2.000   1.0000          line
309.5000    0    0.500   1.0000          NULL 
310.0000    1    2.000   1.0000          line
312.0000    0    1.000   1.0000          NULL 
313.0000    1    2.000   1.0000          line
315.0000    0    0.500   1.0000          NULL 
315.5000    1    2.000   1.0000          line
317.5000    0    2.500   1.0000          NULL 
320.0000    1    2.000   1.0000          line
322.0000    0    0.500   1.0000          NULL 
322.5000    1    2.000   1.0000          line
324.5000    0    2.000   1.0000          NULL 
326.5000    1    2.000   1.0000          line
328.5000    0    3.000   1.0000          NULL 
331.5000    1    2.000   1.0000          line
333.5000    0    1.000   1.0000          NULL 
334.5000    1    2.000   1.0000          line
336.5000    0    2.000   1.0000          NULL 
338.5000    1    2.000   1.0000          line
340.5000    0    1.000   1.0000          NULL 
341.5000    1    2.000   1.0000          line
343.5000    0    0.500   1.0000          NULL 
344.0000    1    2.000   1.0000          line
346.0000    0    0.500   1.0000          NULL 
346.5000    1    2.000   1.0000          line
348.5000    0    1.500   1.0000          NULL 
350.0000    1    2.000   1.0000          line
352.0000    0    0.500   1.0000          NULL 
352.5000    1    2.000   1.0000          line
354.5000    0    0.500   1.0000          NULL 
355.0000    1    2.000   1.0000          line
357.0000    0    4.000   1.0000          NULL 
361.0000    1    2.000   1.0000          line
363.0000    0    1.500   1.0000          NULL 
364.5000    1    2.000   1.0000          line
366.5000    0    0.500   1.0000          NULL 
367.0000    1    2.000   1.0000          line
369.0000    0    0.500   1.0000          NULL 
369.5000    1    2.000   1.0000          line
371.5000    0    1.000   1.0000          NULL 
372.5000    1    2.000   1.0000          line
374.5000    0    0.500   1.0000          NULL 
375.0000    1    2.000   1.0000          line
377.0000    0    0.500   1.0000          NULL 
377.5000    1    2.000   1.0000          line
379.5000    0    2.500   1.0000          NULL 
382.0000    1    2.000   1.0000          line
384.0000    0    1.500   1.0000          NULL 
385.5000    1    2.000   1.0000          line
387.5000    0    0.500   1.0000          NULL 
388.0000    1    2.000   1.0000          line
390.0000    0    0.500   1.0000          NULL 
390.5000    1    2.000   1.0000          line
392.5000    0    0.500   1.0000          NULL 
393.0000    1    2.000   1.0000          line
395.0000    0    0.500   1.0000          NULL 
395.5000    1    2.000   1.0000          line
397.5000    0    2.500   1.0000          NULL 
