  0.0000    1    2.000   1.0000          line
  2.0000    0    0.500   1.0000          NULL 
  2.5000    1    2.000   1.0000          line
  4.5000    0    0.500   1.0000          NULL 
  5.0000    1    2.000   1.0000          line
  7.0000    0    0.500   1.0000          NULL 
  7.5000    1    2.000   1.0000          line
  9.5000    0    0.500   1.0000          NULL 
 10.0000    1    2.000   1.0000          line
 12.0000    0    0.500   1.0000          NULL 
 12.5000    1    2.000   1.0000          line
 14.5000    0    1.500   1.0000          NULL 
 16.0000    1    2.000   1.0000          line
 18.0000    0    1.000   1.0000          NULL 
 19.0000    1    2.000   1.0000          line
 21.0000    0    2.000   1.0000          NULL 
 23.0000    1    2.000   1.0000          line
 25.0000    0    0.500   1.0000          NULL 
 25.5000    1    2.000   1.0000          line
 27.5000    0    0.500   1.0000          NULL 
 28.0000    1    2.000   1.0000          line
 30.0000    0    4.000   1.0000          NULL 
 34.0000    1    2.000   1.0000          line
 36.0000    0    2.500   1.0000          NULL 
 38.5000    1    2.000   1.0000          line
 40.5000    0    1.500   1.0000          NULL 
 42.0000    1    2.000   1.0000          line
 44.0000    0    1.000   1.0000          NULL 
 45.0000    1    2.000   1.0000          line
 47.0000    0    0.500   1.0000          NULL 
 47.5000    1    2.000   1.0000          line
 49.5000    0    0.500   1.0000          NULL 
 50.0000    1    2.000   1.0000          line
 52.0000    0    2.500   1.0000          NULL 
 54.5000    1    2.000   1.0000          line
 56.5000    0    0.500   1.0000          NULL 
 57.0000    1    2.000   1.0000          line
 59.0000    0    0.500   1.0000          NULL 
 59.5000    1    2.000   1.0000          line
 61.5000    0    1.500   1.0000          NULL 
 63.0000    1    2.000   1.0000          line
 65.0000    0    0.500   1.0000          NULL 
 65.5000    1    2.000   1.0000          line
 67.5000    0    3.500   1.0000          NULL 
 71.0000    1    2.000   1.0000          line
 73.0000    0    0.500   1.0000          NULL 
 73.5000    1    2.000   1.0000          line
 75.5000    0    2.000   1.0000          NULL 
 77.5000    1    2.000   1.0000          line
 79.5000    0    3.500   1.0000          NULL 
 83.0000    1    2.000   1.0000          line
 85.0000    0    1.000   1.0000          NULL 
 86.0000    1    2.000   1.0000          line
 88.0000    0    0.500   1.0000          NULL 
 88.5000    1    2.000   1.0000          line
 90.5000    0    0.500   1.0000          NULL 
 91.0000    1    2.000   1.0000          line
 93.0000    0    4.000   1.0000          NULL 
 97.0000    1    2.000   1.0000          line
 99.0000    0    4.000   1.0000          NULL 
103.0000    1    2.000   1.0000          line
105.0000    0    1.000   1.0000          NULL 
106.0000    1    2.000   1.0000          line
108.0000    0    1.500   1.0000          NULL 
109.5000    1    2.000   1.0000          line
111.5000    0    0.500   1.0000          NULL 
112.0000    1    2.000   1.0000          line
114.0000    0    0.500   1.0000          NULL 
114.5000    1    2.000   1.0000          line
116.5000    0    2.000   1.0000          NULL 
118.5000    1    2.000   1.0000          line
120.5000    0    0.500   1.0000          NULL 
121.0000    1    2.000   1.0000          line
123.0000    0    0.500   1.0000          NULL 
123.5000    1    2.000   1.0000          line
125.5000    0    2.500   1.0000          NULL 
128.0000    1    2.000   1.0000          line
130.0000    0    4.000   1.0000          NULL 
134.0000    1    2.000   1.0000          line
136.0000    0    0.500   1.0000          NULL 
136.5000    1    2.000   1.0000          line
138.5000    0    0.500   1.0000          NULL 
139.0000    1    2.000   1.0000          line
141.0000    0    0.500   1.0000          NULL 
141.5000    1    2.000   1.0000          line
143.5000    0    0.500   1.0000          NULL 
144.0000    1    2.000   1.0000          line
146.0000    0    2.500   1.0000          NULL 
148.5000    1    2.000   1.0000          line
150.5000    0    0.500   1.0000          NULL 
151.0000    1    2.000   1.0000          line
153.0000    0    0.500   1.0000          NULL 
153.5000    1    2.000   1.0000          line
155.5000    0    1.000   1.0000          NULL 
156.5000    1    2.000   1.0000          line
158.5000    0    2.000   1.0000          NULL 
160.5000    1    2.000   1.0000          line
162.5000    0    0.500   1.0000          NULL 
163.0000    1    2.000   1.0000          line
165.0000    0    1.000   1.0000          NULL 
166.0000    1    2.000   1.0000          line
168.0000    0    2.500   1.0000          NULL 
170.5000    1    2.000   1.0000          line
172.5000    0    3.000   1.0000          NULL 
175.5000    1    2.000   1.0000          line
177.5000    0    3.000   1.0000          NULL 
180.5000    1    2.000   1.0000          line
182.5000    0    1.000   1.0000          NULL 
183.5000    1    2.000   1.0000          line
185.5000    0    0.500   1.0000          NULL 
186.0000    1    2.000   1.0000          line
188.0000    0    0.500   1.0000          NULL 
188.5000    1    2.000   1.0000          line
190.5000    0    0.500   1.0000          NULL 
191.0000    1    2.000   1.0000          line
193.0000    0    1.000   1.0000          NULL 
194.0000    1    2.000   1.0000          line
196.0000    0    0.500   1.0000          NULL 
196.5000    1    2.000   1.0000          line
198.5000    0    1.000   1.0000          NULL 
199.5000    1    2.000   1.0000          line
201.5000    0    1.500   1.0000          NULL 
203.0000    1    2.000   1.0000          line
205.0000    0    0.500   1.0000          NULL 
205.5000    1    2.000   1.0000          line
207.5000    0    0.500   1.0000          NULL 
208.0000    1    2.000   1.0000          line
210.0000    0    1.500   1.0000          NULL 
211.5000    1    2.000   1.0000          line
213.5000    0    0.500   1.0000          NULL 
214.0000    1    2.000   1.0000          line
216.0000    0    0.500   1.0000          NULL 
216.5000    1    2.000   1.0000          line
218.5000    0    4.000   1.0000          NULL 
222.5000    1    2.000   1.0000          line
224.5000    0    1.000   1.0000          NULL 
225.5000    1    2.000   1.0000          line
227.5000    0    1.000   1.0000          NULL 
228.5000    1    2.000   1.0000          line
230.5000    0    1.000   1.0000          NULL 
231.5000    1    2.000   1.0000          line
233.5000    0    1.000   1.0000          NULL 
234.5000    1    2.000   1.0000          line
236.5000    0    0.500   1.0000          NULL 
237.0000    1    2.000   1.0000          line
239.0000    0    1.000   1.0000          NULL 
240.0000    1    2.000   1.0000          line
242.0000    0    0.500   1.0000          NULL 
242.5000    1    2.000   1.0000          line
244.5000    0    1.000   1.0000          NULL 
245.5000    1    2.000   1.0000          line
247.5000    0    0.500   1.0000          NULL 
248.0000    1    2.000   1.0000          line
250.0000    0    3.500   1.0000          NULL 
253.5000    1    2.000   1.0000          line
255.5000    0    0.500   1.0000          NULL 
256.0000    1    2.000   1.0000          line
258.0000    0    0.500   1.0000          NULL 
258.5000    1    2.000   1.0000          line
260.5000    0    0.500   1.0000          NULL 
261.0000    1    2.000   1.0000          line
263.0000    0    0.500   1.0000          NULL 
263.5000    1    2.000   1.0000          line
265.5000    0    4.000   1.0000          NULL 
269.5000    1    2.000   1.0000          line
271.5000    0    4.000   1.0000          NULL 
275.5000    1    2.000   1.0000          line
277.5000    0    0.500   1.0000          NULL 
278.0000    1    2.000   1.0000          line
280.0000    0    2.000   1.0000          NULL 
282.0000    1    2.000   1.0000          line
284.0000    0    0.500   1.0000          NULL 
284.5000    1    2.000   1.0000          line
286.5000    0    3.500   1.0000          NULL 
290.0000    1    2.000   1.0000          line
292.0000    0    1.000   1.0000          NULL 
293.0000    1    2.000   1.0000          line
295.0000    0    2.000   1.0000          NULL 
297.0000    1    2.000   1.0000          line
299.0000    0    0.500   1.0000          NULL 
299.5000    1    2.000   1.0000          line
301.5000    0    0.500   1.0000          NULL 
302.0000    1    2.000   1.0000          line
304.0000    0    1.500   1.0000          NULL 
305.5000    1    2.000   1.0000          line
307.5000    0    0.500   1.0000          NULL 
308.0000    1    2.000   1.0000          line
310.0000    0    0.500   1.0000          NULL 
310.5000    1    2.000   1.0000          line
312.5000    0    3.500   1.0000          NULL 
316.0000    1    2.000   1.0000          line
318.0000    0    1.500   1.0000          NULL 
319.5000    1    2.000   1.0000          line
321.5000    0    1.500   1.0000          NULL 
323.0000    1    2.000   1.0000          line
325.0000    0    0.500   1.0000          NULL 
325.5000    1    2.000   1.0000          line
327.5000    0    1.000   1.0000          NULL 
328.5000    1    2.000   1.0000          line
330.5000    0    3.000   1.0000          NULL 
333.5000    1    2.000   1.0000          line
335.5000    0    0.500   1.0000          NULL 
336.0000    1    2.000   1.0000          line
338.0000    0    2.000   1.0000          NULL 
340.0000    1    2.000   1.0000          line
342.0000    0    2.000   1.0000          NULL 
344.0000    1    2.000   1.0000          line
346.0000    0    0.500   1.0000          NULL 
346.5000    1    2.000   1.0000          line
348.5000    0    1.500   1.0000          NULL 
350.0000    1    2.000   1.0000          line
352.0000    0    0.500   1.0000          NULL 
352.5000    1    2.000   1.0000          line
354.5000    0    3.000   1.0000          NULL 
357.5000    1    2.000   1.0000          line
359.5000    0    1.000   1.0000          NULL 
360.5000    1    2.000   1.0000          line
362.5000    0    2.000   1.0000          NULL 
364.5000    1    2.000   1.0000          line
366.5000    0    0.500   1.0000          NULL 
367.0000    1    2.000   1.0000          line
369.0000    0    0.500   1.0000          NULL 
369.5000    1    2.000   1.0000          line
371.5000    0    1.500   1.0000          NULL 
373.0000    1    2.000   1.0000          line
375.0000    0    2.500   1.0000          NULL 
377.5000    1    2.000   1.0000          line
379.5000    0    0.500   1.0000          NULL 
380.0000    1    2.000   1.0000          line
382.0000    0    0.500   1.0000          NULL 
382.5000    1    2.000   1.0000          line
384.5000    0    0.500   1.0000          NULL 
385.0000    1    2.000   1.0000          line
387.0000    0    3.500   1.0000          NULL 
390.5000    1    2.000   1.0000          line
392.5000    0    2.000   1.0000          NULL 
394.5000    1    2.000   1.0000          line
396.5000    0    1.000   1.0000          NULL 
397.5000    1    2.000   1.0000          line
399.5000    0    0.500   1.0000          NULL 
