  0.0000    1    2.000   1.0000          line
  2.0000    0    1.000   1.0000          NULL 
  3.0000    1    2.000   1.0000          line
  5.0000    0    1.000   1.0000          NULL 
  6.0000    1    2.000   1.0000          line
  8.0000    0    1.500   1.0000          NULL 
  9.5000    1    2.000   1.0000          line
 11.5000    0    1.000   1.0000          NULL 
 12.5000    1    2.000   1.0000          line
 14.5000    0    1.000   1.0000          NULL 
 15.5000    1    2.000   1.0000          line
 17.5000    0    1.700   1.0000          NULL 
 19.2000    1    2.000   1.0000          line
 21.2000    0    1.100   1.0000          NULL 
 22.3000    1    2.000   1.0000          line
 24.3000    0    1.000   1.0000          NULL 
 25.3000    1    2.000   1.0000          line
 27.3000    0    1.100   1.0000          NULL 
 28.4000    1    2.000   1.0000          line
 30.4000    0    1.800   1.0000          NULL 
 32.2000    1    2.000   1.0000          line
 34.2000    0    1.100   1.0000          NULL 
 35.3000    1    2.000   1.0000          line
 37.3000    0    1.200   1.0000          NULL 
 38.5000    1    2.000   1.0000          line
 40.5000    0    1.600   1.0000          NULL 
 42.1000    1    2.000   1.0000          line
 44.1000    0    1.000   1.0000          NULL 
 45.1000    1    2.000   1.0000          line
 47.1000    0    1.600   1.0000          NULL 
 48.7000    1    2.000   1.0000          line
 50.7000    0    1.200   1.0000          NULL 
 51.9000    1    2.000   1.0000          line
 53.9000    0    1.000   1.0000          NULL 
 54.9000    1    2.000   1.0000          line
 56.9000    0    1.400   1.0000          NULL 
 58.3000    1    2.000   1.0000          line
 60.3000    0    1.000   1.0000          NULL 
 61.3000    1    2.000   1.0000          line
 63.3000    0    1.800   1.0000          NULL 
 65.1000    1    2.000   1.0000          line
 67.1000    0    1.000   1.0000          NULL 
 68.1000    1    2.000   1.0000          line
 70.1000    0    1.400   1.0000          NULL 
 71.5000    1    2.000   1.0000          line
 73.5000    0    1.500   1.0000          NULL 
 74.9999    1    2.000   1.0000          line
 76.9999    0    1.100   1.0000          NULL 
 78.0999    1    2.000   1.0000          line
 80.0999    0    1.100   1.0000          NULL 
 81.1999    1    2.000   1.0000          line
 83.1999    0    1.200   1.0000          NULL 
 84.3999    1    2.000   1.0000          line
 86.3999    0    1.600   1.0000          NULL 
 87.9999    1    2.000   1.0000          line
 89.9999    0    1.100   1.0000          NULL 
 91.0999    1    2.000   1.0000          line
 93.0999    0    2.000   1.0000          NULL 
 95.0999    1    2.000   1.0000          line
 97.0999    0    1.100   1.0000          NULL 
 98.1999    1    2.000   1.0000          line
100.1999    0    1.300   1.0000          NULL 
101.4999    1    2.000   1.0000          line
103.4999    0    1.200   1.0000          NULL 
104.6999    1    2.000   1.0000          line
106.6999    0    1.300   1.0000          NULL 
107.9999    1    2.000   1.0000          line
109.9999    0    1.000   1.0000          NULL 
110.9999    1    2.000   1.0000          line
112.9999    0    1.700   1.0000          NULL 
114.6999    1    2.000   1.0000          line
116.6999    0    1.100   1.0000          NULL 
117.7999    1    2.000   1.0000          line
119.7999    0    1.200   1.0000          NULL 
120.9999    1    2.000   1.0000          line
122.9999    0    1.000   1.0000          NULL 
123.9999    1    2.000   1.0000          line
125.9999    0    1.000   1.0000          NULL 
126.9999    1    2.000   1.0000          line
128.9999    0    1.000   1.0000          NULL 
