  0.0000    1    2.000   1.0000          line
  2.0000    0    0.500   1.0000          NULL 
  2.5000    1    2.000   1.0000          line
  4.5000    0    2.000   1.0000          NULL 
  6.5000    1    2.000   1.0000          line
  8.5000    0    0.500   1.0000          NULL 
  9.0000    1    2.000   1.0000          line
 11.0000    0    0.500   1.0000          NULL 
 11.5000    1    2.000   1.0000          line
 13.5000    0    1.500   1.0000          NULL 
 15.0000    1    2.000   1.0000          line
 17.0000    0    1.000   1.0000          NULL 
 18.0000    1    2.000   1.0000          line
 20.0000    0    0.500   1.0000          NULL 
 20.5000    1    2.000   1.0000          line
 22.5000    0    0.500   1.0000          NULL 
 23.0000    1    2.000   1.0000          line
 25.0000    0    2.000   1.0000          NULL 
 27.0000    1    2.000   1.0000          line
 29.0000    0    0.500   1.0000          NULL 
 29.5000    1    2.000   1.0000          line
 31.5000    0    2.000   1.0000          NULL 
 33.5000    1    2.000   1.0000          line
 35.5000    0    3.500   1.0000          NULL 
 39.0000    1    2.000   1.0000          line
 41.0000    0    1.000   1.0000          NULL 
 42.0000    1    2.000   1.0000          line
 44.0000    0    1.500   1.0000          NULL 
 45.5000    1    2.000   1.0000          line
 47.5000    0    3.000   1.0000          NULL 
 50.5000    1    2.000   1.0000          line
 52.5000    0    0.500   1.0000          NULL 
 53.0000    1    2.000   1.0000          line
 55.0000    0    1.000   1.0000          NULL 
 56.0000    1    2.000   1.0000          line
 58.0000    0    1.000   1.0000          NULL 
 59.0000    1    2.000   1.0000          line
 61.0000    0    3.000   1.0000          NULL 
 64.0000    1    2.000   1.0000          line
 66.0000    0    0.500   1.0000          NULL 
 66.5000    1    2.000   1.0000          line
 68.5000    0    2.000   1.0000          NULL 
 70.5000    1    2.000   1.0000          line
 72.5000    0    1.000   1.0000          NULL 
 73.5000    1    2.000   1.0000          line
 75.5000    0    0.500   1.0000          NULL 
 76.0000    1    2.000   1.0000          line
 78.0000    0    3.000   1.0000          NULL 
 81.0000    1    2.000   1.0000          line
 83.0000    0    1.000   1.0000          NULL 
 84.0000    1    2.000   1.0000          line
 86.0000    0    0.500   1.0000          NULL 
 86.5000    1    2.000   1.0000          line
 88.5000    0    0.500   1.0000          NULL 
 89.0000    1    2.000   1.0000          line
 91.0000    0    0.500   1.0000          NULL 
 91.5000    1    2.000   1.0000          line
 93.5000    0    2.000   1.0000          NULL 
 95.5000    1    2.000   1.0000          line
 97.5000    0    4.000   1.0000          NULL 
101.5000    1    2.000   1.0000          line
103.5000    0    0.500   1.0000          NULL 
104.0000    1    2.000   1.0000          line
106.0000    0    0.500   1.0000          NULL 
106.5000    1    2.000   1.0000          line
108.5000    0    1.000   1.0000          NULL 
109.5000    1    2.000   1.0000          line
111.5000    0    3.000   1.0000          NULL 
114.5000    1    2.000   1.0000          line
116.5000    0    1.000   1.0000          NULL 
117.5000    1    2.000   1.0000          line
119.5000    0    1.500   1.0000          NULL 
121.0000    1    2.000   1.0000          line
123.0000    0    1.000   1.0000          NULL 
124.0000    1    2.000   1.0000          line
126.0000    0    1.500   1.0000          NULL 
127.5000    1    2.000   1.0000          line
129.5000    0    1.000   1.0000          NULL 
130.5000    1    2.000   1.0000          line
132.5000    0    0.500   1.0000          NULL 
133.0000    1    2.000   1.0000          line
135.0000    0    1.000   1.0000          NULL 
136.0000    1    2.000   1.0000          line
138.0000    0    0.500   1.0000          NULL 
138.5000    1    2.000   1.0000          line
140.5000    0    0.500   1.0000          NULL 
141.0000    1    2.000   1.0000          line
143.0000    0    1.000   1.0000          NULL 
144.0000    1    2.000   1.0000          line
146.0000    0    2.000   1.0000          NULL 
148.0000    1    2.000   1.0000          line
150.0000    0    1.000   1.0000          NULL 
151.0000    1    2.000   1.0000          line
153.0000    0    0.500   1.0000          NULL 
153.5000    1    2.000   1.0000          line
155.5000    0    1.000   1.0000          NULL 
156.5000    1    2.000   1.0000          line
158.5000    0    0.500   1.0000          NULL 
159.0000    1    2.000   1.0000          line
161.0000    0    2.000   1.0000          NULL 
163.0000    1    2.000   1.0000          line
165.0000    0    0.500   1.0000          NULL 
165.5000    1    2.000   1.0000          line
167.5000    0    1.500   1.0000          NULL 
169.0000    1    2.000   1.0000          line
171.0000    0    0.500   1.0000          NULL 
171.5000    1    2.000   1.0000          line
173.5000    0    3.000   1.0000          NULL 
176.5000    1    2.000   1.0000          line
178.5000    0    3.000   1.0000          NULL 
181.5000    1    2.000   1.0000          line
183.5000    0    1.000   1.0000          NULL 
184.5000    1    2.000   1.0000          line
186.5000    0    1.000   1.0000          NULL 
187.5000    1    2.000   1.0000          line
189.5000    0    0.500   1.0000          NULL 
190.0000    1    2.000   1.0000          line
192.0000    0    1.500   1.0000          NULL 
193.5000    1    2.000   1.0000          line
195.5000    0    0.500   1.0000          NULL 
196.0000    1    2.000   1.0000          line
198.0000    0    0.500   1.0000          NULL 
198.5000    1    2.000   1.0000          line
200.5000    0    1.000   1.0000          NULL 
201.5000    1    2.000   1.0000          line
203.5000    0    1.000   1.0000          NULL 
204.5000    1    2.000   1.0000          line
206.5000    0    1.000   1.0000          NULL 
207.5000    1    2.000   1.0000          line
209.5000    0    3.500   1.0000          NULL 
213.0000    1    2.000   1.0000          line
215.0000    0    1.500   1.0000          NULL 
216.5000    1    2.000   1.0000          line
218.5000    0    1.500   1.0000          NULL 
220.0000    1    2.000   1.0000          line
222.0000    0    0.500   1.0000          NULL 
222.5000    1    2.000   1.0000          line
224.5000    0    3.000   1.0000          NULL 
227.5000    1    2.000   1.0000          line
229.5000    0    0.500   1.0000          NULL 
230.0000    1    2.000   1.0000          line
232.0000    0    0.500   1.0000          NULL 
232.5000    1    2.000   1.0000          line
234.5000    0    3.000   1.0000          NULL 
237.5000    1    2.000   1.0000          line
239.5000    0    0.500   1.0000          NULL 
240.0000    1    2.000   1.0000          line
242.0000    0    0.500   1.0000          NULL 
242.5000    1    2.000   1.0000          line
244.5000    0    4.000   1.0000          NULL 
248.5000    1    2.000   1.0000          line
250.5000    0    1.500   1.0000          NULL 
252.0000    1    2.000   1.0000          line
254.0000    0    3.000   1.0000          NULL 
257.0000    1    2.000   1.0000          line
259.0000    0    1.500   1.0000          NULL 
260.5000    1    2.000   1.0000          line
262.5000    0    0.500   1.0000          NULL 
263.0000    1    2.000   1.0000          line
265.0000    0    0.500   1.0000          NULL 
265.5000    1    2.000   1.0000          line
267.5000    0    0.500   1.0000          NULL 
268.0000    1    2.000   1.0000          line
270.0000    0    1.000   1.0000          NULL 
271.0000    1    2.000   1.0000          line
273.0000    0    1.000   1.0000          NULL 
274.0000    1    2.000   1.0000          line
276.0000    0    3.000   1.0000          NULL 
279.0000    1    2.000   1.0000          line
281.0000    0    0.500   1.0000          NULL 
281.5000    1    2.000   1.0000          line
283.5000    0    1.000   1.0000          NULL 
284.5000    1    2.000   1.0000          line
286.5000    0    0.500   1.0000          NULL 
287.0000    1    2.000   1.0000          line
289.0000    0    2.500   1.0000          NULL 
291.5000    1    2.000   1.0000          line
293.5000    0    0.500   1.0000          NULL 
294.0000    1    2.000   1.0000          line
296.0000    0    1.500   1.0000          NULL 
297.5000    1    2.000   1.0000          line
299.5000    0    0.500   1.0000          NULL 
300.0000    1    2.000   1.0000          line
302.0000    0    4.000   1.0000          NULL 
306.0000    1    2.000   1.0000          line
308.0000    0    1.000   1.0000          NULL 
309.0000    1    2.000   1.0000          line
311.0000    0    0.500   1.0000          NULL 
311.5000    1    2.000   1.0000          line
313.5000    0    0.500   1.0000          NULL 
314.0000    1    2.000   1.0000          line
316.0000    0    2.000   1.0000          NULL 
318.0000    1    2.000   1.0000          line
320.0000    0    1.500   1.0000          NULL 
321.5000    1    2.000   1.0000          line
323.5000    0    2.500   1.0000          NULL 
326.0000    1    2.000   1.0000          line
328.0000    0    0.500   1.0000          NULL 
328.5000    1    2.000   1.0000          line
330.5000    0    3.500   1.0000          NULL 
334.0000    1    2.000   1.0000          line
336.0000    0    0.500   1.0000          NULL 
336.5000    1    2.000   1.0000          line
338.5000    0    1.000   1.0000          NULL 
339.5000    1    2.000   1.0000          line
341.5000    0    1.000   1.0000          NULL 
342.5000    1    2.000   1.0000          line
344.5000    0    1.000   1.0000          NULL 
345.5000    1    2.000   1.0000          line
347.5000    0    0.500   1.0000          NULL 
348.0000    1    2.000   1.0000          line
350.0000    0    1.000   1.0000          NULL 
351.0000    1    2.000   1.0000          line
353.0000    0    1.500   1.0000          NULL 
354.5000    1    2.000   1.0000          line
356.5000    0    0.500   1.0000          NULL 
357.0000    1    2.000   1.0000          line
359.0000    0    3.000   1.0000          NULL 
362.0000    1    2.000   1.0000          line
364.0000    0    0.500   1.0000          NULL 
364.5000    1    2.000   1.0000          line
366.5000    0    2.000   1.0000          NULL 
368.5000    1    2.000   1.0000          line
370.5000    0    2.500   1.0000          NULL 
373.0000    1    2.000   1.0000          line
375.0000    0    3.500   1.0000          NULL 
378.5000    1    2.000   1.0000          line
380.5000    0    0.500   1.0000          NULL 
381.0000    1    2.000   1.0000          line
383.0000    0    1.500   1.0000          NULL 
384.5000    1    2.000   1.0000          line
386.5000    0    2.500   1.0000          NULL 
389.0000    1    2.000   1.0000          line
391.0000    0    1.500   1.0000          NULL 
392.5000    1    2.000   1.0000          line
394.5000    0    0.500   1.0000          NULL 
395.0000    1    2.000   1.0000          line
397.0000    0    0.500   1.0000          NULL 
397.5000    1    2.000   1.0000          line
399.5000    0    0.500   1.0000          NULL 
