  0.0000    1    2.000   1.0000          line
  2.0000    0    1.000   1.0000          NULL 
  3.0000    1    2.000   1.0000          line
  5.0000    0    1.200   1.0000          NULL 
  6.2000    1    2.000   1.0000          line
  8.2000    0    1.200   1.0000          NULL 
  9.4000    1    2.000   1.0000          line
 11.4000    0    1.000   1.0000          NULL 
 12.4000    1    2.000   1.0000          line
 14.4000    0    1.300   1.0000          NULL 
 15.7000    1    2.000   1.0000          line
 17.7000    0    2.000   1.0000          NULL 
 19.7000    1    2.000   1.0000          line
 21.7000    0    1.000   1.0000          NULL 
 22.7000    1    2.000   1.0000          line
 24.7000    0    1.100   1.0000          NULL 
 25.8000    1    2.000   1.0000          line
 27.8000    0    1.100   1.0000          NULL 
 28.9000    1    2.000   1.0000          line
 30.9000    0    1.100   1.0000          NULL 
 32.0000    1    2.000   1.0000          line
 34.0000    0    1.000   1.0000          NULL 
 35.0000    1    2.000   1.0000          line
 37.0000    0    1.300   1.0000          NULL 
 38.3000    1    2.000   1.0000          line
 40.3000    0    1.000   1.0000          NULL 
 41.3000    1    2.000   1.0000          line
 43.3000    0    1.500   1.0000          NULL 
 44.8000    1    2.000   1.0000          line
 46.8000    0    1.400   1.0000          NULL 
 48.2000    1    2.000   1.0000          line
 50.2000    0    1.100   1.0000          NULL 
 51.3000    1    2.000   1.0000          line
 53.3000    0    1.200   1.0000          NULL 
 54.5000    1    2.000   1.0000          line
 56.5000    0    1.000   1.0000          NULL 
 57.5000    1    2.000   1.0000          line
 59.5000    0    1.100   1.0000          NULL 
 60.6000    1    2.000   1.0000          line
 62.6000    0    1.800   1.0000          NULL 
 64.4000    1    2.000   1.0000          line
 66.4000    0    1.000   1.0000          NULL 
 67.4000    1    2.000   1.0000          line
 69.4000    0    1.200   1.0000          NULL 
 70.6000    1    2.000   1.0000          line
 72.6000    0    2.000   1.0000          NULL 
 74.6000    1    2.000   1.0000          line
 76.6000    0    1.000   1.0000          NULL 
 77.6000    1    2.000   1.0000          line
 79.6000    0    1.700   1.0000          NULL 
 81.2999    1    2.000   1.0000          line
 83.2999    0    1.100   1.0000          NULL 
 84.3999    1    2.000   1.0000          line
 86.3999    0    1.100   1.0000          NULL 
 87.4999    1    2.000   1.0000          line
 89.4999    0    1.300   1.0000          NULL 
 90.7999    1    2.000   1.0000          line
 92.7999    0    1.500   1.0000          NULL 
 94.2999    1    2.000   1.0000          line
 96.2999    0    1.000   1.0000          NULL 
 97.2999    1    2.000   1.0000          line
 99.2999    0    1.000   1.0000          NULL 
100.2999    1    2.000   1.0000          line
102.2999    0    1.400   1.0000          NULL 
103.6999    1    2.000   1.0000          line
105.6999    0    1.000   1.0000          NULL 
106.6999    1    2.000   1.0000          line
108.6999    0    2.000   1.0000          NULL 
110.6999    1    2.000   1.0000          line
112.6999    0    1.000   1.0000          NULL 
113.6999    1    2.000   1.0000          line
115.6999    0    1.700   1.0000          NULL 
117.3999    1    2.000   1.0000          line
119.3999    0    1.000   1.0000          NULL 
120.3999    1    2.000   1.0000          line
122.3999    0    1.000   1.0000          NULL 
123.3999    1    2.000   1.0000          line
125.3999    0    1.500   1.0000          NULL 
126.8999    1    2.000   1.0000          line
128.8999    0    1.100   1.0000          NULL 
