  0.0000    1    2.000   1.0000          line
  2.0000    0    0.500   1.0000          NULL 
  2.5000    1    2.000   1.0000          line
  4.5000    0    1.500   1.0000          NULL 
  6.0000    1    2.000   1.0000          line
  8.0000    0    1.000   1.0000          NULL 
  9.0000    1    2.000   1.0000          line
 11.0000    0    1.000   1.0000          NULL 
 12.0000    1    2.000   1.0000          line
 14.0000    0    1.000   1.0000          NULL 
 15.0000    1    2.000   1.0000          line
 17.0000    0    3.500   1.0000          NULL 
 20.5000    1    2.000   1.0000          line
 22.5000    0    0.500   1.0000          NULL 
 23.0000    1    2.000   1.0000          line
 25.0000    0    1.000   1.0000          NULL 
 26.0000    1    2.000   1.0000          line
 28.0000    0    0.500   1.0000          NULL 
 28.5000    1    2.000   1.0000          line
 30.5000    0    0.500   1.0000          NULL 
 31.0000    1    2.000   1.0000          line
 33.0000    0    1.000   1.0000          NULL 
 34.0000    1    2.000   1.0000          line
 36.0000    0    0.500   1.0000          NULL 
 36.5000    1    2.000   1.0000          line
 38.5000    0    1.000   1.0000          NULL 
 39.5000    1    2.000   1.0000          line
 41.5000    0    1.500   1.0000          NULL 
 43.0000    1    2.000   1.0000          line
 45.0000    0    0.500   1.0000          NULL 
 45.5000    1    2.000   1.0000          line
 47.5000    0    1.000   1.0000          NULL 
 48.5000    1    2.000   1.0000          line
 50.5000    0    1.000   1.0000          NULL 
 51.5000    1    2.000   1.0000          line
 53.5000    0    2.000   1.0000          NULL 
 55.5000    1    2.000   1.0000          line
 57.5000    0    0.500   1.0000          NULL 
 58.0000    1    2.000   1.0000          line
 60.0000    0    1.000   1.0000          NULL 
 61.0000    1    2.000   1.0000          line
 63.0000    0    0.500   1.0000          NULL 
 63.5000    1    2.000   1.0000          line
 65.5000    0    2.000   1.0000          NULL 
 67.5000    1    2.000   1.0000          line
 69.5000    0    3.500   1.0000          NULL 
 73.0000    1    2.000   1.0000          line
 75.0000    0    0.500   1.0000          NULL 
 75.5000    1    2.000   1.0000          line
 77.5000    0    0.500   1.0000          NULL 
 78.0000    1    2.000   1.0000          line
 80.0000    0    0.500   1.0000          NULL 
 80.5000    1    2.000   1.0000          line
 82.5000    0    0.500   1.0000          NULL 
 83.0000    1    2.000   1.0000          line
 85.0000    0    2.500   1.0000          NULL 
 87.5000    1    2.000   1.0000          line
 89.5000    0    3.000   1.0000          NULL 
 92.5000    1    2.000   1.0000          line
 94.5000    0    3.000   1.0000          NULL 
 97.5000    1    2.000   1.0000          line
 99.5000    0    2.000   1.0000          NULL 
101.5000    1    2.000   1.0000          line
103.5000    0    1.500   1.0000          NULL 
105.0000    1    2.000   1.0000          line
107.0000    0    1.000   1.0000          NULL 
108.0000    1    2.000   1.0000          line
110.0000    0    1.000   1.0000          NULL 
111.0000    1    2.000   1.0000          line
113.0000    0    2.000   1.0000          NULL 
115.0000    1    2.000   1.0000          line
117.0000    0    0.500   1.0000          NULL 
117.5000    1    2.000   1.0000          line
119.5000    0    1.500   1.0000          NULL 
121.0000    1    2.000   1.0000          line
123.0000    0    1.500   1.0000          NULL 
124.5000    1    2.000   1.0000          line
126.5000    0    1.500   1.0000          NULL 
128.0000    1    2.000   1.0000          line
130.0000    0    1.000   1.0000          NULL 
131.0000    1    2.000   1.0000          line
133.0000    0    1.000   1.0000          NULL 
134.0000    1    2.000   1.0000          line
136.0000    0    0.500   1.0000          NULL 
136.5000    1    2.000   1.0000          line
138.5000    0    4.000   1.0000          NULL 
142.5000    1    2.000   1.0000          line
144.5000    0    3.500   1.0000          NULL 
148.0000    1    2.000   1.0000          line
150.0000    0    2.500   1.0000          NULL 
152.5000    1    2.000   1.0000          line
154.5000    0    1.000   1.0000          NULL 
155.5000    1    2.000   1.0000          line
157.5000    0    0.500   1.0000          NULL 
158.0000    1    2.000   1.0000          line
160.0000    0    3.500   1.0000          NULL 
163.5000    1    2.000   1.0000          line
165.5000    0    0.500   1.0000          NULL 
166.0000    1    2.000   1.0000          line
168.0000    0    0.500   1.0000          NULL 
168.5000    1    2.000   1.0000          line
170.5000    0    0.500   1.0000          NULL 
171.0000    1    2.000   1.0000          line
173.0000    0    1.000   1.0000          NULL 
174.0000    1    2.000   1.0000          line
176.0000    0    1.000   1.0000          NULL 
177.0000    1    2.000   1.0000          line
179.0000    0    0.500   1.0000          NULL 
179.5000    1    2.000   1.0000          line
181.5000    0    3.500   1.0000          NULL 
185.0000    1    2.000   1.0000          line
187.0000    0    1.000   1.0000          NULL 
188.0000    1    2.000   1.0000          line
190.0000    0    1.000   1.0000          NULL 
191.0000    1    2.000   1.0000          line
193.0000    0    1.500   1.0000          NULL 
194.5000    1    2.000   1.0000          line
196.5000    0    0.500   1.0000          NULL 
197.0000    1    2.000   1.0000          line
199.0000    0    3.500   1.0000          NULL 
202.5000    1    2.000   1.0000          line
204.5000    0    0.500   1.0000          NULL 
205.0000    1    2.000   1.0000          line
207.0000    0    1.500   1.0000          NULL 
208.5000    1    2.000   1.0000          line
210.5000    0    1.500   1.0000          NULL 
212.0000    1    2.000   1.0000          line
214.0000    0    1.500   1.0000          NULL 
215.5000    1    2.000   1.0000          line
217.5000    0    1.000   1.0000          NULL 
218.5000    1    2.000   1.0000          line
220.5000    0    0.500   1.0000          NULL 
221.0000    1    2.000   1.0000          line
223.0000    0    1.000   1.0000          NULL 
224.0000    1    2.000   1.0000          line
226.0000    0    1.000   1.0000          NULL 
227.0000    1    2.000   1.0000          line
229.0000    0    3.000   1.0000          NULL 
232.0000    1    2.000   1.0000          line
234.0000    0    1.000   1.0000          NULL 
235.0000    1    2.000   1.0000          line
237.0000    0    2.000   1.0000          NULL 
239.0000    1    2.000   1.0000          line
241.0000    0    1.000   1.0000          NULL 
242.0000    1    2.000   1.0000          line
244.0000    0    1.000   1.0000          NULL 
245.0000    1    2.000   1.0000          line
247.0000    0    2.000   1.0000          NULL 
249.0000    1    2.000   1.0000          line
251.0000    0    0.500   1.0000          NULL 
251.5000    1    2.000   1.0000          line
253.5000    0    0.500   1.0000          NULL 
254.0000    1    2.000   1.0000          line
256.0000    0    3.000   1.0000          NULL 
259.0000    1    2.000   1.0000          line
261.0000    0    0.500   1.0000          NULL 
261.5000    1    2.000   1.0000          line
263.5000    0    2.500   1.0000          NULL 
266.0000    1    2.000   1.0000          line
268.0000    0    0.500   1.0000          NULL 
268.5000    1    2.000   1.0000          line
270.5000    0    1.500   1.0000          NULL 
272.0000    1    2.000   1.0000          line
274.0000    0    0.500   1.0000          NULL 
274.5000    1    2.000   1.0000          line
276.5000    0    1.000   1.0000          NULL 
277.5000    1    2.000   1.0000          line
279.5000    0    1.000   1.0000          NULL 
280.5000    1    2.000   1.0000          line
282.5000    0    0.500   1.0000          NULL 
283.0000    1    2.000   1.0000          line
285.0000    0    0.500   1.0000          NULL 
285.5000    1    2.000   1.0000          line
287.5000    0    2.500   1.0000          NULL 
290.0000    1    2.000   1.0000          line
292.0000    0    2.500   1.0000          NULL 
294.5000    1    2.000   1.0000          line
296.5000    0    4.000   1.0000          NULL 
300.5000    1    2.000   1.0000          line
302.5000    0    0.500   1.0000          NULL 
303.0000    1    2.000   1.0000          line
305.0000    0    4.000   1.0000          NULL 
309.0000    1    2.000   1.0000          line
311.0000    0    1.500   1.0000          NULL 
312.5000    1    2.000   1.0000          line
314.5000    0    0.500   1.0000          NULL 
315.0000    1    2.000   1.0000          line
317.0000    0    0.500   1.0000          NULL 
317.5000    1    2.000   1.0000          line
319.5000    0    1.500   1.0000          NULL 
321.0000    1    2.000   1.0000          line
323.0000    0    1.500   1.0000          NULL 
324.5000    1    2.000   1.0000          line
326.5000    0    3.000   1.0000          NULL 
329.5000    1    2.000   1.0000          line
331.5000    0    0.500   1.0000          NULL 
332.0000    1    2.000   1.0000          line
334.0000    0    0.500   1.0000          NULL 
334.5000    1    2.000   1.0000          line
336.5000    0    1.000   1.0000          NULL 
337.5000    1    2.000   1.0000          line
339.5000    0    3.000   1.0000          NULL 
342.5000    1    2.000   1.0000          line
344.5000    0    0.500   1.0000          NULL 
345.0000    1    2.000   1.0000          line
347.0000    0    0.500   1.0000          NULL 
347.5000    1    2.000   1.0000          line
349.5000    0    0.500   1.0000          NULL 
350.0000    1    2.000   1.0000          line
352.0000    0    1.500   1.0000          NULL 
353.5000    1    2.000   1.0000          line
355.5000    0    0.500   1.0000          NULL 
356.0000    1    2.000   1.0000          line
358.0000    0    1.500   1.0000          NULL 
359.5000    1    2.000   1.0000          line
361.5000    0    2.000   1.0000          NULL 
363.5000    1    2.000   1.0000          line
365.5000    0    0.500   1.0000          NULL 
366.0000    1    2.000   1.0000          line
368.0000    0    0.500   1.0000          NULL 
368.5000    1    2.000   1.0000          line
370.5000    0    3.500   1.0000          NULL 
374.0000    1    2.000   1.0000          line
376.0000    0    0.500   1.0000          NULL 
376.5000    1    2.000   1.0000          line
378.5000    0    1.000   1.0000          NULL 
379.5000    1    2.000   1.0000          line
381.5000    0    0.500   1.0000          NULL 
382.0000    1    2.000   1.0000          line
384.0000    0    0.500   1.0000          NULL 
384.5000    1    2.000   1.0000          line
386.5000    0    0.500   1.0000          NULL 
387.0000    1    2.000   1.0000          line
389.0000    0    0.500   1.0000          NULL 
389.5000    1    2.000   1.0000          line
391.5000    0    2.500   1.0000          NULL 
394.0000    1    2.000   1.0000          line
396.0000    0    1.000   1.0000          NULL 
397.0000    1    2.000   1.0000          line
399.0000    0    1.000   1.0000          NULL 
