  0.0000    1    2.000   1.0000          line
  2.0000    0    0.500   1.0000          NULL 
  2.5000    1    2.000   1.0000          line
  4.5000    0    2.500   1.0000          NULL 
  7.0000    1    2.000   1.0000          line
  9.0000    0    0.500   1.0000          NULL 
  9.5000    1    2.000   1.0000          line
 11.5000    0    2.000   1.0000          NULL 
 13.5000    1    2.000   1.0000          line
 15.5000    0    0.500   1.0000          NULL 
 16.0000    1    2.000   1.0000          line
 18.0000    0    4.000   1.0000          NULL 
 22.0000    1    2.000   1.0000          line
 24.0000    0    0.500   1.0000          NULL 
 24.5000    1    2.000   1.0000          line
 26.5000    0    0.500   1.0000          NULL 
 27.0000    1    2.000   1.0000          line
 29.0000    0    1.500   1.0000          NULL 
 30.5000    1    2.000   1.0000          line
 32.5000    0    0.500   1.0000          NULL 
 33.0000    1    2.000   1.0000          line
 35.0000    0    1.000   1.0000          NULL 
 36.0000    1    2.000   1.0000          line
 38.0000    0    1.500   1.0000          NULL 
 39.5000    1    2.000   1.0000          line
 41.5000    0    2.500   1.0000          NULL 
 44.0000    1    2.000   1.0000          line
 46.0000    0    0.500   1.0000          NULL 
 46.5000    1    2.000   1.0000          line
 48.5000    0    0.500   1.0000          NULL 
 49.0000    1    2.000   1.0000          line
 51.0000    0    0.500   1.0000          NULL 
 51.5000    1    2.000   1.0000          line
 53.5000    0    0.500   1.0000          NULL 
 54.0000    1    2.000   1.0000          line
 56.0000    0    2.500   1.0000          NULL 
 58.5000    1    2.000   1.0000          line
 60.5000    0    0.500   1.0000          NULL 
 61.0000    1    2.000   1.0000          line
 63.0000    0    3.000   1.0000          NULL 
 66.0000    1    2.000   1.0000          line
 68.0000    0    2.000   1.0000          NULL 
 70.0000    1    2.000   1.0000          line
 72.0000    0    1.500   1.0000          NULL 
 73.5000    1    2.000   1.0000          line
 75.5000    0    0.500   1.0000          NULL 
 76.0000    1    2.000   1.0000          line
 78.0000    0    0.500   1.0000          NULL 
 78.5000    1    2.000   1.0000          line
 80.5000    0    2.500   1.0000          NULL 
 83.0000    1    2.000   1.0000          line
 85.0000    0    2.000   1.0000          NULL 
 87.0000    1    2.000   1.0000          line
 89.0000    0    2.000   1.0000          NULL 
 91.0000    1    2.000   1.0000          line
 93.0000    0    0.500   1.0000          NULL 
 93.5000    1    2.000   1.0000          line
 95.5000    0    0.500   1.0000          NULL 
 96.0000    1    2.000   1.0000          line
 98.0000    0    0.500   1.0000          NULL 
 98.5000    1    2.000   1.0000          line
100.5000    0    3.500   1.0000          NULL 
104.0000    1    2.000   1.0000          line
106.0000    0    1.000   1.0000          NULL 
107.0000    1    2.000   1.0000          line
109.0000    0    1.500   1.0000          NULL 
110.5000    1    2.000   1.0000          line
112.5000    0    0.500   1.0000          NULL 
113.0000    1    2.000   1.0000          line
115.0000    0    0.500   1.0000          NULL 
115.5000    1    2.000   1.0000          line
117.5000    0    0.500   1.0000          NULL 
118.0000    1    2.000   1.0000          line
120.0000    0    1.500   1.0000          NULL 
121.5000    1    2.000   1.0000          line
123.5000    0    0.500   1.0000          NULL 
124.0000    1    2.000   1.0000          line
126.0000    0    1.000   1.0000          NULL 
127.0000    1    2.000   1.0000          line
129.0000    0    1.000   1.0000          NULL 
130.0000    1    2.000   1.0000          line
132.0000    0    2.500   1.0000          NULL 
134.5000    1    2.000   1.0000          line
136.5000    0    0.500   1.0000          NULL 
137.0000    1    2.000   1.0000          line
139.0000    0    0.500   1.0000          NULL 
139.5000    1    2.000   1.0000          line
141.5000    0    1.000   1.0000          NULL 
142.5000    1    2.000   1.0000          line
144.5000    0    2.000   1.0000          NULL 
146.5000    1    2.000   1.0000          line
148.5000    0    0.500   1.0000          NULL 
149.0000    1    2.000   1.0000          line
151.0000    0    1.500   1.0000          NULL 
152.5000    1    2.000   1.0000          line
154.5000    0    1.500   1.0000          NULL 
156.0000    1    2.000   1.0000          line
158.0000    0    0.500   1.0000          NULL 
158.5000    1    2.000   1.0000          line
160.5000    0    0.500   1.0000          NULL 
161.0000    1    2.000   1.0000          line
163.0000    0    1.000   1.0000          NULL 
164.0000    1    2.000   1.0000          line
166.0000    0    2.000   1.0000          NULL 
168.0000    1    2.000   1.0000          line
170.0000    0    1.000   1.0000          NULL 
171.0000    1    2.000   1.0000          line
173.0000    0    1.000   1.0000          NULL 
174.0000    1    2.000   1.0000          line
176.0000    0    1.500   1.0000          NULL 
177.5000    1    2.000   1.0000          line
179.5000    0    1.500   1.0000          NULL 
181.0000    1    2.000   1.0000          line
183.0000    0    1.500   1.0000          NULL 
184.5000    1    2.000   1.0000          line
186.5000    0    4.000   1.0000          NULL 
190.5000    1    2.000   1.0000          line
192.5000    0    1.000   1.0000          NULL 
193.5000    1    2.000   1.0000          line
195.5000    0    1.000   1.0000          NULL 
196.5000    1    2.000   1.0000          line
198.5000    0    1.500   1.0000          NULL 
200.0000    1    2.000   1.0000          line
202.0000    0    2.500   1.0000          NULL 
204.5000    1    2.000   1.0000          line
206.5000    0    2.500   1.0000          NULL 
209.0000    1    2.000   1.0000          line
211.0000    0    0.500   1.0000          NULL 
211.5000    1    2.000   1.0000          line
213.5000    0    0.500   1.0000          NULL 
214.0000    1    2.000   1.0000          line
216.0000    0    0.500   1.0000          NULL 
216.5000    1    2.000   1.0000          line
218.5000    0    2.000   1.0000          NULL 
220.5000    1    2.000   1.0000          line
222.5000    0    1.500   1.0000          NULL 
224.0000    1    2.000   1.0000          line
226.0000    0    0.500   1.0000          NULL 
226.5000    1    2.000   1.0000          line
228.5000    0    1.000   1.0000          NULL 
229.5000    1    2.000   1.0000          line
231.5000    0    1.500   1.0000          NULL 
233.0000    1    2.000   1.0000          line
235.0000    0    2.500   1.0000          NULL 
237.5000    1    2.000   1.0000          line
239.5000    0    1.000   1.0000          NULL 
240.5000    1    2.000   1.0000          line
242.5000    0    3.000   1.0000          NULL 
245.5000    1    2.000   1.0000          line
247.5000    0    1.000   1.0000          NULL 
248.5000    1    2.000   1.0000          line
250.5000    0    0.500   1.0000          NULL 
251.0000    1    2.000   1.0000          line
253.0000    0    2.000   1.0000          NULL 
255.0000    1    2.000   1.0000          line
257.0000    0    2.500   1.0000          NULL 
259.5000    1    2.000   1.0000          line
261.5000    0    3.000   1.0000          NULL 
264.5000    1    2.000   1.0000          line
266.5000    0    0.500   1.0000          NULL 
267.0000    1    2.000   1.0000          line
269.0000    0    0.500   1.0000          NULL 
269.5000    1    2.000   1.0000          line
271.5000    0    2.000   1.0000          NULL 
273.5000    1    2.000   1.0000          line
275.5000    0    2.500   1.0000          NULL 
278.0000    1    2.000   1.0000          line
280.0000    0    0.500   1.0000          NULL 
280.5000    1    2.000   1.0000          line
282.5000    0    1.000   1.0000          NULL 
283.5000    1    2.000   1.0000          line
285.5000    0    0.500   1.0000          NULL 
286.0000    1    2.000   1.0000          line
288.0000    0    2.500   1.0000          NULL 
290.5000    1    2.000   1.0000          line
292.5000    0    1.000   1.0000          NULL 
293.5000    1    2.000   1.0000          line
295.5000    0    1.500   1.0000          NULL 
297.0000    1    2.000   1.0000          line
299.0000    0    1.000   1.0000          NULL 
300.0000    1    2.000   1.0000          line
302.0000    0    1.500   1.0000          NULL 
303.5000    1    2.000   1.0000          line
305.5000    0    1.500   1.0000          NULL 
307.0000    1    2.000   1.0000          line
309.0000    0    2.500   1.0000          NULL 
311.5000    1    2.000   1.0000          line
313.5000    0    3.000   1.0000          NULL 
316.5000    1    2.000   1.0000          line
318.5000    0    0.500   1.0000          NULL 
319.0000    1    2.000   1.0000          line
321.0000    0    1.000   1.0000          NULL 
322.0000    1    2.000   1.0000          line
324.0000    0    0.500   1.0000          NULL 
324.5000    1    2.000   1.0000          line
326.5000    0    1.000   1.0000          NULL 
327.5000    1    2.000   1.0000          line
329.5000    0    4.000   1.0000          NULL 
333.5000    1    2.000   1.0000          line
335.5000    0    1.000   1.0000          NULL 
336.5000    1    2.000   1.0000          line
338.5000    0    0.500   1.0000          NULL 
339.0000    1    2.000   1.0000          line
341.0000    0    3.000   1.0000          NULL 
344.0000    1    2.000   1.0000          line
346.0000    0    1.000   1.0000          NULL 
347.0000    1    2.000   1.0000          line
349.0000    0    1.000   1.0000          NULL 
350.0000    1    2.000   1.0000          line
352.0000    0    1.000   1.0000          NULL 
353.0000    1    2.000   1.0000          line
355.0000    0    1.500   1.0000          NULL 
356.5000    1    2.000   1.0000          line
358.5000    0    1.000   1.0000          NULL 
359.5000    1    2.000   1.0000          line
361.5000    0    0.500   1.0000          NULL 
362.0000    1    2.000   1.0000          line
364.0000    0    1.000   1.0000          NULL 
365.0000    1    2.000   1.0000          line
367.0000    0    2.000   1.0000          NULL 
369.0000    1    2.000   1.0000          line
371.0000    0    0.500   1.0000          NULL 
371.5000    1    2.000   1.0000          line
373.5000    0    0.500   1.0000          NULL 
374.0000    1    2.000   1.0000          line
376.0000    0    1.000   1.0000          NULL 
377.0000    1    2.000   1.0000          line
379.0000    0    2.000   1.0000          NULL 
381.0000    1    2.000   1.0000          line
383.0000    0    1.000   1.0000          NULL 
384.0000    1    2.000   1.0000          line
386.0000    0    1.000   1.0000          NULL 
387.0000    1    2.000   1.0000          line
389.0000    0    1.000   1.0000          NULL 
390.0000    1    2.000   1.0000          line
392.0000    0    0.500   1.0000          NULL 
392.5000    1    2.000   1.0000          line
394.5000    0    0.500   1.0000          NULL 
395.0000    1    2.000   1.0000          line
397.0000    0    3.000   1.0000          NULL 
