  0.0000    1    2.000   1.0000          line
  2.0000    0    1.000   1.0000          NULL 
  3.0000    1    2.000   1.0000          line
  5.0000    0    1.000   1.0000          NULL 
  6.0000    1    2.000   1.0000          line
  8.0000    0    1.000   1.0000          NULL 
  9.0000    1    2.000   1.0000          line
 11.0000    0    2.000   1.0000          NULL 
 13.0000    1    2.000   1.0000          line
 15.0000    0    1.100   1.0000          NULL 
 16.1000    1    2.000   1.0000          line
 18.1000    0    1.000   1.0000          NULL 
 19.1000    1    2.000   1.0000          line
 21.1000    0    1.400   1.0000          NULL 
 22.5000    1    2.000   1.0000          line
 24.5000    0    1.900   1.0000          NULL 
 26.4000    1    2.000   1.0000          line
 28.4000    0    1.000   1.0000          NULL 
 29.4000    1    2.000   1.0000          line
 31.4000    0    1.300   1.0000          NULL 
 32.7000    1    2.000   1.0000          line
 34.7000    0    1.100   1.0000          NULL 
 35.8000    1    2.000   1.0000          line
 37.8000    0    2.000   1.0000          NULL 
 39.8000    1    2.000   1.0000          line
 41.8000    0    1.100   1.0000          NULL 
 42.9000    1    2.000   1.0000          line
 44.9000    0    1.300   1.0000          NULL 
 46.2000    1    2.000   1.0000          line
 48.2000    0    1.500   1.0000          NULL 
 49.7000    1    2.000   1.0000          line
 51.7000    0    1.000   1.0000          NULL 
 52.7000    1    2.000   1.0000          line
 54.7000    0    1.000   1.0000          NULL 
 55.7000    1    2.000   1.0000          line
 57.7000    0    1.100   1.0000          NULL 
 58.8000    1    2.000   1.0000          line
 60.8000    0    1.200   1.0000          NULL 
 62.0000    1    2.000   1.0000          line
 64.0000    0    1.500   1.0000          NULL 
 65.5000    1    2.000   1.0000          line
 67.5000    0    1.200   1.0000          NULL 
 68.7000    1    2.000   1.0000          line
 70.7000    0    1.100   1.0000          NULL 
 71.8000    1    2.000   1.0000          line
 73.8000    0    1.100   1.0000          NULL 
 74.9000    1    2.000   1.0000          line
 76.9000    0    1.100   1.0000          NULL 
 78.0000    1    2.000   1.0000          line
 80.0000    0    1.800   1.0000          NULL 
 81.7999    1    2.000   1.0000          line
 83.7999    0    1.000   1.0000          NULL 
 84.7999    1    2.000   1.0000          line
 86.7999    0    1.000   1.0000          NULL 
 87.7999    1    2.000   1.0000          line
 89.7999    0    1.900   1.0000          NULL 
 91.6999    1    2.000   1.0000          line
 93.6999    0    1.000   1.0000          NULL 
 94.6999    1    2.000   1.0000          line
 96.6999    0    1.300   1.0000          NULL 
 97.9999    1    2.000   1.0000          line
 99.9999    0    1.900   1.0000          NULL 
101.8999    1    2.000   1.0000          line
103.8999    0    1.400   1.0000          NULL 
105.2999    1    2.000   1.0000          line
107.2999    0    1.000   1.0000          NULL 
108.2999    1    2.000   1.0000          line
110.2999    0    1.100   1.0000          NULL 
111.3999    1    2.000   1.0000          line
113.3999    0    1.000   1.0000          NULL 
114.3999    1    2.000   1.0000          line
116.3999    0    1.000   1.0000          NULL 
117.3999    1    2.000   1.0000          line
119.3999    0    1.100   1.0000          NULL 
120.4999    1    2.000   1.0000          line
122.4999    0    1.200   1.0000          NULL 
123.6999    1    2.000   1.0000          line
125.6999    0    1.300   1.0000          NULL 
126.9999    1    2.000   1.0000          line
128.9999    0    1.000   1.0000          NULL 
