  0.0000    1    2.000   1.0000          line
  2.0000    0    0.500   1.0000          NULL 
  2.5000    1    2.000   1.0000          line
  4.5000    0    0.500   1.0000          NULL 
  5.0000    1    2.000   1.0000          line
  7.0000    0    1.000   1.0000          NULL 
  8.0000    1    2.000   1.0000          line
 10.0000    0    1.000   1.0000          NULL 
 11.0000    1    2.000   1.0000          line
 13.0000    0    2.000   1.0000          NULL 
 15.0000    1    2.000   1.0000          line
 17.0000    0    3.500   1.0000          NULL 
 20.5000    1    2.000   1.0000          line
 22.5000    0    1.000   1.0000          NULL 
 23.5000    1    2.000   1.0000          line
 25.5000    0    0.500   1.0000          NULL 
 26.0000    1    2.000   1.0000          line
 28.0000    0    3.500   1.0000          NULL 
 31.5000    1    2.000   1.0000          line
 33.5000    0    1.500   1.0000          NULL 
 35.0000    1    2.000   1.0000          line
 37.0000    0    1.000   1.0000          NULL 
 38.0000    1    2.000   1.0000          line
 40.0000    0    0.500   1.0000          NULL 
 40.5000    1    2.000   1.0000          line
 42.5000    0    1.000   1.0000          NULL 
 43.5000    1    2.000   1.0000          line
 45.5000    0    1.000   1.0000          NULL 
 46.5000    1    2.000   1.0000          line
 48.5000    0    3.000   1.0000          NULL 
 51.5000    1    2.000   1.0000          line
 53.5000    0    3.500   1.0000          NULL 
 57.0000    1    2.000   1.0000          line
 59.0000    0    1.500   1.0000          NULL 
 60.5000    1    2.000   1.0000          line
 62.5000    0    0.500   1.0000          NULL 
 63.0000    1    2.000   1.0000          line
 65.0000    0    0.500   1.0000          NULL 
 65.5000    1    2.000   1.0000          line
 67.5000    0    1.000   1.0000          NULL 
 68.5000    1    2.000   1.0000          line
 70.5000    0    1.500   1.0000          NULL 
 72.0000    1    2.000   1.0000          line
 74.0000    0    1.000   1.0000          NULL 
 75.0000    1    2.000   1.0000          line
 77.0000    0    0.500   1.0000          NULL 
 77.5000    1    2.000   1.0000          line
 79.5000    0    0.500   1.0000          NULL 
 80.0000    1    2.000   1.0000          line
 82.0000    0    0.500   1.0000          NULL 
 82.5000    1    2.000   1.0000          line
 84.5000    0    0.500   1.0000          NULL 
 85.0000    1    2.000   1.0000          line
 87.0000    0    0.500   1.0000          NULL 
 87.5000    1    2.000   1.0000          line
 89.5000    0    1.000   1.0000          NULL 
 90.5000    1    2.000   1.0000          line
 92.5000    0    0.500   1.0000          NULL 
 93.0000    1    2.000   1.0000          line
 95.0000    0    0.500   1.0000          NULL 
 95.5000    1    2.000   1.0000          line
 97.5000    0    0.500   1.0000          NULL 
 98.0000    1    2.000   1.0000          line
100.0000    0    0.500   1.0000          NULL 
100.5000    1    2.000   1.0000          line
102.5000    0    1.000   1.0000          NULL 
103.5000    1    2.000   1.0000          line
105.5000    0    0.500   1.0000          NULL 
106.0000    1    2.000   1.0000          line
108.0000    0    0.500   1.0000          NULL 
108.5000    1    2.000   1.0000          line
110.5000    0    0.500   1.0000          NULL 
111.0000    1    2.000   1.0000          line
113.0000    0    1.500   1.0000          NULL 
114.5000    1    2.000   1.0000          line
116.5000    0    2.500   1.0000          NULL 
119.0000    1    2.000   1.0000          line
121.0000    0    0.500   1.0000          NULL 
121.5000    1    2.000   1.0000          line
123.5000    0    1.000   1.0000          NULL 
124.5000    1    2.000   1.0000          line
126.5000    0    1.500   1.0000          NULL 
128.0000    1    2.000   1.0000          line
130.0000    0    2.000   1.0000          NULL 
132.0000    1    2.000   1.0000          line
134.0000    0    0.500   1.0000          NULL 
134.5000    1    2.000   1.0000          line
136.5000    0    3.000   1.0000          NULL 
139.5000    1    2.000   1.0000          line
141.5000    0    3.000   1.0000          NULL 
144.5000    1    2.000   1.0000          line
146.5000    0    3.000   1.0000          NULL 
149.5000    1    2.000   1.0000          line
151.5000    0    3.000   1.0000          NULL 
154.5000    1    2.000   1.0000          line
156.5000    0    1.000   1.0000          NULL 
157.5000    1    2.000   1.0000          line
159.5000    0    0.500   1.0000          NULL 
160.0000    1    2.000   1.0000          line
162.0000    0    0.500   1.0000          NULL 
162.5000    1    2.000   1.0000          line
164.5000    0    4.000   1.0000          NULL 
168.5000    1    2.000   1.0000          line
170.5000    0    3.000   1.0000          NULL 
173.5000    1    2.000   1.0000          line
175.5000    0    0.500   1.0000          NULL 
176.0000    1    2.000   1.0000          line
178.0000    0    3.500   1.0000          NULL 
181.5000    1    2.000   1.0000          line
183.5000    0    0.500   1.0000          NULL 
184.0000    1    2.000   1.0000          line
186.0000    0    0.500   1.0000          NULL 
186.5000    1    2.000   1.0000          line
188.5000    0    0.500   1.0000          NULL 
189.0000    1    2.000   1.0000          line
191.0000    0    0.500   1.0000          NULL 
191.5000    1    2.000   1.0000          line
193.5000    0    1.500   1.0000          NULL 
195.0000    1    2.000   1.0000          line
197.0000    0    2.500   1.0000          NULL 
199.5000    1    2.000   1.0000          line
201.5000    0    2.000   1.0000          NULL 
203.5000    1    2.000   1.0000          line
205.5000    0    0.500   1.0000          NULL 
206.0000    1    2.000   1.0000          line
208.0000    0    3.000   1.0000          NULL 
211.0000    1    2.000   1.0000          line
213.0000    0    0.500   1.0000          NULL 
213.5000    1    2.000   1.0000          line
215.5000    0    1.000   1.0000          NULL 
216.5000    1    2.000   1.0000          line
218.5000    0    1.000   1.0000          NULL 
219.5000    1    2.000   1.0000          line
221.5000    0    1.000   1.0000          NULL 
222.5000    1    2.000   1.0000          line
224.5000    0    0.500   1.0000          NULL 
225.0000    1    2.000   1.0000          line
227.0000    0    2.500   1.0000          NULL 
229.5000    1    2.000   1.0000          line
231.5000    0    1.000   1.0000          NULL 
232.5000    1    2.000   1.0000          line
234.5000    0    0.500   1.0000          NULL 
235.0000    1    2.000   1.0000          line
237.0000    0    0.500   1.0000          NULL 
237.5000    1    2.000   1.0000          line
239.5000    0    2.000   1.0000          NULL 
241.5000    1    2.000   1.0000          line
243.5000    0    1.500   1.0000          NULL 
245.0000    1    2.000   1.0000          line
247.0000    0    0.500   1.0000          NULL 
247.5000    1    2.000   1.0000          line
249.5000    0    0.500   1.0000          NULL 
250.0000    1    2.000   1.0000          line
252.0000    0    1.500   1.0000          NULL 
253.5000    1    2.000   1.0000          line
255.5000    0    0.500   1.0000          NULL 
256.0000    1    2.000   1.0000          line
258.0000    0    2.000   1.0000          NULL 
260.0000    1    2.000   1.0000          line
262.0000    0    2.000   1.0000          NULL 
264.0000    1    2.000   1.0000          line
266.0000    0    2.500   1.0000          NULL 
268.5000    1    2.000   1.0000          line
270.5000    0    1.500   1.0000          NULL 
272.0000    1    2.000   1.0000          line
274.0000    0    0.500   1.0000          NULL 
274.5000    1    2.000   1.0000          line
276.5000    0    0.500   1.0000          NULL 
277.0000    1    2.000   1.0000          line
279.0000    0    3.000   1.0000          NULL 
282.0000    1    2.000   1.0000          line
284.0000    0    1.000   1.0000          NULL 
285.0000    1    2.000   1.0000          line
287.0000    0    1.000   1.0000          NULL 
288.0000    1    2.000   1.0000          line
290.0000    0    0.500   1.0000          NULL 
290.5000    1    2.000   1.0000          line
292.5000    0    1.000   1.0000          NULL 
293.5000    1    2.000   1.0000          line
295.5000    0    0.500   1.0000          NULL 
296.0000    1    2.000   1.0000          line
298.0000    0    1.000   1.0000          NULL 
299.0000    1    2.000   1.0000          line
301.0000    0    3.500   1.0000          NULL 
304.5000    1    2.000   1.0000          line
306.5000    0    0.500   1.0000          NULL 
307.0000    1    2.000   1.0000          line
309.0000    0    3.000   1.0000          NULL 
312.0000    1    2.000   1.0000          line
314.0000    0    0.500   1.0000          NULL 
314.5000    1    2.000   1.0000          line
316.5000    0    4.000   1.0000          NULL 
320.5000    1    2.000   1.0000          line
322.5000    0    0.500   1.0000          NULL 
323.0000    1    2.000   1.0000          line
325.0000    0    0.500   1.0000          NULL 
325.5000    1    2.000   1.0000          line
327.5000    0    4.000   1.0000          NULL 
331.5000    1    2.000   1.0000          line
333.5000    0    0.500   1.0000          NULL 
334.0000    1    2.000   1.0000          line
336.0000    0    0.500   1.0000          NULL 
336.5000    1    2.000   1.0000          line
338.5000    0    2.000   1.0000          NULL 
340.5000    1    2.000   1.0000          line
342.5000    0    0.500   1.0000          NULL 
343.0000    1    2.000   1.0000          line
345.0000    0    0.500   1.0000          NULL 
345.5000    1    2.000   1.0000          line
347.5000    0    3.000   1.0000          NULL 
350.5000    1    2.000   1.0000          line
352.5000    0    0.500   1.0000          NULL 
353.0000    1    2.000   1.0000          line
355.0000    0    0.500   1.0000          NULL 
355.5000    1    2.000   1.0000          line
357.5000    0    1.000   1.0000          NULL 
358.5000    1    2.000   1.0000          line
360.5000    0    0.500   1.0000          NULL 
361.0000    1    2.000   1.0000          line
363.0000    0    1.500   1.0000          NULL 
364.5000    1    2.000   1.0000          line
366.5000    0    2.500   1.0000          NULL 
369.0000    1    2.000   1.0000          line
371.0000    0    1.500   1.0000          NULL 
372.5000    1    2.000   1.0000          line
374.5000    0    0.500   1.0000          NULL 
375.0000    1    2.000   1.0000          line
377.0000    0    0.500   1.0000          NULL 
377.5000    1    2.000   1.0000          line
379.5000    0    1.000   1.0000          NULL 
380.5000    1    2.000   1.0000          line
382.5000    0    3.500   1.0000          NULL 
386.0000    1    2.000   1.0000          line
388.0000    0    2.000   1.0000          NULL 
390.0000    1    2.000   1.0000          line
392.0000    0    1.000   1.0000          NULL 
393.0000    1    2.000   1.0000          line
395.0000    0    1.000   1.0000          NULL 
396.0000    1    2.000   1.0000          line
398.0000    0    2.000   1.0000          NULL 
