  0.0000    1    2.000   1.0000          line
  2.0000    0    0.500   1.0000          NULL 
  2.5000    1    2.000   1.0000          line
  4.5000    0    0.500   1.0000          NULL 
  5.0000    1    2.000   1.0000          line
  7.0000    0    1.500   1.0000          NULL 
  8.5000    1    2.000   1.0000          line
 10.5000    0    2.500   1.0000          NULL 
 13.0000    1    2.000   1.0000          line
 15.0000    0    1.000   1.0000          NULL 
 16.0000    1    2.000   1.0000          line
 18.0000    0    1.000   1.0000          NULL 
 19.0000    1    2.000   1.0000          line
 21.0000    0    1.500   1.0000          NULL 
 22.5000    1    2.000   1.0000          line
 24.5000    0    0.500   1.0000          NULL 
 25.0000    1    2.000   1.0000          line
 27.0000    0    1.000   1.0000          NULL 
 28.0000    1    2.000   1.0000          line
 30.0000    0    1.000   1.0000          NULL 
 31.0000    1    2.000   1.0000          line
 33.0000    0    1.500   1.0000          NULL 
 34.5000    1    2.000   1.0000          line
 36.5000    0    0.500   1.0000          NULL 
 37.0000    1    2.000   1.0000          line
 39.0000    0    1.000   1.0000          NULL 
 40.0000    1    2.000   1.0000          line
 42.0000    0    2.500   1.0000          NULL 
 44.5000    1    2.000   1.0000          line
 46.5000    0    1.500   1.0000          NULL 
 48.0000    1    2.000   1.0000          line
 50.0000    0    0.500   1.0000          NULL 
 50.5000    1    2.000   1.0000          line
 52.5000    0    0.500   1.0000          NULL 
 53.0000    1    2.000   1.0000          line
 55.0000    0    0.500   1.0000          NULL 
 55.5000    1    2.000   1.0000          line
 57.5000    0    1.500   1.0000          NULL 
 59.0000    1    2.000   1.0000          line
 61.0000    0    1.000   1.0000          NULL 
 62.0000    1    2.000   1.0000          line
 64.0000    0    3.000   1.0000          NULL 
 67.0000    1    2.000   1.0000          line
 69.0000    0    2.000   1.0000          NULL 
 71.0000    1    2.000   1.0000          line
 73.0000    0    1.500   1.0000          NULL 
 74.5000    1    2.000   1.0000          line
 76.5000    0    1.500   1.0000          NULL 
 78.0000    1    2.000   1.0000          line
 80.0000    0    2.500   1.0000          NULL 
 82.5000    1    2.000   1.0000          line
 84.5000    0    1.000   1.0000          NULL 
 85.5000    1    2.000   1.0000          line
 87.5000    0    1.500   1.0000          NULL 
 89.0000    1    2.000   1.0000          line
 91.0000    0    1.000   1.0000          NULL 
 92.0000    1    2.000   1.0000          line
 94.0000    0    0.500   1.0000          NULL 
 94.5000    1    2.000   1.0000          line
 96.5000    0    1.000   1.0000          NULL 
 97.5000    1    2.000   1.0000          line
 99.5000    0    1.500   1.0000          NULL 
101.0000    1    2.000   1.0000          line
103.0000    0    0.500   1.0000          NULL 
103.5000    1    2.000   1.0000          line
105.5000    0    2.500   1.0000          NULL 
108.0000    1    2.000   1.0000          line
110.0000    0    0.500   1.0000          NULL 
110.5000    1    2.000   1.0000          line
112.5000    0    2.000   1.0000          NULL 
114.5000    1    2.000   1.0000          line
116.5000    0    0.500   1.0000          NULL 
117.0000    1    2.000   1.0000          line
119.0000    0    0.500   1.0000          NULL 
119.5000    1    2.000   1.0000          line
121.5000    0    1.000   1.0000          NULL 
122.5000    1    2.000   1.0000          line
124.5000    0    3.500   1.0000          NULL 
128.0000    1    2.000   1.0000          line
130.0000    0    2.500   1.0000          NULL 
132.5000    1    2.000   1.0000          line
134.5000    0    3.500   1.0000          NULL 
138.0000    1    2.000   1.0000          line
140.0000    0    1.000   1.0000          NULL 
141.0000    1    2.000   1.0000          line
143.0000    0    1.000   1.0000          NULL 
144.0000    1    2.000   1.0000          line
146.0000    0    0.500   1.0000          NULL 
146.5000    1    2.000   1.0000          line
148.5000    0    0.500   1.0000          NULL 
149.0000    1    2.000   1.0000          line
151.0000    0    3.500   1.0000          NULL 
154.5000    1    2.000   1.0000          line
156.5000    0    1.000   1.0000          NULL 
157.5000    1    2.000   1.0000          line
159.5000    0    0.500   1.0000          NULL 
160.0000    1    2.000   1.0000          line
162.0000    0    0.500   1.0000          NULL 
162.5000    1    2.000   1.0000          line
164.5000    0    1.000   1.0000          NULL 
165.5000    1    2.000   1.0000          line
167.5000    0    2.500   1.0000          NULL 
170.0000    1    2.000   1.0000          line
172.0000    0    2.500   1.0000          NULL 
174.5000    1    2.000   1.0000          line
176.5000    0    1.000   1.0000          NULL 
177.5000    1    2.000   1.0000          line
179.5000    0    0.500   1.0000          NULL 
180.0000    1    2.000   1.0000          line
182.0000    0    2.500   1.0000          NULL 
184.5000    1    2.000   1.0000          line
186.5000    0    0.500   1.0000          NULL 
187.0000    1    2.000   1.0000          line
189.0000    0    0.500   1.0000          NULL 
189.5000    1    2.000   1.0000          line
191.5000    0    0.500   1.0000          NULL 
192.0000    1    2.000   1.0000          line
194.0000    0    3.500   1.0000          NULL 
197.5000    1    2.000   1.0000          line
199.5000    0    2.000   1.0000          NULL 
201.5000    1    2.000   1.0000          line
203.5000    0    4.000   1.0000          NULL 
207.5000    1    2.000   1.0000          line
209.5000    0    0.500   1.0000          NULL 
210.0000    1    2.000   1.0000          line
212.0000    0    2.000   1.0000          NULL 
214.0000    1    2.000   1.0000          line
216.0000    0    2.000   1.0000          NULL 
218.0000    1    2.000   1.0000          line
220.0000    0    1.500   1.0000          NULL 
221.5000    1    2.000   1.0000          line
223.5000    0    0.500   1.0000          NULL 
224.0000    1    2.000   1.0000          line
226.0000    0    1.000   1.0000          NULL 
227.0000    1    2.000   1.0000          line
229.0000    0    2.000   1.0000          NULL 
231.0000    1    2.000   1.0000          line
233.0000    0    1.000   1.0000          NULL 
234.0000    1    2.000   1.0000          line
236.0000    0    1.000   1.0000          NULL 
237.0000    1    2.000   1.0000          line
239.0000    0    0.500   1.0000          NULL 
239.5000    1    2.000   1.0000          line
241.5000    0    0.500   1.0000          NULL 
242.0000    1    2.000   1.0000          line
244.0000    0    0.500   1.0000          NULL 
244.5000    1    2.000   1.0000          line
246.5000    0    2.500   1.0000          NULL 
249.0000    1    2.000   1.0000          line
251.0000    0    3.000   1.0000          NULL 
254.0000    1    2.000   1.0000          line
256.0000    0    1.500   1.0000          NULL 
257.5000    1    2.000   1.0000          line
259.5000    0    3.000   1.0000          NULL 
262.5000    1    2.000   1.0000          line
264.5000    0    0.500   1.0000          NULL 
265.0000    1    2.000   1.0000          line
267.0000    0    0.500   1.0000          NULL 
267.5000    1    2.000   1.0000          line
269.5000    0    1.500   1.0000          NULL 
271.0000    1    2.000   1.0000          line
273.0000    0    2.000   1.0000          NULL 
275.0000    1    2.000   1.0000          line
277.0000    0    1.000   1.0000          NULL 
278.0000    1    2.000   1.0000          line
280.0000    0    3.500   1.0000          NULL 
283.5000    1    2.000   1.0000          line
285.5000    0    1.000   1.0000          NULL 
286.5000    1    2.000   1.0000          line
288.5000    0    0.500   1.0000          NULL 
289.0000    1    2.000   1.0000          line
291.0000    0    0.500   1.0000          NULL 
291.5000    1    2.000   1.0000          line
293.5000    0    3.500   1.0000          NULL 
297.0000    1    2.000   1.0000          line
299.0000    0    0.500   1.0000          NULL 
299.5000    1    2.000   1.0000          line
301.5000    0    0.500   1.0000          NULL 
302.0000    1    2.000   1.0000          line
304.0000    0    0.500   1.0000          NULL 
304.5000    1    2.000   1.0000          line
306.5000    0    1.500   1.0000          NULL 
308.0000    1    2.000   1.0000          line
310.0000    0    1.500   1.0000          NULL 
311.5000    1    2.000   1.0000          line
313.5000    0    0.500   1.0000          NULL 
314.0000    1    2.000   1.0000          line
316.0000    0    1.000   1.0000          NULL 
317.0000    1    2.000   1.0000          line
319.0000    0    0.500   1.0000          NULL 
319.5000    1    2.000   1.0000          line
321.5000    0    2.000   1.0000          NULL 
323.5000    1    2.000   1.0000          line
325.5000    0    1.500   1.0000          NULL 
327.0000    1    2.000   1.0000          line
329.0000    0    1.000   1.0000          NULL 
330.0000    1    2.000   1.0000          line
332.0000    0    2.500   1.0000          NULL 
334.5000    1    2.000   1.0000          line
336.5000    0    0.500   1.0000          NULL 
337.0000    1    2.000   1.0000          line
339.0000    0    0.500   1.0000          NULL 
339.5000    1    2.000   1.0000          line
341.5000    0    0.500   1.0000          NULL 
342.0000    1    2.000   1.0000          line
344.0000    0    0.500   1.0000          NULL 
344.5000    1    2.000   1.0000          line
346.5000    0    1.500   1.0000          NULL 
348.0000    1    2.000   1.0000          line
350.0000    0    1.000   1.0000          NULL 
351.0000    1    2.000   1.0000          line
353.0000    0    0.500   1.0000          NULL 
353.5000    1    2.000   1.0000          line
355.5000    0    1.000   1.0000          NULL 
356.5000    1    2.000   1.0000          line
358.5000    0    2.000   1.0000          NULL 
360.5000    1    2.000   1.0000          line
362.5000    0    2.000   1.0000          NULL 
364.5000    1    2.000   1.0000          line
366.5000    0    0.500   1.0000          NULL 
367.0000    1    2.000   1.0000          line
369.0000    0    3.000   1.0000          NULL 
372.0000    1    2.000   1.0000          line
374.0000    0    0.500   1.0000          NULL 
374.5000    1    2.000   1.0000          line
376.5000    0    3.500   1.0000          NULL 
380.0000    1    2.000   1.0000          line
382.0000    0    1.000   1.0000          NULL 
383.0000    1    2.000   1.0000          line
385.0000    0    1.500   1.0000          NULL 
386.5000    1    2.000   1.0000          line
388.5000    0    1.000   1.0000          NULL 
389.5000    1    2.000   1.0000          line
391.5000    0    0.500   1.0000          NULL 
392.0000    1    2.000   1.0000          line
394.0000    0    1.000   1.0000          NULL 
395.0000    1    2.000   1.0000          line
397.0000    0    0.500   1.0000          NULL 
397.5000    1    2.000   1.0000          line
399.5000    0    0.500   1.0000          NULL 
