  0.0000    1    2.000   1.0000          line
  2.0000    0    1.200   1.0000          NULL 
  3.2000    1    2.000   1.0000          line
  5.2000    0    1.000   1.0000          NULL 
  6.2000    1    2.000   1.0000          line
  8.2000    0    2.000   1.0000          NULL 
 10.2000    1    2.000   1.0000          line
 12.2000    0    1.000   1.0000          NULL 
 13.2000    1    2.000   1.0000          line
 15.2000    0    1.900   1.0000          NULL 
 17.1000    1    2.000   1.0000          line
 19.1000    0    1.100   1.0000          NULL 
 20.2000    1    2.000   1.0000          line
 22.2000    0    1.100   1.0000          NULL 
 23.3000    1    2.000   1.0000          line
 25.3000    0    1.000   1.0000          NULL 
 26.3000    1    2.000   1.0000          line
 28.3000    0    1.600   1.0000          NULL 
 29.9000    1    2.000   1.0000          line
 31.9000    0    1.000   1.0000          NULL 
 32.9000    1    2.000   1.0000          line
 34.9000    0    1.000   1.0000          NULL 
 35.9000    1    2.000   1.0000          line
 37.9000    0    1.300   1.0000          NULL 
 39.2000    1    2.000   1.0000          line
 41.2000    0    1.200   1.0000          NULL 
 42.4000    1    2.000   1.0000          line
 44.4000    0    1.000   1.0000          NULL 
 45.4000    1    2.000   1.0000          line
 47.4000    0    2.000   1.0000          NULL 
 49.4000    1    2.000   1.0000          line
 51.4000    0    1.200   1.0000          NULL 
 52.6000    1    2.000   1.0000          line
 54.6000    0    1.100   1.0000          NULL 
 55.7000    1    2.000   1.0000          line
 57.7000    0    1.000   1.0000          NULL 
 58.7000    1    2.000   1.0000          line
 60.7000    0    1.100   1.0000          NULL 
 61.8000    1    2.000   1.0000          line
 63.8000    0    1.600   1.0000          NULL 
 65.4000    1    2.000   1.0000          line
 67.4000    0    1.000   1.0000          NULL 
 68.4000    1    2.000   1.0000          line
 70.4000    0    1.100   1.0000          NULL 
 71.5000    1    2.000   1.0000          line
 73.5000    0    1.300   1.0000          NULL 
 74.8000    1    2.000   1.0000          line
 76.8000    0    1.000   1.0000          NULL 
 77.8000    1    2.000   1.0000          line
 79.8000    0    1.100   1.0000          NULL 
 80.9000    1    2.000   1.0000          line
 82.9000    0    1.200   1.0000          NULL 
 84.1000    1    2.000   1.0000          line
 86.1000    0    1.300   1.0000          NULL 
 87.4000    1    2.000   1.0000          line
 89.4000    0    1.100   1.0000          NULL 
 90.5000    1    2.000   1.0000          line
 92.5000    0    1.500   1.0000          NULL 
 93.9999    1    2.000   1.0000          line
 95.9999    0    1.800   1.0000          NULL 
 97.7999    1    2.000   1.0000          line
 99.7999    0    1.300   1.0000          NULL 
101.0999    1    2.000   1.0000          line
103.0999    0    1.000   1.0000          NULL 
104.0999    1    2.000   1.0000          line
106.0999    0    1.000   1.0000          NULL 
107.0999    1    2.000   1.0000          line
109.0999    0    1.600   1.0000          NULL 
110.6999    1    2.000   1.0000          line
112.6999    0    1.100   1.0000          NULL 
113.7999    1    2.000   1.0000          line
115.7999    0    1.600   1.0000          NULL 
117.3999    1    2.000   1.0000          line
119.3999    0    1.000   1.0000          NULL 
120.3999    1    2.000   1.0000          line
122.3999    0    1.100   1.0000          NULL 
123.4999    1    2.000   1.0000          line
125.4999    0    1.500   1.0000          NULL 
126.9999    1    2.000   1.0000          line
128.9999    0    1.000   1.0000          NULL 
