  0.0000    1    2.000   1.0000          line
  2.0000    0    1.000   1.0000          NULL 
  3.0000    1    2.000   1.0000          line
  5.0000    0    1.000   1.0000          NULL 
  6.0000    1    2.000   1.0000          line
  8.0000    0    1.800   1.0000          NULL 
  9.8000    1    2.000   1.0000          line
 11.8000    0    1.000   1.0000          NULL 
 12.8000    1    2.000   1.0000          line
 14.8000    0    1.200   1.0000          NULL 
 16.0000    1    2.000   1.0000          line
 18.0000    0    1.600   1.0000          NULL 
 19.6000    1    2.000   1.0000          line
 21.6000    0    1.300   1.0000          NULL 
 22.9000    1    2.000   1.0000          line
 24.9000    0    1.200   1.0000          NULL 
 26.1000    1    2.000   1.0000          line
 28.1000    0    1.200   1.0000          NULL 
 29.3000    1    2.000   1.0000          line
 31.3000    0    1.200   1.0000          NULL 
 32.5000    1    2.000   1.0000          line
 34.5000    0    1.500   1.0000          NULL 
 36.0000    1    2.000   1.0000          line
 38.0000    0    1.100   1.0000          NULL 
 39.1000    1    2.000   1.0000          line
 41.1000    0    1.100   1.0000          NULL 
 42.2000    1    2.000   1.0000          line
 44.2000    0    1.000   1.0000          NULL 
 45.2000    1    2.000   1.0000          line
 47.2000    0    1.000   1.0000          NULL 
 48.2000    1    2.000   1.0000          line
 50.2000    0    1.100   1.0000          NULL 
 51.3000    1    2.000   1.0000          line
 53.3000    0    1.800   1.0000          NULL 
 55.1000    1    2.000   1.0000          line
 57.1000    0    1.000   1.0000          NULL 
 58.1000    1    2.000   1.0000          line
 60.1000    0    1.500   1.0000          NULL 
 61.6000    1    2.000   1.0000          line
 63.6000    0    1.000   1.0000          NULL 
 64.6000    1    2.000   1.0000          line
 66.6000    0    1.000   1.0000          NULL 
 67.6000    1    2.000   1.0000          line
 69.6000    0    1.100   1.0000          NULL 
 70.7000    1    2.000   1.0000          line
 72.7000    0    1.200   1.0000          NULL 
 73.9000    1    2.000   1.0000          line
 75.9000    0    1.100   1.0000          NULL 
 77.0000    1    2.000   1.0000          line
 79.0000    0    1.000   1.0000          NULL 
 80.0000    1    2.000   1.0000          line
 82.0000    0    1.900   1.0000          NULL 
 83.9000    1    2.000   1.0000          line
 85.9000    0    1.700   1.0000          NULL 
 87.5999    1    2.000   1.0000          line
 89.5999    0    1.300   1.0000          NULL 
 90.8999    1    2.000   1.0000          line
 92.8999    0    1.300   1.0000          NULL 
 94.1999    1    2.000   1.0000          line
 96.1999    0    1.000   1.0000          NULL 
 97.1999    1    2.000   1.0000          line
 99.1999    0    1.900   1.0000          NULL 
101.0999    1    2.000   1.0000          line
103.0999    0    1.100   1.0000          NULL 
104.1999    1    2.000   1.0000          line
106.1999    0    1.300   1.0000          NULL 
107.4999    1    2.000   1.0000          line
109.4999    0    1.000   1.0000          NULL 
110.4999    1    2.000   1.0000          line
112.4999    0    1.900   1.0000          NULL 
114.3999    1    2.000   1.0000          line
116.3999    0    1.000   1.0000          NULL 
117.3999    1    2.000   1.0000          line
119.3999    0    1.400   1.0000          NULL 
120.7999    1    2.000   1.0000          line
122.7999    0    1.000   1.0000          NULL 
123.7999    1    2.000   1.0000          line
125.7999    0    1.200   1.0000          NULL 
126.9999    1    2.000   1.0000          line
128.9999    0    1.000   1.0000          NULL 
