  0.0000    1    2.000   1.0000          line
  2.0000    0    0.500   1.0000          NULL 
  2.5000    1    2.000   1.0000          line
  4.5000    0    3.500   1.0000          NULL 
  8.0000    1    2.000   1.0000          line
 10.0000    0    1.500   1.0000          NULL 
 11.5000    1    2.000   1.0000          line
 13.5000    0    0.500   1.0000          NULL 
 14.0000    1    2.000   1.0000          line
 16.0000    0    1.500   1.0000          NULL 
 17.5000    1    2.000   1.0000          line
 19.5000    0    0.500   1.0000          NULL 
 20.0000    1    2.000   1.0000          line
 22.0000    0    1.500   1.0000          NULL 
 23.5000    1    2.000   1.0000          line
 25.5000    0    1.500   1.0000          NULL 
 27.0000    1    2.000   1.0000          line
 29.0000    0    2.500   1.0000          NULL 
 31.5000    1    2.000   1.0000          line
 33.5000    0    1.000   1.0000          NULL 
 34.5000    1    2.000   1.0000          line
 36.5000    0    1.000   1.0000          NULL 
 37.5000    1    2.000   1.0000          line
 39.5000    0    1.000   1.0000          NULL 
 40.5000    1    2.000   1.0000          line
 42.5000    0    0.500   1.0000          NULL 
 43.0000    1    2.000   1.0000          line
 45.0000    0    4.000   1.0000          NULL 
 49.0000    1    2.000   1.0000          line
 51.0000    0    1.000   1.0000          NULL 
 52.0000    1    2.000   1.0000          line
 54.0000    0    2.500   1.0000          NULL 
 56.5000    1    2.000   1.0000          line
 58.5000    0    2.000   1.0000          NULL 
 60.5000    1    2.000   1.0000          line
 62.5000    0    0.500   1.0000          NULL 
 63.0000    1    2.000   1.0000          line
 65.0000    0    1.500   1.0000          NULL 
 66.5000    1    2.000   1.0000          line
 68.5000    0    0.500   1.0000          NULL 
 69.0000    1    2.000   1.0000          line
 71.0000    0    4.000   1.0000          NULL 
 75.0000    1    2.000   1.0000          line
 77.0000    0    0.500   1.0000          NULL 
 77.5000    1    2.000   1.0000          line
 79.5000    0    1.500   1.0000          NULL 
 81.0000    1    2.000   1.0000          line
 83.0000    0    1.000   1.0000          NULL 
 84.0000    1    2.000   1.0000          line
 86.0000    0    2.500   1.0000          NULL 
 88.5000    1    2.000   1.0000          line
 90.5000    0    1.000   1.0000          NULL 
 91.5000    1    2.000   1.0000          line
 93.5000    0    0.500   1.0000          NULL 
 94.0000    1    2.000   1.0000          line
 96.0000    0    0.500   1.0000          NULL 
 96.5000    1    2.000   1.0000          line
 98.5000    0    1.000   1.0000          NULL 
 99.5000    1    2.000   1.0000          line
101.5000    0    1.500   1.0000          NULL 
103.0000    1    2.000   1.0000          line
105.0000    0    0.500   1.0000          NULL 
105.5000    1    2.000   1.0000          line
107.5000    0    0.500   1.0000          NULL 
108.0000    1    2.000   1.0000          line
110.0000    0    0.500   1.0000          NULL 
110.5000    1    2.000   1.0000          line
112.5000    0    1.500   1.0000          NULL 
114.0000    1    2.000   1.0000          line
116.0000    0    1.500   1.0000          NULL 
117.5000    1    2.000   1.0000          line
119.5000    0    2.000   1.0000          NULL 
121.5000    1    2.000   1.0000          line
123.5000    0    2.500   1.0000          NULL 
126.0000    1    2.000   1.0000          line
128.0000    0    1.500   1.0000          NULL 
129.5000    1    2.000   1.0000          line
131.5000    0    3.500   1.0000          NULL 
135.0000    1    2.000   1.0000          line
137.0000    0    3.500   1.0000          NULL 
140.5000    1    2.000   1.0000          line
142.5000    0    1.000   1.0000          NULL 
143.5000    1    2.000   1.0000          line
145.5000    0    4.000   1.0000          NULL 
149.5000    1    2.000   1.0000          line
151.5000    0    1.000   1.0000          NULL 
152.5000    1    2.000   1.0000          line
154.5000    0    0.500   1.0000          NULL 
155.0000    1    2.000   1.0000          line
157.0000    0    0.500   1.0000          NULL 
157.5000    1    2.000   1.0000          line
159.5000    0    1.000   1.0000          NULL 
160.5000    1    2.000   1.0000          line
162.5000    0    2.000   1.0000          NULL 
164.5000    1    2.000   1.0000          line
166.5000    0    0.500   1.0000          NULL 
167.0000    1    2.000   1.0000          line
169.0000    0    1.500   1.0000          NULL 
170.5000    1    2.000   1.0000          line
172.5000    0    3.500   1.0000          NULL 
176.0000    1    2.000   1.0000          line
178.0000    0    1.000   1.0000          NULL 
179.0000    1    2.000   1.0000          line
181.0000    0    0.500   1.0000          NULL 
181.5000    1    2.000   1.0000          line
183.5000    0    1.000   1.0000          NULL 
184.5000    1    2.000   1.0000          line
186.5000    0    3.500   1.0000          NULL 
190.0000    1    2.000   1.0000          line
192.0000    0    0.500   1.0000          NULL 
192.5000    1    2.000   1.0000          line
194.5000    0    0.500   1.0000          NULL 
195.0000    1    2.000   1.0000          line
197.0000    0    1.500   1.0000          NULL 
198.5000    1    2.000   1.0000          line
200.5000    0    1.000   1.0000          NULL 
201.5000    1    2.000   1.0000          line
203.5000    0    1.000   1.0000          NULL 
204.5000    1    2.000   1.0000          line
206.5000    0    0.500   1.0000          NULL 
207.0000    1    2.000   1.0000          line
209.0000    0    1.500   1.0000          NULL 
210.5000    1    2.000   1.0000          line
212.5000    0    1.000   1.0000          NULL 
213.5000    1    2.000   1.0000          line
215.5000    0    1.500   1.0000          NULL 
217.0000    1    2.000   1.0000          line
219.0000    0    0.500   1.0000          NULL 
219.5000    1    2.000   1.0000          line
221.5000    0    1.500   1.0000          NULL 
223.0000    1    2.000   1.0000          line
225.0000    0    3.500   1.0000          NULL 
228.5000    1    2.000   1.0000          line
230.5000    0    0.500   1.0000          NULL 
231.0000    1    2.000   1.0000          line
233.0000    0    0.500   1.0000          NULL 
233.5000    1    2.000   1.0000          line
235.5000    0    0.500   1.0000          NULL 
236.0000    1    2.000   1.0000          line
238.0000    0    3.500   1.0000          NULL 
241.5000    1    2.000   1.0000          line
243.5000    0    1.000   1.0000          NULL 
244.5000    1    2.000   1.0000          line
246.5000    0    0.500   1.0000          NULL 
247.0000    1    2.000   1.0000          line
249.0000    0    2.000   1.0000          NULL 
251.0000    1    2.000   1.0000          line
253.0000    0    0.500   1.0000          NULL 
253.5000    1    2.000   1.0000          line
255.5000    0    0.500   1.0000          NULL 
256.0000    1    2.000   1.0000          line
258.0000    0    1.500   1.0000          NULL 
259.5000    1    2.000   1.0000          line
261.5000    0    3.000   1.0000          NULL 
264.5000    1    2.000   1.0000          line
266.5000    0    0.500   1.0000          NULL 
267.0000    1    2.000   1.0000          line
269.0000    0    1.000   1.0000          NULL 
270.0000    1    2.000   1.0000          line
272.0000    0    1.000   1.0000          NULL 
273.0000    1    2.000   1.0000          line
275.0000    0    0.500   1.0000          NULL 
275.5000    1    2.000   1.0000          line
277.5000    0    0.500   1.0000          NULL 
278.0000    1    2.000   1.0000          line
280.0000    0    0.500   1.0000          NULL 
280.5000    1    2.000   1.0000          line
282.5000    0    2.500   1.0000          NULL 
285.0000    1    2.000   1.0000          line
287.0000    0    2.000   1.0000          NULL 
289.0000    1    2.000   1.0000          line
291.0000    0    1.500   1.0000          NULL 
292.5000    1    2.000   1.0000          line
294.5000    0    2.500   1.0000          NULL 
297.0000    1    2.000   1.0000          line
299.0000    0    1.500   1.0000          NULL 
300.5000    1    2.000   1.0000          line
302.5000    0    1.000   1.0000          NULL 
303.5000    1    2.000   1.0000          line
305.5000    0    0.500   1.0000          NULL 
306.0000    1    2.000   1.0000          line
308.0000    0    0.500   1.0000          NULL 
308.5000    1    2.000   1.0000          line
310.5000    0    1.000   1.0000          NULL 
311.5000    1    2.000   1.0000          line
313.5000    0    0.500   1.0000          NULL 
314.0000    1    2.000   1.0000          line
316.0000    0    2.000   1.0000          NULL 
318.0000    1    2.000   1.0000          line
320.0000    0    0.500   1.0000          NULL 
320.5000    1    2.000   1.0000          line
322.5000    0    0.500   1.0000          NULL 
323.0000    1    2.000   1.0000          line
325.0000    0    1.000   1.0000          NULL 
326.0000    1    2.000   1.0000          line
328.0000    0    1.000   1.0000          NULL 
329.0000    1    2.000   1.0000          line
331.0000    0    0.500   1.0000          NULL 
331.5000    1    2.000   1.0000          line
333.5000    0    1.000   1.0000          NULL 
334.5000    1    2.000   1.0000          line
336.5000    0    2.000   1.0000          NULL 
338.5000    1    2.000   1.0000          line
340.5000    0    3.000   1.0000          NULL 
343.5000    1    2.000   1.0000          line
345.5000    0    2.500   1.0000          NULL 
348.0000    1    2.000   1.0000          line
350.0000    0    1.000   1.0000          NULL 
351.0000    1    2.000   1.0000          line
353.0000    0    0.500   1.0000          NULL 
353.5000    1    2.000   1.0000          line
355.5000    0    0.500   1.0000          NULL 
356.0000    1    2.000   1.0000          line
358.0000    0    1.500   1.0000          NULL 
359.5000    1    2.000   1.0000          line
361.5000    0    1.000   1.0000          NULL 
362.5000    1    2.000   1.0000          line
364.5000    0    3.000   1.0000          NULL 
367.5000    1    2.000   1.0000          line
369.5000    0    0.500   1.0000          NULL 
370.0000    1    2.000   1.0000          line
372.0000    0    1.000   1.0000          NULL 
373.0000    1    2.000   1.0000          line
375.0000    0    0.500   1.0000          NULL 
375.5000    1    2.000   1.0000          line
377.5000    0    1.500   1.0000          NULL 
379.0000    1    2.000   1.0000          line
381.0000    0    1.500   1.0000          NULL 
382.5000    1    2.000   1.0000          line
384.5000    0    1.000   1.0000          NULL 
385.5000    1    2.000   1.0000          line
387.5000    0    2.500   1.0000          NULL 
390.0000    1    2.000   1.0000          line
392.0000    0    0.500   1.0000          NULL 
392.5000    1    2.000   1.0000          line
394.5000    0    0.500   1.0000          NULL 
395.0000    1    2.000   1.0000          line
397.0000    0    0.500   1.0000          NULL 
397.5000    1    2.000   1.0000          line
399.5000    0    0.500   1.0000          NULL 
