  0.0000    1    2.000   1.0000          line
  2.0000    0    1.100   1.0000          NULL 
  3.1000    1    2.000   1.0000          line
  5.1000    0    1.300   1.0000          NULL 
  6.4000    1    2.000   1.0000          line
  8.4000    0    1.000   1.0000          NULL 
  9.4000    1    2.000   1.0000          line
 11.4000    0    1.200   1.0000          NULL 
 12.6000    1    2.000   1.0000          line
 14.6000    0    1.200   1.0000          NULL 
 15.8000    1    2.000   1.0000          line
 17.8000    0    1.700   1.0000          NULL 
 19.5000    1    2.000   1.0000          line
 21.5000    0    1.000   1.0000          NULL 
 22.5000    1    2.000   1.0000          line
 24.5000    0    1.000   1.0000          NULL 
 25.5000    1    2.000   1.0000          line
 27.5000    0    1.400   1.0000          NULL 
 28.9000    1    2.000   1.0000          line
 30.9000    0    1.100   1.0000          NULL 
 32.0000    1    2.000   1.0000          line
 34.0000    0    1.500   1.0000          NULL 
 35.5000    1    2.000   1.0000          line
 37.5000    0    1.000   1.0000          NULL 
 38.5000    1    2.000   1.0000          line
 40.5000    0    1.100   1.0000          NULL 
 41.6000    1    2.000   1.0000          line
 43.6000    0    1.000   1.0000          NULL 
 44.6000    1    2.000   1.0000          line
 46.6000    0    2.000   1.0000          NULL 
 48.6000    1    2.000   1.0000          line
 50.6000    0    1.100   1.0000          NULL 
 51.7000    1    2.000   1.0000          line
 53.7000    0    1.800   1.0000          NULL 
 55.5000    1    2.000   1.0000          line
 57.5000    0    1.100   1.0000          NULL 
 58.6000    1    2.000   1.0000          line
 60.6000    0    1.000   1.0000          NULL 
 61.6000    1    2.000   1.0000          line
 63.6000    0    1.800   1.0000          NULL 
 65.3999    1    2.000   1.0000          line
 67.3999    0    1.100   1.0000          NULL 
 68.4999    1    2.000   1.0000          line
 70.4999    0    1.300   1.0000          NULL 
 71.7999    1    2.000   1.0000          line
 73.7999    0    1.200   1.0000          NULL 
 74.9999    1    2.000   1.0000          line
 76.9999    0    1.000   1.0000          NULL 
 77.9999    1    2.000   1.0000          line
 79.9999    0    1.400   1.0000          NULL 
 81.3999    1    2.000   1.0000          line
 83.3999    0    2.000   1.0000          NULL 
 85.3999    1    2.000   1.0000          line
 87.3999    0    1.100   1.0000          NULL 
 88.4999    1    2.000   1.0000          line
 90.4999    0    1.200   1.0000          NULL 
 91.6999    1    2.000   1.0000          line
 93.6999    0    1.500   1.0000          NULL 
 95.1999    1    2.000   1.0000          line
 97.1999    0    1.700   1.0000          NULL 
 98.8999    1    2.000   1.0000          line
100.8999    0    1.200   1.0000          NULL 
102.0999    1    2.000   1.0000          line
104.0999    0    1.000   1.0000          NULL 
105.0999    1    2.000   1.0000          line
107.0999    0    1.400   1.0000          NULL 
108.4999    1    2.000   1.0000          line
110.4999    0    1.000   1.0000          NULL 
111.4999    1    2.000   1.0000          line
113.4999    0    1.000   1.0000          NULL 
114.4999    1    2.000   1.0000          line
116.4999    0    1.300   1.0000          NULL 
117.7999    1    2.000   1.0000          line
119.7999    0    1.000   1.0000          NULL 
120.7999    1    2.000   1.0000          line
122.7999    0    1.100   1.0000          NULL 
123.8999    1    2.000   1.0000          line
125.8999    0    1.100   1.0000          NULL 
126.9999    1    2.000   1.0000          line
128.9999    0    1.000   1.0000          NULL 
