  0.0000    1    2.000   1.0000          line
  2.0000    0    0.500   1.0000          NULL 
  2.5000    1    2.000   1.0000          line
  4.5000    0    4.000   1.0000          NULL 
  8.5000    1    2.000   1.0000          line
 10.5000    0    0.500   1.0000          NULL 
 11.0000    1    2.000   1.0000          line
 13.0000    0    0.500   1.0000          NULL 
 13.5000    1    2.000   1.0000          line
 15.5000    0    1.500   1.0000          NULL 
 17.0000    1    2.000   1.0000          line
 19.0000    0    2.000   1.0000          NULL 
 21.0000    1    2.000   1.0000          line
 23.0000    0    4.000   1.0000          NULL 
 27.0000    1    2.000   1.0000          line
 29.0000    0    1.500   1.0000          NULL 
 30.5000    1    2.000   1.0000          line
 32.5000    0    1.000   1.0000          NULL 
 33.5000    1    2.000   1.0000          line
 35.5000    0    2.000   1.0000          NULL 
 37.5000    1    2.000   1.0000          line
 39.5000    0    1.500   1.0000          NULL 
 41.0000    1    2.000   1.0000          line
 43.0000    0    0.500   1.0000          NULL 
 43.5000    1    2.000   1.0000          line
 45.5000    0    1.000   1.0000          NULL 
 46.5000    1    2.000   1.0000          line
 48.5000    0    4.000   1.0000          NULL 
 52.5000    1    2.000   1.0000          line
 54.5000    0    1.500   1.0000          NULL 
 56.0000    1    2.000   1.0000          line
 58.0000    0    2.000   1.0000          NULL 
 60.0000    1    2.000   1.0000          line
 62.0000    0    0.500   1.0000          NULL 
 62.5000    1    2.000   1.0000          line
 64.5000    0    0.500   1.0000          NULL 
 65.0000    1    2.000   1.0000          line
 67.0000    0    1.000   1.0000          NULL 
 68.0000    1    2.000   1.0000          line
 70.0000    0    0.500   1.0000          NULL 
 70.5000    1    2.000   1.0000          line
 72.5000    0    1.500   1.0000          NULL 
 74.0000    1    2.000   1.0000          line
 76.0000    0    0.500   1.0000          NULL 
 76.5000    1    2.000   1.0000          line
 78.5000    0    2.500   1.0000          NULL 
 81.0000    1    2.000   1.0000          line
 83.0000    0    4.000   1.0000          NULL 
 87.0000    1    2.000   1.0000          line
 89.0000    0    0.500   1.0000          NULL 
 89.5000    1    2.000   1.0000          line
 91.5000    0    0.500   1.0000          NULL 
 92.0000    1    2.000   1.0000          line
 94.0000    0    0.500   1.0000          NULL 
 94.5000    1    2.000   1.0000          line
 96.5000    0    0.500   1.0000          NULL 
 97.0000    1    2.000   1.0000          line
 99.0000    0    2.000   1.0000          NULL 
101.0000    1    2.000   1.0000          line
103.0000    0    0.500   1.0000          NULL 
103.5000    1    2.000   1.0000          line
105.5000    0    0.500   1.0000          NULL 
106.0000    1    2.000   1.0000          line
108.0000    0    0.500   1.0000          NULL 
108.5000    1    2.000   1.0000          line
110.5000    0    0.500   1.0000          NULL 
111.0000    1    2.000   1.0000          line
113.0000    0    1.500   1.0000          NULL 
114.5000    1    2.000   1.0000          line
116.5000    0    1.000   1.0000          NULL 
117.5000    1    2.000   1.0000          line
119.5000    0    0.500   1.0000          NULL 
120.0000    1    2.000   1.0000          line
122.0000    0    0.500   1.0000          NULL 
122.5000    1    2.000   1.0000          line
124.5000    0    3.000   1.0000          NULL 
127.5000    1    2.000   1.0000          line
129.5000    0    0.500   1.0000          NULL 
130.0000    1    2.000   1.0000          line
132.0000    0    0.500   1.0000          NULL 
132.5000    1    2.000   1.0000          line
134.5000    0    0.500   1.0000          NULL 
135.0000    1    2.000   1.0000          line
137.0000    0    1.000   1.0000          NULL 
138.0000    1    2.000   1.0000          line
140.0000    0    2.500   1.0000          NULL 
142.5000    1    2.000   1.0000          line
144.5000    0    0.500   1.0000          NULL 
145.0000    1    2.000   1.0000          line
147.0000    0    1.000   1.0000          NULL 
148.0000    1    2.000   1.0000          line
150.0000    0    1.500   1.0000          NULL 
151.5000    1    2.000   1.0000          line
153.5000    0    1.500   1.0000          NULL 
155.0000    1    2.000   1.0000          line
157.0000    0    0.500   1.0000          NULL 
157.5000    1    2.000   1.0000          line
159.5000    0    2.000   1.0000          NULL 
161.5000    1    2.000   1.0000          line
163.5000    0    2.500   1.0000          NULL 
166.0000    1    2.000   1.0000          line
168.0000    0    0.500   1.0000          NULL 
168.5000    1    2.000   1.0000          line
170.5000    0    1.500   1.0000          NULL 
172.0000    1    2.000   1.0000          line
174.0000    0    0.500   1.0000          NULL 
174.5000    1    2.000   1.0000          line
176.5000    0    1.000   1.0000          NULL 
177.5000    1    2.000   1.0000          line
179.5000    0    0.500   1.0000          NULL 
180.0000    1    2.000   1.0000          line
182.0000    0    2.000   1.0000          NULL 
184.0000    1    2.000   1.0000          line
186.0000    0    2.000   1.0000          NULL 
188.0000    1    2.000   1.0000          line
190.0000    0    0.500   1.0000          NULL 
190.5000    1    2.000   1.0000          line
192.5000    0    0.500   1.0000          NULL 
193.0000    1    2.000   1.0000          line
195.0000    0    1.000   1.0000          NULL 
196.0000    1    2.000   1.0000          line
198.0000    0    3.500   1.0000          NULL 
201.5000    1    2.000   1.0000          line
203.5000    0    2.000   1.0000          NULL 
205.5000    1    2.000   1.0000          line
207.5000    0    1.000   1.0000          NULL 
208.5000    1    2.000   1.0000          line
210.5000    0    0.500   1.0000          NULL 
211.0000    1    2.000   1.0000          line
213.0000    0    0.500   1.0000          NULL 
213.5000    1    2.000   1.0000          line
215.5000    0    1.500   1.0000          NULL 
217.0000    1    2.000   1.0000          line
219.0000    0    0.500   1.0000          NULL 
219.5000    1    2.000   1.0000          line
221.5000    0    0.500   1.0000          NULL 
222.0000    1    2.000   1.0000          line
224.0000    0    2.000   1.0000          NULL 
226.0000    1    2.000   1.0000          line
228.0000    0    1.500   1.0000          NULL 
229.5000    1    2.000   1.0000          line
231.5000    0    1.000   1.0000          NULL 
232.5000    1    2.000   1.0000          line
234.5000    0    0.500   1.0000          NULL 
235.0000    1    2.000   1.0000          line
237.0000    0    0.500   1.0000          NULL 
237.5000    1    2.000   1.0000          line
239.5000    0    1.500   1.0000          NULL 
241.0000    1    2.000   1.0000          line
243.0000    0    1.000   1.0000          NULL 
244.0000    1    2.000   1.0000          line
246.0000    0    1.000   1.0000          NULL 
247.0000    1    2.000   1.0000          line
249.0000    0    1.500   1.0000          NULL 
250.5000    1    2.000   1.0000          line
252.5000    0    4.000   1.0000          NULL 
256.5000    1    2.000   1.0000          line
258.5000    0    1.000   1.0000          NULL 
259.5000    1    2.000   1.0000          line
261.5000    0    0.500   1.0000          NULL 
262.0000    1    2.000   1.0000          line
264.0000    0    0.500   1.0000          NULL 
264.5000    1    2.000   1.0000          line
266.5000    0    2.000   1.0000          NULL 
268.5000    1    2.000   1.0000          line
270.5000    0    1.000   1.0000          NULL 
271.5000    1    2.000   1.0000          line
273.5000    0    0.500   1.0000          NULL 
274.0000    1    2.000   1.0000          line
276.0000    0    0.500   1.0000          NULL 
276.5000    1    2.000   1.0000          line
278.5000    0    1.500   1.0000          NULL 
280.0000    1    2.000   1.0000          line
282.0000    0    3.000   1.0000          NULL 
285.0000    1    2.000   1.0000          line
287.0000    0    0.500   1.0000          NULL 
287.5000    1    2.000   1.0000          line
289.5000    0    2.500   1.0000          NULL 
292.0000    1    2.000   1.0000          line
294.0000    0    0.500   1.0000          NULL 
294.5000    1    2.000   1.0000          line
296.5000    0    0.500   1.0000          NULL 
297.0000    1    2.000   1.0000          line
299.0000    0    0.500   1.0000          NULL 
299.5000    1    2.000   1.0000          line
301.5000    0    0.500   1.0000          NULL 
302.0000    1    2.000   1.0000          line
304.0000    0    4.000   1.0000          NULL 
308.0000    1    2.000   1.0000          line
310.0000    0    2.500   1.0000          NULL 
312.5000    1    2.000   1.0000          line
314.5000    0    1.000   1.0000          NULL 
315.5000    1    2.000   1.0000          line
317.5000    0    1.500   1.0000          NULL 
319.0000    1    2.000   1.0000          line
321.0000    0    2.500   1.0000          NULL 
323.5000    1    2.000   1.0000          line
325.5000    0    1.000   1.0000          NULL 
326.5000    1    2.000   1.0000          line
328.5000    0    2.500   1.0000          NULL 
331.0000    1    2.000   1.0000          line
333.0000    0    2.000   1.0000          NULL 
335.0000    1    2.000   1.0000          line
337.0000    0    0.500   1.0000          NULL 
337.5000    1    2.000   1.0000          line
339.5000    0    1.000   1.0000          NULL 
340.5000    1    2.000   1.0000          line
342.5000    0    0.500   1.0000          NULL 
343.0000    1    2.000   1.0000          line
345.0000    0    4.000   1.0000          NULL 
349.0000    1    2.000   1.0000          line
351.0000    0    1.500   1.0000          NULL 
352.5000    1    2.000   1.0000          line
354.5000    0    1.000   1.0000          NULL 
355.5000    1    2.000   1.0000          line
357.5000    0    0.500   1.0000          NULL 
358.0000    1    2.000   1.0000          line
360.0000    0    1.000   1.0000          NULL 
361.0000    1    2.000   1.0000          line
363.0000    0    1.000   1.0000          NULL 
364.0000    1    2.000   1.0000          line
366.0000    0    1.500   1.0000          NULL 
367.5000    1    2.000   1.0000          line
369.5000    0    3.000   1.0000          NULL 
372.5000    1    2.000   1.0000          line
374.5000    0    1.500   1.0000          NULL 
376.0000    1    2.000   1.0000          line
378.0000    0    4.000   1.0000          NULL 
382.0000    1    2.000   1.0000          line
384.0000    0    1.000   1.0000          NULL 
385.0000    1    2.000   1.0000          line
387.0000    0    0.500   1.0000          NULL 
387.5000    1    2.000   1.0000          line
389.5000    0    2.500   1.0000          NULL 
392.0000    1    2.000   1.0000          line
394.0000    0    0.500   1.0000          NULL 
394.5000    1    2.000   1.0000          line
396.5000    0    1.000   1.0000          NULL 
397.5000    1    2.000   1.0000          line
399.5000    0    0.500   1.0000          NULL 
