  0.0000    1    2.000   1.0000          line
  2.0000    0    0.500   1.0000          NULL 
  2.5000    1    2.000   1.0000          line
  4.5000    0    3.500   1.0000          NULL 
  8.0000    1    2.000   1.0000          line
 10.0000    0    2.000   1.0000          NULL 
 12.0000    1    2.000   1.0000          line
 14.0000    0    2.500   1.0000          NULL 
 16.5000    1    2.000   1.0000          line
 18.5000    0    0.500   1.0000          NULL 
 19.0000    1    2.000   1.0000          line
 21.0000    0    1.000   1.0000          NULL 
 22.0000    1    2.000   1.0000          line
 24.0000    0    0.500   1.0000          NULL 
 24.5000    1    2.000   1.0000          line
 26.5000    0    0.500   1.0000          NULL 
 27.0000    1    2.000   1.0000          line
 29.0000    0    0.500   1.0000          NULL 
 29.5000    1    2.000   1.0000          line
 31.5000    0    1.000   1.0000          NULL 
 32.5000    1    2.000   1.0000          line
 34.5000    0    1.000   1.0000          NULL 
 35.5000    1    2.000   1.0000          line
 37.5000    0    3.000   1.0000          NULL 
 40.5000    1    2.000   1.0000          line
 42.5000    0    1.000   1.0000          NULL 
 43.5000    1    2.000   1.0000          line
 45.5000    0    0.500   1.0000          NULL 
 46.0000    1    2.000   1.0000          line
 48.0000    0    1.000   1.0000          NULL 
 49.0000    1    2.000   1.0000          line
 51.0000    0    0.500   1.0000          NULL 
 51.5000    1    2.000   1.0000          line
 53.5000    0    0.500   1.0000          NULL 
 54.0000    1    2.000   1.0000          line
 56.0000    0    1.500   1.0000          NULL 
 57.5000    1    2.000   1.0000          line
 59.5000    0    2.500   1.0000          NULL 
 62.0000    1    2.000   1.0000          line
 64.0000    0    0.500   1.0000          NULL 
 64.5000    1    2.000   1.0000          line
 66.5000    0    1.000   1.0000          NULL 
 67.5000    1    2.000   1.0000          line
 69.5000    0    0.500   1.0000          NULL 
 70.0000    1    2.000   1.0000          line
 72.0000    0    3.000   1.0000          NULL 
 75.0000    1    2.000   1.0000          line
 77.0000    0    2.000   1.0000          NULL 
 79.0000    1    2.000   1.0000          line
 81.0000    0    1.500   1.0000          NULL 
 82.5000    1    2.000   1.0000          line
 84.5000    0    0.500   1.0000          NULL 
 85.0000    1    2.000   1.0000          line
 87.0000    0    0.500   1.0000          NULL 
 87.5000    1    2.000   1.0000          line
 89.5000    0    0.500   1.0000          NULL 
 90.0000    1    2.000   1.0000          line
 92.0000    0    0.500   1.0000          NULL 
 92.5000    1    2.000   1.0000          line
 94.5000    0    1.500   1.0000          NULL 
 96.0000    1    2.000   1.0000          line
 98.0000    0    1.000   1.0000          NULL 
 99.0000    1    2.000   1.0000          line
101.0000    0    2.500   1.0000          NULL 
103.5000    1    2.000   1.0000          line
105.5000    0    4.000   1.0000          NULL 
109.5000    1    2.000   1.0000          line
111.5000    0    0.500   1.0000          NULL 
112.0000    1    2.000   1.0000          line
114.0000    0    1.000   1.0000          NULL 
115.0000    1    2.000   1.0000          line
117.0000    0    1.000   1.0000          NULL 
118.0000    1    2.000   1.0000          line
120.0000    0    0.500   1.0000          NULL 
120.5000    1    2.000   1.0000          line
122.5000    0    2.500   1.0000          NULL 
125.0000    1    2.000   1.0000          line
127.0000    0    0.500   1.0000          NULL 
127.5000    1    2.000   1.0000          line
129.5000    0    0.500   1.0000          NULL 
130.0000    1    2.000   1.0000          line
132.0000    0    4.000   1.0000          NULL 
136.0000    1    2.000   1.0000          line
138.0000    0    0.500   1.0000          NULL 
138.5000    1    2.000   1.0000          line
140.5000    0    0.500   1.0000          NULL 
141.0000    1    2.000   1.0000          line
143.0000    0    1.000   1.0000          NULL 
144.0000    1    2.000   1.0000          line
146.0000    0    2.000   1.0000          NULL 
148.0000    1    2.000   1.0000          line
150.0000    0    3.500   1.0000          NULL 
153.5000    1    2.000   1.0000          line
155.5000    0    1.500   1.0000          NULL 
157.0000    1    2.000   1.0000          line
159.0000    0    0.500   1.0000          NULL 
159.5000    1    2.000   1.0000          line
161.5000    0    1.000   1.0000          NULL 
162.5000    1    2.000   1.0000          line
164.5000    0    4.000   1.0000          NULL 
168.5000    1    2.000   1.0000          line
170.5000    0    1.000   1.0000          NULL 
171.5000    1    2.000   1.0000          line
173.5000    0    1.500   1.0000          NULL 
175.0000    1    2.000   1.0000          line
177.0000    0    1.000   1.0000          NULL 
178.0000    1    2.000   1.0000          line
180.0000    0    1.500   1.0000          NULL 
181.5000    1    2.000   1.0000          line
183.5000    0    0.500   1.0000          NULL 
184.0000    1    2.000   1.0000          line
186.0000    0    0.500   1.0000          NULL 
186.5000    1    2.000   1.0000          line
188.5000    0    2.000   1.0000          NULL 
190.5000    1    2.000   1.0000          line
192.5000    0    2.000   1.0000          NULL 
194.5000    1    2.000   1.0000          line
196.5000    0    1.000   1.0000          NULL 
197.5000    1    2.000   1.0000          line
199.5000    0    0.500   1.0000          NULL 
200.0000    1    2.000   1.0000          line
202.0000    0    0.500   1.0000          NULL 
202.5000    1    2.000   1.0000          line
204.5000    0    2.000   1.0000          NULL 
206.5000    1    2.000   1.0000          line
208.5000    0    0.500   1.0000          NULL 
209.0000    1    2.000   1.0000          line
211.0000    0    2.000   1.0000          NULL 
213.0000    1    2.000   1.0000          line
215.0000    0    2.500   1.0000          NULL 
217.5000    1    2.000   1.0000          line
219.5000    0    0.500   1.0000          NULL 
220.0000    1    2.000   1.0000          line
222.0000    0    1.000   1.0000          NULL 
223.0000    1    2.000   1.0000          line
225.0000    0    0.500   1.0000          NULL 
225.5000    1    2.000   1.0000          line
227.5000    0    3.500   1.0000          NULL 
231.0000    1    2.000   1.0000          line
233.0000    0    1.000   1.0000          NULL 
234.0000    1    2.000   1.0000          line
236.0000    0    0.500   1.0000          NULL 
236.5000    1    2.000   1.0000          line
238.5000    0    3.500   1.0000          NULL 
242.0000    1    2.000   1.0000          line
244.0000    0    1.000   1.0000          NULL 
245.0000    1    2.000   1.0000          line
247.0000    0    1.000   1.0000          NULL 
248.0000    1    2.000   1.0000          line
250.0000    0    0.500   1.0000          NULL 
250.5000    1    2.000   1.0000          line
252.5000    0    0.500   1.0000          NULL 
253.0000    1    2.000   1.0000          line
255.0000    0    0.500   1.0000          NULL 
255.5000    1    2.000   1.0000          line
257.5000    0    0.500   1.0000          NULL 
258.0000    1    2.000   1.0000          line
260.0000    0    3.000   1.0000          NULL 
263.0000    1    2.000   1.0000          line
265.0000    0    2.500   1.0000          NULL 
267.5000    1    2.000   1.0000          line
269.5000    0    0.500   1.0000          NULL 
270.0000    1    2.000   1.0000          line
272.0000    0    0.500   1.0000          NULL 
272.5000    1    2.000   1.0000          line
274.5000    0    0.500   1.0000          NULL 
275.0000    1    2.000   1.0000          line
277.0000    0    0.500   1.0000          NULL 
277.5000    1    2.000   1.0000          line
279.5000    0    1.500   1.0000          NULL 
281.0000    1    2.000   1.0000          line
283.0000    0    4.000   1.0000          NULL 
287.0000    1    2.000   1.0000          line
289.0000    0    0.500   1.0000          NULL 
289.5000    1    2.000   1.0000          line
291.5000    0    1.000   1.0000          NULL 
292.5000    1    2.000   1.0000          line
294.5000    0    1.500   1.0000          NULL 
296.0000    1    2.000   1.0000          line
298.0000    0    3.000   1.0000          NULL 
301.0000    1    2.000   1.0000          line
303.0000    0    1.000   1.0000          NULL 
304.0000    1    2.000   1.0000          line
306.0000    0    0.500   1.0000          NULL 
306.5000    1    2.000   1.0000          line
308.5000    0    3.500   1.0000          NULL 
312.0000    1    2.000   1.0000          line
314.0000    0    0.500   1.0000          NULL 
314.5000    1    2.000   1.0000          line
316.5000    0    3.000   1.0000          NULL 
319.5000    1    2.000   1.0000          line
321.5000    0    0.500   1.0000          NULL 
322.0000    1    2.000   1.0000          line
324.0000    0    3.000   1.0000          NULL 
327.0000    1    2.000   1.0000          line
329.0000    0    1.000   1.0000          NULL 
330.0000    1    2.000   1.0000          line
332.0000    0    1.000   1.0000          NULL 
333.0000    1    2.000   1.0000          line
335.0000    0    2.500   1.0000          NULL 
337.5000    1    2.000   1.0000          line
339.5000    0    1.500   1.0000          NULL 
341.0000    1    2.000   1.0000          line
343.0000    0    2.000   1.0000          NULL 
345.0000    1    2.000   1.0000          line
347.0000    0    1.000   1.0000          NULL 
348.0000    1    2.000   1.0000          line
350.0000    0    0.500   1.0000          NULL 
350.5000    1    2.000   1.0000          line
352.5000    0    0.500   1.0000          NULL 
353.0000    1    2.000   1.0000          line
355.0000    0    1.000   1.0000          NULL 
356.0000    1    2.000   1.0000          line
358.0000    0    1.000   1.0000          NULL 
359.0000    1    2.000   1.0000          line
361.0000    0    0.500   1.0000          NULL 
361.5000    1    2.000   1.0000          line
363.5000    0    3.000   1.0000          NULL 
366.5000    1    2.000   1.0000          line
368.5000    0    1.000   1.0000          NULL 
369.5000    1    2.000   1.0000          line
371.5000    0    0.500   1.0000          NULL 
372.0000    1    2.000   1.0000          line
374.0000    0    0.500   1.0000          NULL 
374.5000    1    2.000   1.0000          line
376.5000    0    1.500   1.0000          NULL 
378.0000    1    2.000   1.0000          line
380.0000    0    0.500   1.0000          NULL 
380.5000    1    2.000   1.0000          line
382.5000    0    0.500   1.0000          NULL 
383.0000    1    2.000   1.0000          line
385.0000    0    0.500   1.0000          NULL 
385.5000    1    2.000   1.0000          line
387.5000    0    1.000   1.0000          NULL 
388.5000    1    2.000   1.0000          line
390.5000    0    4.000   1.0000          NULL 
394.5000    1    2.000   1.0000          line
396.5000    0    0.500   1.0000          NULL 
397.0000    1    2.000   1.0000          line
399.0000    0    1.000   1.0000          NULL 
