  0.0000    1    2.000   1.0000          line
  2.0000    0    1.100   1.0000          NULL 
  3.1000    1    2.000   1.0000          line
  5.1000    0    1.200   1.0000          NULL 
  6.3000    1    2.000   1.0000          line
  8.3000    0    1.600   1.0000          NULL 
  9.9000    1    2.000   1.0000          line
 11.9000    0    1.200   1.0000          NULL 
 13.1000    1    2.000   1.0000          line
 15.1000    0    1.100   1.0000          NULL 
 16.2000    1    2.000   1.0000          line
 18.2000    0    1.300   1.0000          NULL 
 19.5000    1    2.000   1.0000          line
 21.5000    0    1.000   1.0000          NULL 
 22.5000    1    2.000   1.0000          line
 24.5000    0    1.700   1.0000          NULL 
 26.2000    1    2.000   1.0000          line
 28.2000    0    1.100   1.0000          NULL 
 29.3000    1    2.000   1.0000          line
 31.3000    0    1.100   1.0000          NULL 
 32.4000    1    2.000   1.0000          line
 34.4000    0    1.300   1.0000          NULL 
 35.7000    1    2.000   1.0000          line
 37.7000    0    1.100   1.0000          NULL 
 38.8000    1    2.000   1.0000          line
 40.8000    0    1.000   1.0000          NULL 
 41.8000    1    2.000   1.0000          line
 43.8000    0    1.300   1.0000          NULL 
 45.1000    1    2.000   1.0000          line
 47.1000    0    1.000   1.0000          NULL 
 48.1000    1    2.000   1.0000          line
 50.1000    0    1.600   1.0000          NULL 
 51.7000    1    2.000   1.0000          line
 53.7000    0    1.000   1.0000          NULL 
 54.7000    1    2.000   1.0000          line
 56.7000    0    1.000   1.0000          NULL 
 57.7000    1    2.000   1.0000          line
 59.7000    0    1.700   1.0000          NULL 
 61.4000    1    2.000   1.0000          line
 63.4000    0    1.200   1.0000          NULL 
 64.6000    1    2.000   1.0000          line
 66.6000    0    1.900   1.0000          NULL 
 68.5000    1    2.000   1.0000          line
 70.5000    0    1.100   1.0000          NULL 
 71.6000    1    2.000   1.0000          line
 73.6000    0    1.900   1.0000          NULL 
 75.4999    1    2.000   1.0000          line
 77.4999    0    1.000   1.0000          NULL 
 78.4999    1    2.000   1.0000          line
 80.4999    0    1.000   1.0000          NULL 
 81.4999    1    2.000   1.0000          line
 83.4999    0    1.300   1.0000          NULL 
 84.7999    1    2.000   1.0000          line
 86.7999    0    1.400   1.0000          NULL 
 88.1999    1    2.000   1.0000          line
 90.1999    0    1.100   1.0000          NULL 
 91.2999    1    2.000   1.0000          line
 93.2999    0    1.000   1.0000          NULL 
 94.2999    1    2.000   1.0000          line
 96.2999    0    1.700   1.0000          NULL 
 97.9999    1    2.000   1.0000          line
 99.9999    0    1.000   1.0000          NULL 
100.9999    1    2.000   1.0000          line
102.9999    0    1.000   1.0000          NULL 
103.9999    1    2.000   1.0000          line
105.9999    0    1.100   1.0000          NULL 
107.0999    1    2.000   1.0000          line
109.0999    0    2.000   1.0000          NULL 
111.0999    1    2.000   1.0000          line
113.0999    0    1.200   1.0000          NULL 
114.2999    1    2.000   1.0000          line
116.2999    0    1.000   1.0000          NULL 
117.2999    1    2.000   1.0000          line
119.2999    0    1.000   1.0000          NULL 
120.2999    1    2.000   1.0000          line
122.2999    0    1.200   1.0000          NULL 
123.4999    1    2.000   1.0000          line
125.4999    0    1.400   1.0000          NULL 
126.8999    1    2.000   1.0000          line
128.8999    0    1.100   1.0000          NULL 
