  0.0000    1    2.000   1.0000          line
  2.0000    0    1.000   1.0000          NULL 
  3.0000    1    2.000   1.0000          line
  5.0000    0    1.100   1.0000          NULL 
  6.1000    1    2.000   1.0000          line
  8.1000    0    1.100   1.0000          NULL 
  9.2000    1    2.000   1.0000          line
 11.2000    0    1.000   1.0000          NULL 
 12.2000    1    2.000   1.0000          line
 14.2000    0    1.200   1.0000          NULL 
 15.4000    1    2.000   1.0000          line
 17.4000    0    1.400   1.0000          NULL 
 18.8000    1    2.000   1.0000          line
 20.8000    0    1.000   1.0000          NULL 
 21.8000    1    2.000   1.0000          line
 23.8000    0    1.000   1.0000          NULL 
 24.8000    1    2.000   1.0000          line
 26.8000    0    1.200   1.0000          NULL 
 28.0000    1    2.000   1.0000          line
 30.0000    0    1.000   1.0000          NULL 
 31.0000    1    2.000   1.0000          line
 33.0000    0    1.200   1.0000          NULL 
 34.2000    1    2.000   1.0000          line
 36.2000    0    1.100   1.0000          NULL 
 37.3000    1    2.000   1.0000          line
 39.3000    0    2.000   1.0000          NULL 
 41.3000    1    2.000   1.0000          line
 43.3000    0    1.100   1.0000          NULL 
 44.4000    1    2.000   1.0000          line
 46.4000    0    1.100   1.0000          NULL 
 47.5000    1    2.000   1.0000          line
 49.5000    0    2.000   1.0000          NULL 
 51.5000    1    2.000   1.0000          line
 53.5000    0    1.600   1.0000          NULL 
 55.1000    1    2.000   1.0000          line
 57.1000    0    1.000   1.0000          NULL 
 58.1000    1    2.000   1.0000          line
 60.1000    0    1.100   1.0000          NULL 
 61.2000    1    2.000   1.0000          line
 63.2000    0    1.000   1.0000          NULL 
 64.2000    1    2.000   1.0000          line
 66.2000    0    1.300   1.0000          NULL 
 67.4999    1    2.000   1.0000          line
 69.4999    0    1.300   1.0000          NULL 
 70.7999    1    2.000   1.0000          line
 72.7999    0    1.200   1.0000          NULL 
 73.9999    1    2.000   1.0000          line
 75.9999    0    1.500   1.0000          NULL 
 77.4999    1    2.000   1.0000          line
 79.4999    0    1.000   1.0000          NULL 
 80.4999    1    2.000   1.0000          line
 82.4999    0    1.900   1.0000          NULL 
 84.3999    1    2.000   1.0000          line
 86.3999    0    1.100   1.0000          NULL 
 87.4999    1    2.000   1.0000          line
 89.4999    0    1.900   1.0000          NULL 
 91.3999    1    2.000   1.0000          line
 93.3999    0    1.400   1.0000          NULL 
 94.7999    1    2.000   1.0000          line
 96.7999    0    1.000   1.0000          NULL 
 97.7999    1    2.000   1.0000          line
 99.7999    0    1.100   1.0000          NULL 
100.8999    1    2.000   1.0000          line
102.8999    0    2.000   1.0000          NULL 
104.8999    1    2.000   1.0000          line
106.8999    0    1.700   1.0000          NULL 
108.5999    1    2.000   1.0000          line
110.5999    0    1.000   1.0000          NULL 
111.5999    1    2.000   1.0000          line
113.5999    0    1.000   1.0000          NULL 
114.5999    1    2.000   1.0000          line
116.5999    0    1.200   1.0000          NULL 
117.7999    1    2.000   1.0000          line
119.7999    0    1.000   1.0000          NULL 
120.7999    1    2.000   1.0000          line
122.7999    0    1.100   1.0000          NULL 
123.8999    1    2.000   1.0000          line
125.8999    0    1.100   1.0000          NULL 
126.9999    1    2.000   1.0000          line
128.9999    0    1.000   1.0000          NULL 
