  0.0000    1    2.000   1.0000          line
  2.0000    0    1.000   1.0000          NULL 
  3.0000    1    2.000   1.0000          line
  5.0000    0    1.900   1.0000          NULL 
  6.9000    1    2.000   1.0000          line
  8.9000    0    1.100   1.0000          NULL 
 10.0000    1    2.000   1.0000          line
 12.0000    0    1.300   1.0000          NULL 
 13.3000    1    2.000   1.0000          line
 15.3000    0    1.100   1.0000          NULL 
 16.4000    1    2.000   1.0000          line
 18.4000    0    1.000   1.0000          NULL 
 19.4000    1    2.000   1.0000          line
 21.4000    0    1.700   1.0000          NULL 
 23.1000    1    2.000   1.0000          line
 25.1000    0    1.700   1.0000          NULL 
 26.8000    1    2.000   1.0000          line
 28.8000    0    1.200   1.0000          NULL 
 30.0000    1    2.000   1.0000          line
 32.0000    0    1.800   1.0000          NULL 
 33.8000    1    2.000   1.0000          line
 35.8000    0    1.000   1.0000          NULL 
 36.8000    1    2.000   1.0000          line
 38.8000    0    1.300   1.0000          NULL 
 40.1000    1    2.000   1.0000          line
 42.1000    0    1.200   1.0000          NULL 
 43.3000    1    2.000   1.0000          line
 45.3000    0    1.400   1.0000          NULL 
 46.7000    1    2.000   1.0000          line
 48.7000    0    1.900   1.0000          NULL 
 50.6000    1    2.000   1.0000          line
 52.6000    0    1.100   1.0000          NULL 
 53.7000    1    2.000   1.0000          line
 55.7000    0    1.100   1.0000          NULL 
 56.8000    1    2.000   1.0000          line
 58.8000    0    1.200   1.0000          NULL 
 60.0000    1    2.000   1.0000          line
 62.0000    0    1.200   1.0000          NULL 
 63.2000    1    2.000   1.0000          line
 65.2000    0    1.000   1.0000          NULL 
 66.2000    1    2.000   1.0000          line
 68.2000    0    1.000   1.0000          NULL 
 69.2000    1    2.000   1.0000          line
 71.2000    0    1.300   1.0000          NULL 
 72.5000    1    2.000   1.0000          line
 74.5000    0    1.600   1.0000          NULL 
 76.0999    1    2.000   1.0000          line
 78.0999    0    1.100   1.0000          NULL 
 79.1999    1    2.000   1.0000          line
 81.1999    0    1.100   1.0000          NULL 
 82.2999    1    2.000   1.0000          line
 84.2999    0    1.000   1.0000          NULL 
 85.2999    1    2.000   1.0000          line
 87.2999    0    1.000   1.0000          NULL 
 88.2999    1    2.000   1.0000          line
 90.2999    0    1.500   1.0000          NULL 
 91.7999    1    2.000   1.0000          line
 93.7999    0    1.100   1.0000          NULL 
 94.8999    1    2.000   1.0000          line
 96.8999    0    1.200   1.0000          NULL 
 98.0999    1    2.000   1.0000          line
100.0999    0    2.000   1.0000          NULL 
102.0999    1    2.000   1.0000          line
104.0999    0    1.000   1.0000          NULL 
105.0999    1    2.000   1.0000          line
107.0999    0    1.000   1.0000          NULL 
108.0999    1    2.000   1.0000          line
110.0999    0    1.000   1.0000          NULL 
111.0999    1    2.000   1.0000          line
113.0999    0    1.100   1.0000          NULL 
114.1999    1    2.000   1.0000          line
116.1999    0    1.600   1.0000          NULL 
117.7999    1    2.000   1.0000          line
119.7999    0    1.100   1.0000          NULL 
120.8999    1    2.000   1.0000          line
122.8999    0    1.100   1.0000          NULL 
123.9999    1    2.000   1.0000          line
125.9999    0    1.000   1.0000          NULL 
126.9999    1    2.000   1.0000          line
128.9999    0    1.000   1.0000          NULL 
