  0.0000    1    2.000   1.0000          line
  2.0000    0    1.200   1.0000          NULL 
  3.2000    1    2.000   1.0000          line
  5.2000    0    1.100   1.0000          NULL 
  6.3000    1    2.000   1.0000          line
  8.3000    0    1.100   1.0000          NULL 
  9.4000    1    2.000   1.0000          line
 11.4000    0    1.600   1.0000          NULL 
 13.0000    1    2.000   1.0000          line
 15.0000    0    1.000   1.0000          NULL 
 16.0000    1    2.000   1.0000          line
 18.0000    0    2.000   1.0000          NULL 
 20.0000    1    2.000   1.0000          line
 22.0000    0    1.000   1.0000          NULL 
 23.0000    1    2.000   1.0000          line
 25.0000    0    1.200   1.0000          NULL 
 26.2000    1    2.000   1.0000          line
 28.2000    0    1.600   1.0000          NULL 
 29.8000    1    2.000   1.0000          line
 31.8000    0    1.000   1.0000          NULL 
 32.8000    1    2.000   1.0000          line
 34.8000    0    1.100   1.0000          NULL 
 35.9000    1    2.000   1.0000          line
 37.9000    0    1.800   1.0000          NULL 
 39.7000    1    2.000   1.0000          line
 41.7000    0    1.000   1.0000          NULL 
 42.7000    1    2.000   1.0000          line
 44.7000    0    1.300   1.0000          NULL 
 46.0000    1    2.000   1.0000          line
 48.0000    0    1.500   1.0000          NULL 
 49.5000    1    2.000   1.0000          line
 51.5000    0    1.000   1.0000          NULL 
 52.5000    1    2.000   1.0000          line
 54.5000    0    1.000   1.0000          NULL 
 55.5000    1    2.000   1.0000          line
 57.5000    0    1.400   1.0000          NULL 
 58.9000    1    2.000   1.0000          line
 60.9000    0    1.000   1.0000          NULL 
 61.9000    1    2.000   1.0000          line
 63.9000    0    1.800   1.0000          NULL 
 65.7000    1    2.000   1.0000          line
 67.7000    0    1.200   1.0000          NULL 
 68.9000    1    2.000   1.0000          line
 70.9000    0    1.300   1.0000          NULL 
 72.2000    1    2.000   1.0000          line
 74.2000    0    1.000   1.0000          NULL 
 75.2000    1    2.000   1.0000          line
 77.2000    0    1.200   1.0000          NULL 
 78.4000    1    2.000   1.0000          line
 80.4000    0    1.000   1.0000          NULL 
 81.4000    1    2.000   1.0000          line
 83.4000    0    1.100   1.0000          NULL 
 84.5000    1    2.000   1.0000          line
 86.5000    0    1.900   1.0000          NULL 
 88.3999    1    2.000   1.0000          line
 90.3999    0    1.000   1.0000          NULL 
 91.3999    1    2.000   1.0000          line
 93.3999    0    1.000   1.0000          NULL 
 94.3999    1    2.000   1.0000          line
 96.3999    0    1.100   1.0000          NULL 
 97.4999    1    2.000   1.0000          line
 99.4999    0    1.400   1.0000          NULL 
100.8999    1    2.000   1.0000          line
102.8999    0    1.000   1.0000          NULL 
103.8999    1    2.000   1.0000          line
105.8999    0    1.100   1.0000          NULL 
106.9999    1    2.000   1.0000          line
108.9999    0    1.500   1.0000          NULL 
110.4999    1    2.000   1.0000          line
112.4999    0    1.200   1.0000          NULL 
113.6999    1    2.000   1.0000          line
115.6999    0    1.300   1.0000          NULL 
116.9999    1    2.000   1.0000          line
118.9999    0    1.300   1.0000          NULL 
120.2999    1    2.000   1.0000          line
122.2999    0    1.100   1.0000          NULL 
123.3999    1    2.000   1.0000          line
125.3999    0    1.000   1.0000          NULL 
126.3999    1    2.000   1.0000          line
128.3999    0    1.600   1.0000          NULL 
