  0.0000    1    2.000   1.0000          line
  2.0000    0    1.000   1.0000          NULL 
  3.0000    1    2.000   1.0000          line
  5.0000    0    1.800   1.0000          NULL 
  6.8000    1    2.000   1.0000          line
  8.8000    0    1.200   1.0000          NULL 
 10.0000    1    2.000   1.0000          line
 12.0000    0    1.300   1.0000          NULL 
 13.3000    1    2.000   1.0000          line
 15.3000    0    1.000   1.0000          NULL 
 16.3000    1    2.000   1.0000          line
 18.3000    0    1.100   1.0000          NULL 
 19.4000    1    2.000   1.0000          line
 21.4000    0    1.300   1.0000          NULL 
 22.7000    1    2.000   1.0000          line
 24.7000    0    1.000   1.0000          NULL 
 25.7000    1    2.000   1.0000          line
 27.7000    0    1.600   1.0000          NULL 
 29.3000    1    2.000   1.0000          line
 31.3000    0    2.000   1.0000          NULL 
 33.3000    1    2.000   1.0000          line
 35.3000    0    1.100   1.0000          NULL 
 36.4000    1    2.000   1.0000          line
 38.4000    0    1.100   1.0000          NULL 
 39.5000    1    2.000   1.0000          line
 41.5000    0    1.300   1.0000          NULL 
 42.8000    1    2.000   1.0000          line
 44.8000    0    1.400   1.0000          NULL 
 46.2000    1    2.000   1.0000          line
 48.2000    0    1.100   1.0000          NULL 
 49.3000    1    2.000   1.0000          line
 51.3000    0    1.000   1.0000          NULL 
 52.3000    1    2.000   1.0000          line
 54.3000    0    1.900   1.0000          NULL 
 56.2000    1    2.000   1.0000          line
 58.2000    0    1.000   1.0000          NULL 
 59.2000    1    2.000   1.0000          line
 61.2000    0    1.000   1.0000          NULL 
 62.2000    1    2.000   1.0000          line
 64.2000    0    1.700   1.0000          NULL 
 65.8999    1    2.000   1.0000          line
 67.8999    0    1.100   1.0000          NULL 
 68.9999    1    2.000   1.0000          line
 70.9999    0    1.200   1.0000          NULL 
 72.1999    1    2.000   1.0000          line
 74.1999    0    1.000   1.0000          NULL 
 75.1999    1    2.000   1.0000          line
 77.1999    0    1.100   1.0000          NULL 
 78.2999    1    2.000   1.0000          line
 80.2999    0    1.000   1.0000          NULL 
 81.2999    1    2.000   1.0000          line
 83.2999    0    1.500   1.0000          NULL 
 84.7999    1    2.000   1.0000          line
 86.7999    0    1.500   1.0000          NULL 
 88.2999    1    2.000   1.0000          line
 90.2999    0    1.400   1.0000          NULL 
 91.6999    1    2.000   1.0000          line
 93.6999    0    1.000   1.0000          NULL 
 94.6999    1    2.000   1.0000          line
 96.6999    0    1.000   1.0000          NULL 
 97.6999    1    2.000   1.0000          line
 99.6999    0    1.200   1.0000          NULL 
100.8999    1    2.000   1.0000          line
102.8999    0    1.800   1.0000          NULL 
104.6999    1    2.000   1.0000          line
106.6999    0    1.000   1.0000          NULL 
107.6999    1    2.000   1.0000          line
109.6999    0    1.100   1.0000          NULL 
110.7999    1    2.000   1.0000          line
112.7999    0    1.000   1.0000          NULL 
113.7999    1    2.000   1.0000          line
115.7999    0    1.400   1.0000          NULL 
117.1999    1    2.000   1.0000          line
119.1999    0    1.200   1.0000          NULL 
120.3999    1    2.000   1.0000          line
122.3999    0    1.400   1.0000          NULL 
123.7999    1    2.000   1.0000          line
125.7999    0    1.100   1.0000          NULL 
126.8999    1    2.000   1.0000          line
128.8999    0    1.100   1.0000          NULL 
