  0.0000    1    2.000   1.0000          line
  2.0000    0    1.500   1.0000          NULL 
  3.5000    1    2.000   1.0000          line
  5.5000    0    0.500   1.0000          NULL 
  6.0000    1    2.000   1.0000          line
  8.0000    0    0.500   1.0000          NULL 
  8.5000    1    2.000   1.0000          line
 10.5000    0    0.500   1.0000          NULL 
 11.0000    1    2.000   1.0000          line
 13.0000    0    2.000   1.0000          NULL 
 15.0000    1    2.000   1.0000          line
 17.0000    0    1.500   1.0000          NULL 
 18.5000    1    2.000   1.0000          line
 20.5000    0    1.500   1.0000          NULL 
 22.0000    1    2.000   1.0000          line
 24.0000    0    0.500   1.0000          NULL 
 24.5000    1    2.000   1.0000          line
 26.5000    0    0.500   1.0000          NULL 
 27.0000    1    2.000   1.0000          line
 29.0000    0    2.500   1.0000          NULL 
 31.5000    1    2.000   1.0000          line
 33.5000    0    2.000   1.0000          NULL 
 35.5000    1    2.000   1.0000          line
 37.5000    0    3.500   1.0000          NULL 
 41.0000    1    2.000   1.0000          line
 43.0000    0    0.500   1.0000          NULL 
 43.5000    1    2.000   1.0000          line
 45.5000    0    0.500   1.0000          NULL 
 46.0000    1    2.000   1.0000          line
 48.0000    0    2.000   1.0000          NULL 
 50.0000    1    2.000   1.0000          line
 52.0000    0    0.500   1.0000          NULL 
 52.5000    1    2.000   1.0000          line
 54.5000    0    2.000   1.0000          NULL 
 56.5000    1    2.000   1.0000          line
 58.5000    0    1.500   1.0000          NULL 
 60.0000    1    2.000   1.0000          line
 62.0000    0    1.000   1.0000          NULL 
 63.0000    1    2.000   1.0000          line
 65.0000    0    0.500   1.0000          NULL 
 65.5000    1    2.000   1.0000          line
 67.5000    0    1.500   1.0000          NULL 
 69.0000    1    2.000   1.0000          line
 71.0000    0    1.000   1.0000          NULL 
 72.0000    1    2.000   1.0000          line
 74.0000    0    0.500   1.0000          NULL 
 74.5000    1    2.000   1.0000          line
 76.5000    0    0.500   1.0000          NULL 
 77.0000    1    2.000   1.0000          line
 79.0000    0    1.000   1.0000          NULL 
 80.0000    1    2.000   1.0000          line
 82.0000    0    1.000   1.0000          NULL 
 83.0000    1    2.000   1.0000          line
 85.0000    0    1.500   1.0000          NULL 
 86.5000    1    2.000   1.0000          line
 88.5000    0    4.000   1.0000          NULL 
 92.5000    1    2.000   1.0000          line
 94.5000    0    1.500   1.0000          NULL 
 96.0000    1    2.000   1.0000          line
 98.0000    0    0.500   1.0000          NULL 
 98.5000    1    2.000   1.0000          line
100.5000    0    2.000   1.0000          NULL 
102.5000    1    2.000   1.0000          line
104.5000    0    0.500   1.0000          NULL 
105.0000    1    2.000   1.0000          line
107.0000    0    0.500   1.0000          NULL 
107.5000    1    2.000   1.0000          line
109.5000    0    2.500   1.0000          NULL 
112.0000    1    2.000   1.0000          line
114.0000    0    2.500   1.0000          NULL 
116.5000    1    2.000   1.0000          line
118.5000    0    1.000   1.0000          NULL 
119.5000    1    2.000   1.0000          line
121.5000    0    1.500   1.0000          NULL 
123.0000    1    2.000   1.0000          line
125.0000    0    0.500   1.0000          NULL 
125.5000    1    2.000   1.0000          line
127.5000    0    1.000   1.0000          NULL 
128.5000    1    2.000   1.0000          line
130.5000    0    1.000   1.0000          NULL 
131.5000    1    2.000   1.0000          line
133.5000    0    4.000   1.0000          NULL 
137.5000    1    2.000   1.0000          line
139.5000    0    1.000   1.0000          NULL 
140.5000    1    2.000   1.0000          line
142.5000    0    0.500   1.0000          NULL 
143.0000    1    2.000   1.0000          line
145.0000    0    0.500   1.0000          NULL 
145.5000    1    2.000   1.0000          line
147.5000    0    1.500   1.0000          NULL 
149.0000    1    2.000   1.0000          line
151.0000    0    2.500   1.0000          NULL 
153.5000    1    2.000   1.0000          line
155.5000    0    1.500   1.0000          NULL 
157.0000    1    2.000   1.0000          line
159.0000    0    1.000   1.0000          NULL 
160.0000    1    2.000   1.0000          line
162.0000    0    3.000   1.0000          NULL 
165.0000    1    2.000   1.0000          line
167.0000    0    0.500   1.0000          NULL 
167.5000    1    2.000   1.0000          line
169.5000    0    0.500   1.0000          NULL 
170.0000    1    2.000   1.0000          line
172.0000    0    2.000   1.0000          NULL 
174.0000    1    2.000   1.0000          line
176.0000    0    0.500   1.0000          NULL 
176.5000    1    2.000   1.0000          line
178.5000    0    1.500   1.0000          NULL 
180.0000    1    2.000   1.0000          line
182.0000    0    0.500   1.0000          NULL 
182.5000    1    2.000   1.0000          line
184.5000    0    3.000   1.0000          NULL 
187.5000    1    2.000   1.0000          line
189.5000    0    0.500   1.0000          NULL 
190.0000    1    2.000   1.0000          line
192.0000    0    0.500   1.0000          NULL 
192.5000    1    2.000   1.0000          line
194.5000    0    1.000   1.0000          NULL 
195.5000    1    2.000   1.0000          line
197.5000    0    3.000   1.0000          NULL 
200.5000    1    2.000   1.0000          line
202.5000    0    4.000   1.0000          NULL 
206.5000    1    2.000   1.0000          line
208.5000    0    1.500   1.0000          NULL 
210.0000    1    2.000   1.0000          line
212.0000    0    1.000   1.0000          NULL 
213.0000    1    2.000   1.0000          line
215.0000    0    1.500   1.0000          NULL 
216.5000    1    2.000   1.0000          line
218.5000    0    0.500   1.0000          NULL 
219.0000    1    2.000   1.0000          line
221.0000    0    2.000   1.0000          NULL 
223.0000    1    2.000   1.0000          line
225.0000    0    1.000   1.0000          NULL 
226.0000    1    2.000   1.0000          line
228.0000    0    3.500   1.0000          NULL 
231.5000    1    2.000   1.0000          line
233.5000    0    0.500   1.0000          NULL 
234.0000    1    2.000   1.0000          line
236.0000    0    1.000   1.0000          NULL 
237.0000    1    2.000   1.0000          line
239.0000    0    1.000   1.0000          NULL 
240.0000    1    2.000   1.0000          line
242.0000    0    2.500   1.0000          NULL 
244.5000    1    2.000   1.0000          line
246.5000    0    1.500   1.0000          NULL 
248.0000    1    2.000   1.0000          line
250.0000    0    0.500   1.0000          NULL 
250.5000    1    2.000   1.0000          line
252.5000    0    1.500   1.0000          NULL 
254.0000    1    2.000   1.0000          line
256.0000    0    0.500   1.0000          NULL 
256.5000    1    2.000   1.0000          line
258.5000    0    0.500   1.0000          NULL 
259.0000    1    2.000   1.0000          line
261.0000    0    1.000   1.0000          NULL 
262.0000    1    2.000   1.0000          line
264.0000    0    0.500   1.0000          NULL 
264.5000    1    2.000   1.0000          line
266.5000    0    0.500   1.0000          NULL 
267.0000    1    2.000   1.0000          line
269.0000    0    1.500   1.0000          NULL 
270.5000    1    2.000   1.0000          line
272.5000    0    1.000   1.0000          NULL 
273.5000    1    2.000   1.0000          line
275.5000    0    0.500   1.0000          NULL 
276.0000    1    2.000   1.0000          line
278.0000    0    2.500   1.0000          NULL 
280.5000    1    2.000   1.0000          line
282.5000    0    0.500   1.0000          NULL 
283.0000    1    2.000   1.0000          line
285.0000    0    3.500   1.0000          NULL 
288.5000    1    2.000   1.0000          line
290.5000    0    0.500   1.0000          NULL 
291.0000    1    2.000   1.0000          line
293.0000    0    0.500   1.0000          NULL 
293.5000    1    2.000   1.0000          line
295.5000    0    1.000   1.0000          NULL 
296.5000    1    2.000   1.0000          line
298.5000    0    2.500   1.0000          NULL 
301.0000    1    2.000   1.0000          line
303.0000    0    0.500   1.0000          NULL 
303.5000    1    2.000   1.0000          line
305.5000    0    2.000   1.0000          NULL 
307.5000    1    2.000   1.0000          line
309.5000    0    0.500   1.0000          NULL 
310.0000    1    2.000   1.0000          line
312.0000    0    0.500   1.0000          NULL 
312.5000    1    2.000   1.0000          line
314.5000    0    1.500   1.0000          NULL 
316.0000    1    2.000   1.0000          line
318.0000    0    4.000   1.0000          NULL 
322.0000    1    2.000   1.0000          line
324.0000    0    0.500   1.0000          NULL 
324.5000    1    2.000   1.0000          line
326.5000    0    0.500   1.0000          NULL 
327.0000    1    2.000   1.0000          line
329.0000    0    1.500   1.0000          NULL 
330.5000    1    2.000   1.0000          line
332.5000    0    1.000   1.0000          NULL 
333.5000    1    2.000   1.0000          line
335.5000    0    0.500   1.0000          NULL 
336.0000    1    2.000   1.0000          line
338.0000    0    1.000   1.0000          NULL 
339.0000    1    2.000   1.0000          line
341.0000    0    1.000   1.0000          NULL 
342.0000    1    2.000   1.0000          line
344.0000    0    3.000   1.0000          NULL 
347.0000    1    2.000   1.0000          line
349.0000    0    2.500   1.0000          NULL 
351.5000    1    2.000   1.0000          line
353.5000    0    0.500   1.0000          NULL 
354.0000    1    2.000   1.0000          line
356.0000    0    3.000   1.0000          NULL 
359.0000    1    2.000   1.0000          line
361.0000    0    2.000   1.0000          NULL 
363.0000    1    2.000   1.0000          line
365.0000    0    3.000   1.0000          NULL 
368.0000    1    2.000   1.0000          line
370.0000    0    0.500   1.0000          NULL 
370.5000    1    2.000   1.0000          line
372.5000    0    1.000   1.0000          NULL 
373.5000    1    2.000   1.0000          line
375.5000    0    0.500   1.0000          NULL 
376.0000    1    2.000   1.0000          line
378.0000    0    0.500   1.0000          NULL 
378.5000    1    2.000   1.0000          line
380.5000    0    0.500   1.0000          NULL 
381.0000    1    2.000   1.0000          line
383.0000    0    0.500   1.0000          NULL 
383.5000    1    2.000   1.0000          line
385.5000    0    2.000   1.0000          NULL 
387.5000    1    2.000   1.0000          line
389.5000    0    2.000   1.0000          NULL 
391.5000    1    2.000   1.0000          line
393.5000    0    0.500   1.0000          NULL 
394.0000    1    2.000   1.0000          line
396.0000    0    0.500   1.0000          NULL 
396.5000    1    2.000   1.0000          line
398.5000    0    1.500   1.0000          NULL 
