  0.0000    1    2.000   1.0000          line
  2.0000    0    1.100   1.0000          NULL 
  3.1000    1    2.000   1.0000          line
  5.1000    0    1.300   1.0000          NULL 
  6.4000    1    2.000   1.0000          line
  8.4000    0    1.000   1.0000          NULL 
  9.4000    1    2.000   1.0000          line
 11.4000    0    1.100   1.0000          NULL 
 12.5000    1    2.000   1.0000          line
 14.5000    0    1.700   1.0000          NULL 
 16.2000    1    2.000   1.0000          line
 18.2000    0    1.400   1.0000          NULL 
 19.6000    1    2.000   1.0000          line
 21.6000    0    1.200   1.0000          NULL 
 22.8000    1    2.000   1.0000          line
 24.8000    0    1.000   1.0000          NULL 
 25.8000    1    2.000   1.0000          line
 27.8000    0    1.800   1.0000          NULL 
 29.6000    1    2.000   1.0000          line
 31.6000    0    1.000   1.0000          NULL 
 32.6000    1    2.000   1.0000          line
 34.6000    0    1.000   1.0000          NULL 
 35.6000    1    2.000   1.0000          line
 37.6000    0    2.000   1.0000          NULL 
 39.6000    1    2.000   1.0000          line
 41.6000    0    1.300   1.0000          NULL 
 42.9000    1    2.000   1.0000          line
 44.9000    0    1.600   1.0000          NULL 
 46.5000    1    2.000   1.0000          line
 48.5000    0    1.300   1.0000          NULL 
 49.8000    1    2.000   1.0000          line
 51.8000    0    1.300   1.0000          NULL 
 53.1000    1    2.000   1.0000          line
 55.1000    0    1.000   1.0000          NULL 
 56.1000    1    2.000   1.0000          line
 58.1000    0    1.600   1.0000          NULL 
 59.7000    1    2.000   1.0000          line
 61.7000    0    1.100   1.0000          NULL 
 62.8000    1    2.000   1.0000          line
 64.8000    0    1.000   1.0000          NULL 
 65.8000    1    2.000   1.0000          line
 67.8000    0    1.100   1.0000          NULL 
 68.9000    1    2.000   1.0000          line
 70.9000    0    1.100   1.0000          NULL 
 72.0000    1    2.000   1.0000          line
 74.0000    0    1.200   1.0000          NULL 
 75.2000    1    2.000   1.0000          line
 77.2000    0    1.800   1.0000          NULL 
 78.9999    1    2.000   1.0000          line
 80.9999    0    1.300   1.0000          NULL 
 82.2999    1    2.000   1.0000          line
 84.2999    0    1.000   1.0000          NULL 
 85.2999    1    2.000   1.0000          line
 87.2999    0    1.200   1.0000          NULL 
 88.4999    1    2.000   1.0000          line
 90.4999    0    1.000   1.0000          NULL 
 91.4999    1    2.000   1.0000          line
 93.4999    0    1.900   1.0000          NULL 
 95.3999    1    2.000   1.0000          line
 97.3999    0    1.000   1.0000          NULL 
 98.3999    1    2.000   1.0000          line
100.3999    0    1.000   1.0000          NULL 
101.3999    1    2.000   1.0000          line
103.3999    0    1.000   1.0000          NULL 
104.3999    1    2.000   1.0000          line
106.3999    0    1.800   1.0000          NULL 
108.1999    1    2.000   1.0000          line
110.1999    0    1.000   1.0000          NULL 
111.1999    1    2.000   1.0000          line
113.1999    0    1.400   1.0000          NULL 
114.5999    1    2.000   1.0000          line
116.5999    0    1.100   1.0000          NULL 
117.6999    1    2.000   1.0000          line
119.6999    0    1.100   1.0000          NULL 
120.7999    1    2.000   1.0000          line
122.7999    0    1.000   1.0000          NULL 
123.7999    1    2.000   1.0000          line
125.7999    0    1.000   1.0000          NULL 
126.7999    1    2.000   1.0000          line
128.7999    0    1.200   1.0000          NULL 
