  0.0000    1    2.000   1.0000          line
  2.0000    0    1.000   1.0000          NULL 
  3.0000    1    2.000   1.0000          line
  5.0000    0    1.300   1.0000          NULL 
  6.3000    1    2.000   1.0000          line
  8.3000    0    1.100   1.0000          NULL 
  9.4000    1    2.000   1.0000          line
 11.4000    0    1.300   1.0000          NULL 
 12.7000    1    2.000   1.0000          line
 14.7000    0    1.000   1.0000          NULL 
 15.7000    1    2.000   1.0000          line
 17.7000    0    1.200   1.0000          NULL 
 18.9000    1    2.000   1.0000          line
 20.9000    0    1.000   1.0000          NULL 
 21.9000    1    2.000   1.0000          line
 23.9000    0    1.900   1.0000          NULL 
 25.8000    1    2.000   1.0000          line
 27.8000    0    1.000   1.0000          NULL 
 28.8000    1    2.000   1.0000          line
 30.8000    0    1.000   1.0000          NULL 
 31.8000    1    2.000   1.0000          line
 33.8000    0    1.100   1.0000          NULL 
 34.9000    1    2.000   1.0000          line
 36.9000    0    1.600   1.0000          NULL 
 38.5000    1    2.000   1.0000          line
 40.5000    0    1.000   1.0000          NULL 
 41.5000    1    2.000   1.0000          line
 43.5000    0    1.700   1.0000          NULL 
 45.2000    1    2.000   1.0000          line
 47.2000    0    1.100   1.0000          NULL 
 48.3000    1    2.000   1.0000          line
 50.3000    0    1.400   1.0000          NULL 
 51.7000    1    2.000   1.0000          line
 53.7000    0    1.500   1.0000          NULL 
 55.2000    1    2.000   1.0000          line
 57.2000    0    1.000   1.0000          NULL 
 58.2000    1    2.000   1.0000          line
 60.2000    0    1.000   1.0000          NULL 
 61.2000    1    2.000   1.0000          line
 63.2000    0    1.700   1.0000          NULL 
 64.9000    1    2.000   1.0000          line
 66.9000    0    1.000   1.0000          NULL 
 67.9000    1    2.000   1.0000          line
 69.9000    0    1.000   1.0000          NULL 
 70.9000    1    2.000   1.0000          line
 72.9000    0    1.100   1.0000          NULL 
 74.0000    1    2.000   1.0000          line
 76.0000    0    2.000   1.0000          NULL 
 77.9999    1    2.000   1.0000          line
 79.9999    0    1.800   1.0000          NULL 
 81.7999    1    2.000   1.0000          line
 83.7999    0    1.100   1.0000          NULL 
 84.8999    1    2.000   1.0000          line
 86.8999    0    1.100   1.0000          NULL 
 87.9999    1    2.000   1.0000          line
 89.9999    0    1.000   1.0000          NULL 
 90.9999    1    2.000   1.0000          line
 92.9999    0    1.100   1.0000          NULL 
 94.0999    1    2.000   1.0000          line
 96.0999    0    1.000   1.0000          NULL 
 97.0999    1    2.000   1.0000          line
 99.0999    0    2.000   1.0000          NULL 
101.0999    1    2.000   1.0000          line
103.0999    0    1.000   1.0000          NULL 
104.0999    1    2.000   1.0000          line
106.0999    0    1.400   1.0000          NULL 
107.4999    1    2.000   1.0000          line
109.4999    0    1.300   1.0000          NULL 
110.7999    1    2.000   1.0000          line
112.7999    0    1.400   1.0000          NULL 
114.1999    1    2.000   1.0000          line
116.1999    0    1.500   1.0000          NULL 
117.6999    1    2.000   1.0000          line
119.6999    0    1.000   1.0000          NULL 
120.6999    1    2.000   1.0000          line
122.6999    0    1.000   1.0000          NULL 
123.6999    1    2.000   1.0000          line
125.6999    0    1.000   1.0000          NULL 
126.6999    1    2.000   1.0000          line
128.6999    0    1.300   1.0000          NULL 
