  0.0000    1    2.000   1.0000          line
  2.0000    0    1.000   1.0000          NULL 
  3.0000    1    2.000   1.0000          line
  5.0000    0    1.900   1.0000          NULL 
  6.9000    1    2.000   1.0000          line
  8.9000    0    1.000   1.0000          NULL 
  9.9000    1    2.000   1.0000          line
 11.9000    0    1.000   1.0000          NULL 
 12.9000    1    2.000   1.0000          line
 14.9000    0    1.400   1.0000          NULL 
 16.3000    1    2.000   1.0000          line
 18.3000    0    1.300   1.0000          NULL 
 19.6000    1    2.000   1.0000          line
 21.6000    0    1.000   1.0000          NULL 
 22.6000    1    2.000   1.0000          line
 24.6000    0    1.200   1.0000          NULL 
 25.8000    1    2.000   1.0000          line
 27.8000    0    1.000   1.0000          NULL 
 28.8000    1    2.000   1.0000          line
 30.8000    0    1.400   1.0000          NULL 
 32.2000    1    2.000   1.0000          line
 34.2000    0    1.600   1.0000          NULL 
 35.8000    1    2.000   1.0000          line
 37.8000    0    1.000   1.0000          NULL 
 38.8000    1    2.000   1.0000          line
 40.8000    0    1.100   1.0000          NULL 
 41.9000    1    2.000   1.0000          line
 43.9000    0    1.200   1.0000          NULL 
 45.1000    1    2.000   1.0000          line
 47.1000    0    1.100   1.0000          NULL 
 48.2000    1    2.000   1.0000          line
 50.2000    0    1.100   1.0000          NULL 
 51.3000    1    2.000   1.0000          line
 53.3000    0    1.500   1.0000          NULL 
 54.8000    1    2.000   1.0000          line
 56.8000    0    1.000   1.0000          NULL 
 57.8000    1    2.000   1.0000          line
 59.8000    0    1.100   1.0000          NULL 
 60.9000    1    2.000   1.0000          line
 62.9000    0    1.100   1.0000          NULL 
 64.0000    1    2.000   1.0000          line
 66.0000    0    1.600   1.0000          NULL 
 67.6000    1    2.000   1.0000          line
 69.6000    0    1.300   1.0000          NULL 
 70.9000    1    2.000   1.0000          line
 72.9000    0    2.000   1.0000          NULL 
 74.8999    1    2.000   1.0000          line
 76.8999    0    1.000   1.0000          NULL 
 77.8999    1    2.000   1.0000          line
 79.8999    0    1.000   1.0000          NULL 
 80.8999    1    2.000   1.0000          line
 82.8999    0    2.000   1.0000          NULL 
 84.8999    1    2.000   1.0000          line
 86.8999    0    1.100   1.0000          NULL 
 87.9999    1    2.000   1.0000          line
 89.9999    0    1.700   1.0000          NULL 
 91.6999    1    2.000   1.0000          line
 93.6999    0    1.000   1.0000          NULL 
 94.6999    1    2.000   1.0000          line
 96.6999    0    1.000   1.0000          NULL 
 97.6999    1    2.000   1.0000          line
 99.6999    0    1.700   1.0000          NULL 
101.3999    1    2.000   1.0000          line
103.3999    0    1.000   1.0000          NULL 
104.3999    1    2.000   1.0000          line
106.3999    0    1.100   1.0000          NULL 
107.4999    1    2.000   1.0000          line
109.4999    0    1.000   1.0000          NULL 
110.4999    1    2.000   1.0000          line
112.4999    0    1.800   1.0000          NULL 
114.2999    1    2.000   1.0000          line
116.2999    0    1.000   1.0000          NULL 
117.2999    1    2.000   1.0000          line
119.2999    0    1.100   1.0000          NULL 
120.3999    1    2.000   1.0000          line
122.3999    0    1.300   1.0000          NULL 
123.6999    1    2.000   1.0000          line
125.6999    0    1.200   1.0000          NULL 
126.8999    1    2.000   1.0000          line
128.8999    0    1.100   1.0000          NULL 
