  0.0000    1    2.000   1.0000          line
  2.0000    0    1.100   1.0000          NULL 
  3.1000    1    2.000   1.0000          line
  5.1000    0    1.700   1.0000          NULL 
  6.8000    1    2.000   1.0000          line
  8.8000    0    1.100   1.0000          NULL 
  9.9000    1    2.000   1.0000          line
 11.9000    0    1.000   1.0000          NULL 
 12.9000    1    2.000   1.0000          line
 14.9000    0    1.000   1.0000          NULL 
 15.9000    1    2.000   1.0000          line
 17.9000    0    1.000   1.0000          NULL 
 18.9000    1    2.000   1.0000          line
 20.9000    0    1.300   1.0000          NULL 
 22.2000    1    2.000   1.0000          line
 24.2000    0    1.700   1.0000          NULL 
 25.9000    1    2.000   1.0000          line
 27.9000    0    1.200   1.0000          NULL 
 29.1000    1    2.000   1.0000          line
 31.1000    0    2.000   1.0000          NULL 
 33.1000    1    2.000   1.0000          line
 35.1000    0    1.200   1.0000          NULL 
 36.3000    1    2.000   1.0000          line
 38.3000    0    1.100   1.0000          NULL 
 39.4000    1    2.000   1.0000          line
 41.4000    0    1.000   1.0000          NULL 
 42.4000    1    2.000   1.0000          line
 44.4000    0    1.900   1.0000          NULL 
 46.3000    1    2.000   1.0000          line
 48.3000    0    1.400   1.0000          NULL 
 49.7000    1    2.000   1.0000          line
 51.7000    0    1.000   1.0000          NULL 
 52.7000    1    2.000   1.0000          line
 54.7000    0    1.100   1.0000          NULL 
 55.8000    1    2.000   1.0000          line
 57.8000    0    1.000   1.0000          NULL 
 58.8000    1    2.000   1.0000          line
 60.8000    0    1.100   1.0000          NULL 
 61.9000    1    2.000   1.0000          line
 63.9000    0    1.200   1.0000          NULL 
 65.1000    1    2.000   1.0000          line
 67.1000    0    1.000   1.0000          NULL 
 68.1000    1    2.000   1.0000          line
 70.1000    0    1.100   1.0000          NULL 
 71.2000    1    2.000   1.0000          line
 73.2000    0    1.100   1.0000          NULL 
 74.3000    1    2.000   1.0000          line
 76.3000    0    1.400   1.0000          NULL 
 77.7000    1    2.000   1.0000          line
 79.7000    0    1.100   1.0000          NULL 
 80.7999    1    2.000   1.0000          line
 82.7999    0    1.100   1.0000          NULL 
 83.8999    1    2.000   1.0000          line
 85.8999    0    2.000   1.0000          NULL 
 87.8999    1    2.000   1.0000          line
 89.8999    0    1.100   1.0000          NULL 
 90.9999    1    2.000   1.0000          line
 92.9999    0    1.100   1.0000          NULL 
 94.0999    1    2.000   1.0000          line
 96.0999    0    1.200   1.0000          NULL 
 97.2999    1    2.000   1.0000          line
 99.2999    0    1.900   1.0000          NULL 
101.1999    1    2.000   1.0000          line
103.1999    0    1.000   1.0000          NULL 
104.1999    1    2.000   1.0000          line
106.1999    0    1.600   1.0000          NULL 
107.7999    1    2.000   1.0000          line
109.7999    0    1.800   1.0000          NULL 
111.5999    1    2.000   1.0000          line
113.5999    0    1.000   1.0000          NULL 
114.5999    1    2.000   1.0000          line
116.5999    0    1.000   1.0000          NULL 
117.5999    1    2.000   1.0000          line
119.5999    0    1.000   1.0000          NULL 
120.5999    1    2.000   1.0000          line
122.5999    0    1.200   1.0000          NULL 
123.7999    1    2.000   1.0000          line
125.7999    0    1.100   1.0000          NULL 
126.8999    1    2.000   1.0000          line
128.8999    0    1.100   1.0000          NULL 
