  0.0000    1    2.000   1.0000          line
  2.0000    0    1.000   1.0000          NULL 
  3.0000    1    2.000   1.0000          line
  5.0000    0    1.100   1.0000          NULL 
  6.1000    1    2.000   1.0000          line
  8.1000    0    2.000   1.0000          NULL 
 10.1000    1    2.000   1.0000          line
 12.1000    0    1.200   1.0000          NULL 
 13.3000    1    2.000   1.0000          line
 15.3000    0    1.000   1.0000          NULL 
 16.3000    1    2.000   1.0000          line
 18.3000    0    1.100   1.0000          NULL 
 19.4000    1    2.000   1.0000          line
 21.4000    0    1.000   1.0000          NULL 
 22.4000    1    2.000   1.0000          line
 24.4000    0    1.000   1.0000          NULL 
 25.4000    1    2.000   1.0000          line
 27.4000    0    2.000   1.0000          NULL 
 29.4000    1    2.000   1.0000          line
 31.4000    0    1.100   1.0000          NULL 
 32.5000    1    2.000   1.0000          line
 34.5000    0    1.500   1.0000          NULL 
 36.0000    1    2.000   1.0000          line
 38.0000    0    1.200   1.0000          NULL 
 39.2000    1    2.000   1.0000          line
 41.2000    0    1.100   1.0000          NULL 
 42.3000    1    2.000   1.0000          line
 44.3000    0    1.500   1.0000          NULL 
 45.8000    1    2.000   1.0000          line
 47.8000    0    1.300   1.0000          NULL 
 49.1000    1    2.000   1.0000          line
 51.1000    0    1.900   1.0000          NULL 
 53.0000    1    2.000   1.0000          line
 55.0000    0    1.000   1.0000          NULL 
 56.0000    1    2.000   1.0000          line
 58.0000    0    1.700   1.0000          NULL 
 59.7000    1    2.000   1.0000          line
 61.7000    0    1.000   1.0000          NULL 
 62.7000    1    2.000   1.0000          line
 64.7000    0    1.600   1.0000          NULL 
 66.2999    1    2.000   1.0000          line
 68.2999    0    1.000   1.0000          NULL 
 69.2999    1    2.000   1.0000          line
 71.2999    0    1.400   1.0000          NULL 
 72.6999    1    2.000   1.0000          line
 74.6999    0    1.200   1.0000          NULL 
 75.8999    1    2.000   1.0000          line
 77.8999    0    1.200   1.0000          NULL 
 79.0999    1    2.000   1.0000          line
 81.0999    0    1.000   1.0000          NULL 
 82.0999    1    2.000   1.0000          line
 84.0999    0    1.800   1.0000          NULL 
 85.8999    1    2.000   1.0000          line
 87.8999    0    1.300   1.0000          NULL 
 89.1999    1    2.000   1.0000          line
 91.1999    0    1.000   1.0000          NULL 
 92.1999    1    2.000   1.0000          line
 94.1999    0    1.000   1.0000          NULL 
 95.1999    1    2.000   1.0000          line
 97.1999    0    1.200   1.0000          NULL 
 98.3999    1    2.000   1.0000          line
100.3999    0    1.100   1.0000          NULL 
101.4999    1    2.000   1.0000          line
103.4999    0    1.100   1.0000          NULL 
104.5999    1    2.000   1.0000          line
106.5999    0    1.700   1.0000          NULL 
108.2999    1    2.000   1.0000          line
110.2999    0    1.200   1.0000          NULL 
111.4999    1    2.000   1.0000          line
113.4999    0    1.200   1.0000          NULL 
114.6999    1    2.000   1.0000          line
116.6999    0    1.200   1.0000          NULL 
117.8999    1    2.000   1.0000          line
119.8999    0    1.100   1.0000          NULL 
120.9999    1    2.000   1.0000          line
122.9999    0    1.000   1.0000          NULL 
123.9999    1    2.000   1.0000          line
125.9999    0    1.000   1.0000          NULL 
126.9999    1    2.000   1.0000          line
128.9999    0    1.000   1.0000          NULL 
