  0.0000    1    2.000   1.0000          line
  2.0000    0    1.200   1.0000          NULL 
  3.2000    1    2.000   1.0000          line
  5.2000    0    1.200   1.0000          NULL 
  6.4000    1    2.000   1.0000          line
  8.4000    0    1.800   1.0000          NULL 
 10.2000    1    2.000   1.0000          line
 12.2000    0    1.400   1.0000          NULL 
 13.6000    1    2.000   1.0000          line
 15.6000    0    1.100   1.0000          NULL 
 16.7000    1    2.000   1.0000          line
 18.7000    0    1.200   1.0000          NULL 
 19.9000    1    2.000   1.0000          line
 21.9000    0    1.800   1.0000          NULL 
 23.7000    1    2.000   1.0000          line
 25.7000    0    1.100   1.0000          NULL 
 26.8000    1    2.000   1.0000          line
 28.8000    0    2.000   1.0000          NULL 
 30.8000    1    2.000   1.0000          line
 32.8000    0    1.000   1.0000          NULL 
 33.8000    1    2.000   1.0000          line
 35.8000    0    1.000   1.0000          NULL 
 36.8000    1    2.000   1.0000          line
 38.8000    0    1.100   1.0000          NULL 
 39.9000    1    2.000   1.0000          line
 41.9000    0    1.700   1.0000          NULL 
 43.6000    1    2.000   1.0000          line
 45.6000    0    1.100   1.0000          NULL 
 46.7000    1    2.000   1.0000          line
 48.7000    0    1.000   1.0000          NULL 
 49.7000    1    2.000   1.0000          line
 51.7000    0    1.300   1.0000          NULL 
 53.0000    1    2.000   1.0000          line
 55.0000    0    1.300   1.0000          NULL 
 56.3000    1    2.000   1.0000          line
 58.3000    0    1.200   1.0000          NULL 
 59.5000    1    2.000   1.0000          line
 61.5000    0    1.500   1.0000          NULL 
 63.0000    1    2.000   1.0000          line
 65.0000    0    1.000   1.0000          NULL 
 66.0000    1    2.000   1.0000          line
 68.0000    0    1.000   1.0000          NULL 
 69.0000    1    2.000   1.0000          line
 71.0000    0    1.000   1.0000          NULL 
 72.0000    1    2.000   1.0000          line
 74.0000    0    1.000   1.0000          NULL 
 75.0000    1    2.000   1.0000          line
 77.0000    0    1.100   1.0000          NULL 
 78.1000    1    2.000   1.0000          line
 80.1000    0    1.800   1.0000          NULL 
 81.9000    1    2.000   1.0000          line
 83.9000    0    1.000   1.0000          NULL 
 84.9000    1    2.000   1.0000          line
 86.9000    0    1.000   1.0000          NULL 
 87.9000    1    2.000   1.0000          line
 89.9000    0    1.400   1.0000          NULL 
 91.3000    1    2.000   1.0000          line
 93.3000    0    1.200   1.0000          NULL 
 94.5000    1    2.000   1.0000          line
 96.5000    0    1.000   1.0000          NULL 
 97.5000    1    2.000   1.0000          line
 99.5000    0    1.800   1.0000          NULL 
101.2999    1    2.000   1.0000          line
103.2999    0    1.000   1.0000          NULL 
104.2999    1    2.000   1.0000          line
106.2999    0    1.600   1.0000          NULL 
107.8999    1    2.000   1.0000          line
109.8999    0    1.600   1.0000          NULL 
111.4999    1    2.000   1.0000          line
113.4999    0    1.000   1.0000          NULL 
114.4999    1    2.000   1.0000          line
116.4999    0    1.200   1.0000          NULL 
117.6999    1    2.000   1.0000          line
119.6999    0    1.000   1.0000          NULL 
120.6999    1    2.000   1.0000          line
122.6999    0    1.000   1.0000          NULL 
123.6999    1    2.000   1.0000          line
125.6999    0    1.000   1.0000          NULL 
126.6999    1    2.000   1.0000          line
128.6999    0    1.300   1.0000          NULL 
