  0.0000    1    2.000   1.0000          line
  2.0000    0    1.000   1.0000          NULL 
  3.0000    1    2.000   1.0000          line
  5.0000    0    1.100   1.0000          NULL 
  6.1000    1    2.000   1.0000          line
  8.1000    0    1.600   1.0000          NULL 
  9.7000    1    2.000   1.0000          line
 11.7000    0    1.000   1.0000          NULL 
 12.7000    1    2.000   1.0000          line
 14.7000    0    2.000   1.0000          NULL 
 16.7000    1    2.000   1.0000          line
 18.7000    0    1.300   1.0000          NULL 
 20.0000    1    2.000   1.0000          line
 22.0000    0    1.000   1.0000          NULL 
 23.0000    1    2.000   1.0000          line
 25.0000    0    1.000   1.0000          NULL 
 26.0000    1    2.000   1.0000          line
 28.0000    0    1.500   1.0000          NULL 
 29.5000    1    2.000   1.0000          line
 31.5000    0    1.100   1.0000          NULL 
 32.6000    1    2.000   1.0000          line
 34.6000    0    1.200   1.0000          NULL 
 35.8000    1    2.000   1.0000          line
 37.8000    0    1.800   1.0000          NULL 
 39.6000    1    2.000   1.0000          line
 41.6000    0    1.000   1.0000          NULL 
 42.6000    1    2.000   1.0000          line
 44.6000    0    1.000   1.0000          NULL 
 45.6000    1    2.000   1.0000          line
 47.6000    0    1.900   1.0000          NULL 
 49.5000    1    2.000   1.0000          line
 51.5000    0    1.200   1.0000          NULL 
 52.7000    1    2.000   1.0000          line
 54.7000    0    1.000   1.0000          NULL 
 55.7000    1    2.000   1.0000          line
 57.7000    0    1.000   1.0000          NULL 
 58.7000    1    2.000   1.0000          line
 60.7000    0    1.400   1.0000          NULL 
 62.1000    1    2.000   1.0000          line
 64.1000    0    1.100   1.0000          NULL 
 65.2000    1    2.000   1.0000          line
 67.2000    0    1.000   1.0000          NULL 
 68.2000    1    2.000   1.0000          line
 70.2000    0    1.600   1.0000          NULL 
 71.8000    1    2.000   1.0000          line
 73.8000    0    1.100   1.0000          NULL 
 74.9000    1    2.000   1.0000          line
 76.9000    0    1.300   1.0000          NULL 
 78.2000    1    2.000   1.0000          line
 80.2000    0    1.100   1.0000          NULL 
 81.2999    1    2.000   1.0000          line
 83.2999    0    1.500   1.0000          NULL 
 84.7999    1    2.000   1.0000          line
 86.7999    0    1.000   1.0000          NULL 
 87.7999    1    2.000   1.0000          line
 89.7999    0    1.400   1.0000          NULL 
 91.1999    1    2.000   1.0000          line
 93.1999    0    1.100   1.0000          NULL 
 94.2999    1    2.000   1.0000          line
 96.2999    0    1.000   1.0000          NULL 
 97.2999    1    2.000   1.0000          line
 99.2999    0    1.100   1.0000          NULL 
100.3999    1    2.000   1.0000          line
102.3999    0    1.400   1.0000          NULL 
103.7999    1    2.000   1.0000          line
105.7999    0    1.200   1.0000          NULL 
106.9999    1    2.000   1.0000          line
108.9999    0    1.500   1.0000          NULL 
110.4999    1    2.000   1.0000          line
112.4999    0    1.500   1.0000          NULL 
113.9999    1    2.000   1.0000          line
115.9999    0    1.000   1.0000          NULL 
116.9999    1    2.000   1.0000          line
118.9999    0    2.000   1.0000          NULL 
120.9999    1    2.000   1.0000          line
122.9999    0    1.000   1.0000          NULL 
123.9999    1    2.000   1.0000          line
125.9999    0    1.000   1.0000          NULL 
126.9999    1    2.000   1.0000          line
128.9999    0    1.000   1.0000          NULL 
