  0.0000    1    2.000   1.0000          line
  2.0000    0    0.500   1.0000          NULL 
  2.5000    1    2.000   1.0000          line
  4.5000    0    0.500   1.0000          NULL 
  5.0000    1    2.000   1.0000          line
  7.0000    0    0.500   1.0000          NULL 
  7.5000    1    2.000   1.0000          line
  9.5000    0    1.000   1.0000          NULL 
 10.5000    1    2.000   1.0000          line
 12.5000    0    0.500   1.0000          NULL 
 13.0000    1    2.000   1.0000          line
 15.0000    0    3.000   1.0000          NULL 
 18.0000    1    2.000   1.0000          line
 20.0000    0    2.500   1.0000          NULL 
 22.5000    1    2.000   1.0000          line
 24.5000    0    1.000   1.0000          NULL 
 25.5000    1    2.000   1.0000          line
 27.5000    0    0.500   1.0000          NULL 
 28.0000    1    2.000   1.0000          line
 30.0000    0    4.000   1.0000          NULL 
 34.0000    1    2.000   1.0000          line
 36.0000    0    0.500   1.0000          NULL 
 36.5000    1    2.000   1.0000          line
 38.5000    0    0.500   1.0000          NULL 
 39.0000    1    2.000   1.0000          line
 41.0000    0    1.000   1.0000          NULL 
 42.0000    1    2.000   1.0000          line
 44.0000    0    0.500   1.0000          NULL 
 44.5000    1    2.000   1.0000          line
 46.5000    0    1.000   1.0000          NULL 
 47.5000    1    2.000   1.0000          line
 49.5000    0    1.000   1.0000          NULL 
 50.5000    1    2.000   1.0000          line
 52.5000    0    0.500   1.0000          NULL 
 53.0000    1    2.000   1.0000          line
 55.0000    0    2.000   1.0000          NULL 
 57.0000    1    2.000   1.0000          line
 59.0000    0    1.000   1.0000          NULL 
 60.0000    1    2.000   1.0000          line
 62.0000    0    1.000   1.0000          NULL 
 63.0000    1    2.000   1.0000          line
 65.0000    0    2.000   1.0000          NULL 
 67.0000    1    2.000   1.0000          line
 69.0000    0    1.500   1.0000          NULL 
 70.5000    1    2.000   1.0000          line
 72.5000    0    3.500   1.0000          NULL 
 76.0000    1    2.000   1.0000          line
 78.0000    0    1.000   1.0000          NULL 
 79.0000    1    2.000   1.0000          line
 81.0000    0    2.500   1.0000          NULL 
 83.5000    1    2.000   1.0000          line
 85.5000    0    2.500   1.0000          NULL 
 88.0000    1    2.000   1.0000          line
 90.0000    0    1.000   1.0000          NULL 
 91.0000    1    2.000   1.0000          line
 93.0000    0    1.500   1.0000          NULL 
 94.5000    1    2.000   1.0000          line
 96.5000    0    0.500   1.0000          NULL 
 97.0000    1    2.000   1.0000          line
 99.0000    0    1.000   1.0000          NULL 
100.0000    1    2.000   1.0000          line
102.0000    0    0.500   1.0000          NULL 
102.5000    1    2.000   1.0000          line
104.5000    0    2.500   1.0000          NULL 
107.0000    1    2.000   1.0000          line
109.0000    0    1.000   1.0000          NULL 
110.0000    1    2.000   1.0000          line
112.0000    0    0.500   1.0000          NULL 
112.5000    1    2.000   1.0000          line
114.5000    0    0.500   1.0000          NULL 
115.0000    1    2.000   1.0000          line
117.0000    0    0.500   1.0000          NULL 
117.5000    1    2.000   1.0000          line
119.5000    0    3.500   1.0000          NULL 
123.0000    1    2.000   1.0000          line
125.0000    0    0.500   1.0000          NULL 
125.5000    1    2.000   1.0000          line
127.5000    0    0.500   1.0000          NULL 
128.0000    1    2.000   1.0000          line
130.0000    0    2.000   1.0000          NULL 
132.0000    1    2.000   1.0000          line
134.0000    0    0.500   1.0000          NULL 
134.5000    1    2.000   1.0000          line
136.5000    0    4.000   1.0000          NULL 
140.5000    1    2.000   1.0000          line
142.5000    0    1.000   1.0000          NULL 
143.5000    1    2.000   1.0000          line
145.5000    0    3.500   1.0000          NULL 
149.0000    1    2.000   1.0000          line
151.0000    0    3.000   1.0000          NULL 
154.0000    1    2.000   1.0000          line
156.0000    0    1.500   1.0000          NULL 
157.5000    1    2.000   1.0000          line
159.5000    0    1.000   1.0000          NULL 
160.5000    1    2.000   1.0000          line
162.5000    0    0.500   1.0000          NULL 
163.0000    1    2.000   1.0000          line
165.0000    0    1.500   1.0000          NULL 
166.5000    1    2.000   1.0000          line
168.5000    0    0.500   1.0000          NULL 
169.0000    1    2.000   1.0000          line
171.0000    0    0.500   1.0000          NULL 
171.5000    1    2.000   1.0000          line
173.5000    0    0.500   1.0000          NULL 
174.0000    1    2.000   1.0000          line
176.0000    0    1.500   1.0000          NULL 
177.5000    1    2.000   1.0000          line
179.5000    0    0.500   1.0000          NULL 
180.0000    1    2.000   1.0000          line
182.0000    0    1.000   1.0000          NULL 
183.0000    1    2.000   1.0000          line
185.0000    0    2.500   1.0000          NULL 
187.5000    1    2.000   1.0000          line
189.5000    0    1.000   1.0000          NULL 
190.5000    1    2.000   1.0000          line
192.5000    0    0.500   1.0000          NULL 
193.0000    1    2.000   1.0000          line
195.0000    0    1.500   1.0000          NULL 
196.5000    1    2.000   1.0000          line
198.5000    0    2.000   1.0000          NULL 
200.5000    1    2.000   1.0000          line
202.5000    0    0.500   1.0000          NULL 
203.0000    1    2.000   1.0000          line
205.0000    0    3.500   1.0000          NULL 
208.5000    1    2.000   1.0000          line
210.5000    0    0.500   1.0000          NULL 
211.0000    1    2.000   1.0000          line
213.0000    0    2.000   1.0000          NULL 
215.0000    1    2.000   1.0000          line
217.0000    0    0.500   1.0000          NULL 
217.5000    1    2.000   1.0000          line
219.5000    0    0.500   1.0000          NULL 
220.0000    1    2.000   1.0000          line
222.0000    0    1.000   1.0000          NULL 
223.0000    1    2.000   1.0000          line
225.0000    0    0.500   1.0000          NULL 
225.5000    1    2.000   1.0000          line
227.5000    0    4.000   1.0000          NULL 
231.5000    1    2.000   1.0000          line
233.5000    0    1.000   1.0000          NULL 
234.5000    1    2.000   1.0000          line
236.5000    0    1.500   1.0000          NULL 
238.0000    1    2.000   1.0000          line
240.0000    0    0.500   1.0000          NULL 
240.5000    1    2.000   1.0000          line
242.5000    0    1.500   1.0000          NULL 
244.0000    1    2.000   1.0000          line
246.0000    0    1.500   1.0000          NULL 
247.5000    1    2.000   1.0000          line
249.5000    0    1.000   1.0000          NULL 
250.5000    1    2.000   1.0000          line
252.5000    0    2.500   1.0000          NULL 
255.0000    1    2.000   1.0000          line
257.0000    0    1.000   1.0000          NULL 
258.0000    1    2.000   1.0000          line
260.0000    0    1.000   1.0000          NULL 
261.0000    1    2.000   1.0000          line
263.0000    0    2.500   1.0000          NULL 
265.5000    1    2.000   1.0000          line
267.5000    0    0.500   1.0000          NULL 
268.0000    1    2.000   1.0000          line
270.0000    0    0.500   1.0000          NULL 
270.5000    1    2.000   1.0000          line
272.5000    0    0.500   1.0000          NULL 
273.0000    1    2.000   1.0000          line
275.0000    0    0.500   1.0000          NULL 
275.5000    1    2.000   1.0000          line
277.5000    0    1.000   1.0000          NULL 
278.5000    1    2.000   1.0000          line
280.5000    0    3.500   1.0000          NULL 
284.0000    1    2.000   1.0000          line
286.0000    0    1.000   1.0000          NULL 
287.0000    1    2.000   1.0000          line
289.0000    0    0.500   1.0000          NULL 
289.5000    1    2.000   1.0000          line
291.5000    0    4.000   1.0000          NULL 
295.5000    1    2.000   1.0000          line
297.5000    0    1.500   1.0000          NULL 
299.0000    1    2.000   1.0000          line
301.0000    0    0.500   1.0000          NULL 
301.5000    1    2.000   1.0000          line
303.5000    0    3.500   1.0000          NULL 
307.0000    1    2.000   1.0000          line
309.0000    0    1.500   1.0000          NULL 
310.5000    1    2.000   1.0000          line
312.5000    0    2.500   1.0000          NULL 
315.0000    1    2.000   1.0000          line
317.0000    0    0.500   1.0000          NULL 
317.5000    1    2.000   1.0000          line
319.5000    0    1.000   1.0000          NULL 
320.5000    1    2.000   1.0000          line
322.5000    0    1.500   1.0000          NULL 
324.0000    1    2.000   1.0000          line
326.0000    0    1.000   1.0000          NULL 
327.0000    1    2.000   1.0000          line
329.0000    0    0.500   1.0000          NULL 
329.5000    1    2.000   1.0000          line
331.5000    0    0.500   1.0000          NULL 
332.0000    1    2.000   1.0000          line
334.0000    0    1.000   1.0000          NULL 
335.0000    1    2.000   1.0000          line
337.0000    0    0.500   1.0000          NULL 
337.5000    1    2.000   1.0000          line
339.5000    0    1.500   1.0000          NULL 
341.0000    1    2.000   1.0000          line
343.0000    0    1.000   1.0000          NULL 
344.0000    1    2.000   1.0000          line
346.0000    0    4.000   1.0000          NULL 
350.0000    1    2.000   1.0000          line
352.0000    0    1.000   1.0000          NULL 
353.0000    1    2.000   1.0000          line
355.0000    0    0.500   1.0000          NULL 
355.5000    1    2.000   1.0000          line
357.5000    0    1.000   1.0000          NULL 
358.5000    1    2.000   1.0000          line
360.5000    0    0.500   1.0000          NULL 
361.0000    1    2.000   1.0000          line
363.0000    0    0.500   1.0000          NULL 
363.5000    1    2.000   1.0000          line
365.5000    0    3.000   1.0000          NULL 
368.5000    1    2.000   1.0000          line
370.5000    0    1.000   1.0000          NULL 
371.5000    1    2.000   1.0000          line
373.5000    0    1.000   1.0000          NULL 
374.5000    1    2.000   1.0000          line
376.5000    0    0.500   1.0000          NULL 
377.0000    1    2.000   1.0000          line
379.0000    0    0.500   1.0000          NULL 
379.5000    1    2.000   1.0000          line
381.5000    0    1.000   1.0000          NULL 
382.5000    1    2.000   1.0000          line
384.5000    0    4.000   1.0000          NULL 
388.5000    1    2.000   1.0000          line
390.5000    0    0.500   1.0000          NULL 
391.0000    1    2.000   1.0000          line
393.0000    0    2.000   1.0000          NULL 
395.0000    1    2.000   1.0000          line
397.0000    0    0.500   1.0000          NULL 
397.5000    1    2.000   1.0000          line
399.5000    0    0.500   1.0000          NULL 
