  0.0000    1    2.000   1.0000          line
  2.0000    0    0.500   1.0000          NULL 
  2.5000    1    2.000   1.0000          line
  4.5000    0    1.000   1.0000          NULL 
  5.5000    1    2.000   1.0000          line
  7.5000    0    0.500   1.0000          NULL 
  8.0000    1    2.000   1.0000          line
 10.0000    0    2.500   1.0000          NULL 
 12.5000    1    2.000   1.0000          line
 14.5000    0    1.000   1.0000          NULL 
 15.5000    1    2.000   1.0000          line
 17.5000    0    1.500   1.0000          NULL 
 19.0000    1    2.000   1.0000          line
 21.0000    0    1.000   1.0000          NULL 
 22.0000    1    2.000   1.0000          line
 24.0000    0    1.500   1.0000          NULL 
 25.5000    1    2.000   1.0000          line
 27.5000    0    0.500   1.0000          NULL 
 28.0000    1    2.000   1.0000          line
 30.0000    0    3.500   1.0000          NULL 
 33.5000    1    2.000   1.0000          line
 35.5000    0    1.500   1.0000          NULL 
 37.0000    1    2.000   1.0000          line
 39.0000    0    0.500   1.0000          NULL 
 39.5000    1    2.000   1.0000          line
 41.5000    0    1.000   1.0000          NULL 
 42.5000    1    2.000   1.0000          line
 44.5000    0    3.500   1.0000          NULL 
 48.0000    1    2.000   1.0000          line
 50.0000    0    0.500   1.0000          NULL 
 50.5000    1    2.000   1.0000          line
 52.5000    0    0.500   1.0000          NULL 
 53.0000    1    2.000   1.0000          line
 55.0000    0    1.500   1.0000          NULL 
 56.5000    1    2.000   1.0000          line
 58.5000    0    0.500   1.0000          NULL 
 59.0000    1    2.000   1.0000          line
 61.0000    0    4.000   1.0000          NULL 
 65.0000    1    2.000   1.0000          line
 67.0000    0    1.000   1.0000          NULL 
 68.0000    1    2.000   1.0000          line
 70.0000    0    2.000   1.0000          NULL 
 72.0000    1    2.000   1.0000          line
 74.0000    0    1.000   1.0000          NULL 
 75.0000    1    2.000   1.0000          line
 77.0000    0    1.000   1.0000          NULL 
 78.0000    1    2.000   1.0000          line
 80.0000    0    0.500   1.0000          NULL 
 80.5000    1    2.000   1.0000          line
 82.5000    0    2.000   1.0000          NULL 
 84.5000    1    2.000   1.0000          line
 86.5000    0    1.000   1.0000          NULL 
 87.5000    1    2.000   1.0000          line
 89.5000    0    0.500   1.0000          NULL 
 90.0000    1    2.000   1.0000          line
 92.0000    0    3.000   1.0000          NULL 
 95.0000    1    2.000   1.0000          line
 97.0000    0    0.500   1.0000          NULL 
 97.5000    1    2.000   1.0000          line
 99.5000    0    1.000   1.0000          NULL 
100.5000    1    2.000   1.0000          line
102.5000    0    0.500   1.0000          NULL 
103.0000    1    2.000   1.0000          line
105.0000    0    4.000   1.0000          NULL 
109.0000    1    2.000   1.0000          line
111.0000    0    3.000   1.0000          NULL 
114.0000    1    2.000   1.0000          line
116.0000    0    1.000   1.0000          NULL 
117.0000    1    2.000   1.0000          line
119.0000    0    1.500   1.0000          NULL 
120.5000    1    2.000   1.0000          line
122.5000    0    1.500   1.0000          NULL 
124.0000    1    2.000   1.0000          line
126.0000    0    0.500   1.0000          NULL 
126.5000    1    2.000   1.0000          line
128.5000    0    1.500   1.0000          NULL 
130.0000    1    2.000   1.0000          line
132.0000    0    1.000   1.0000          NULL 
133.0000    1    2.000   1.0000          line
135.0000    0    1.000   1.0000          NULL 
136.0000    1    2.000   1.0000          line
138.0000    0    1.500   1.0000          NULL 
139.5000    1    2.000   1.0000          line
141.5000    0    1.000   1.0000          NULL 
142.5000    1    2.000   1.0000          line
144.5000    0    1.000   1.0000          NULL 
145.5000    1    2.000   1.0000          line
147.5000    0    1.500   1.0000          NULL 
149.0000    1    2.000   1.0000          line
151.0000    0    3.000   1.0000          NULL 
154.0000    1    2.000   1.0000          line
156.0000    0    1.500   1.0000          NULL 
157.5000    1    2.000   1.0000          line
159.5000    0    3.000   1.0000          NULL 
162.5000    1    2.000   1.0000          line
164.5000    0    0.500   1.0000          NULL 
165.0000    1    2.000   1.0000          line
167.0000    0    2.500   1.0000          NULL 
169.5000    1    2.000   1.0000          line
171.5000    0    1.500   1.0000          NULL 
173.0000    1    2.000   1.0000          line
175.0000    0    1.000   1.0000          NULL 
176.0000    1    2.000   1.0000          line
178.0000    0    0.500   1.0000          NULL 
178.5000    1    2.000   1.0000          line
180.5000    0    2.000   1.0000          NULL 
182.5000    1    2.000   1.0000          line
184.5000    0    1.500   1.0000          NULL 
186.0000    1    2.000   1.0000          line
188.0000    0    0.500   1.0000          NULL 
188.5000    1    2.000   1.0000          line
190.5000    0    2.000   1.0000          NULL 
192.5000    1    2.000   1.0000          line
194.5000    0    0.500   1.0000          NULL 
195.0000    1    2.000   1.0000          line
197.0000    0    0.500   1.0000          NULL 
197.5000    1    2.000   1.0000          line
199.5000    0    3.000   1.0000          NULL 
202.5000    1    2.000   1.0000          line
204.5000    0    0.500   1.0000          NULL 
205.0000    1    2.000   1.0000          line
207.0000    0    0.500   1.0000          NULL 
207.5000    1    2.000   1.0000          line
209.5000    0    0.500   1.0000          NULL 
210.0000    1    2.000   1.0000          line
212.0000    0    1.000   1.0000          NULL 
213.0000    1    2.000   1.0000          line
215.0000    0    1.500   1.0000          NULL 
216.5000    1    2.000   1.0000          line
218.5000    0    2.000   1.0000          NULL 
220.5000    1    2.000   1.0000          line
222.5000    0    0.500   1.0000          NULL 
223.0000    1    2.000   1.0000          line
225.0000    0    0.500   1.0000          NULL 
225.5000    1    2.000   1.0000          line
227.5000    0    0.500   1.0000          NULL 
228.0000    1    2.000   1.0000          line
230.0000    0    2.000   1.0000          NULL 
232.0000    1    2.000   1.0000          line
234.0000    0    2.500   1.0000          NULL 
236.5000    1    2.000   1.0000          line
238.5000    0    2.500   1.0000          NULL 
241.0000    1    2.000   1.0000          line
243.0000    0    1.000   1.0000          NULL 
244.0000    1    2.000   1.0000          line
246.0000    0    0.500   1.0000          NULL 
246.5000    1    2.000   1.0000          line
248.5000    0    0.500   1.0000          NULL 
249.0000    1    2.000   1.0000          line
251.0000    0    0.500   1.0000          NULL 
251.5000    1    2.000   1.0000          line
253.5000    0    2.000   1.0000          NULL 
255.5000    1    2.000   1.0000          line
257.5000    0    0.500   1.0000          NULL 
258.0000    1    2.000   1.0000          line
260.0000    0    0.500   1.0000          NULL 
260.5000    1    2.000   1.0000          line
262.5000    0    3.000   1.0000          NULL 
265.5000    1    2.000   1.0000          line
267.5000    0    2.500   1.0000          NULL 
270.0000    1    2.000   1.0000          line
272.0000    0    1.500   1.0000          NULL 
273.5000    1    2.000   1.0000          line
275.5000    0    0.500   1.0000          NULL 
276.0000    1    2.000   1.0000          line
278.0000    0    0.500   1.0000          NULL 
278.5000    1    2.000   1.0000          line
280.5000    0    1.000   1.0000          NULL 
281.5000    1    2.000   1.0000          line
283.5000    0    2.000   1.0000          NULL 
285.5000    1    2.000   1.0000          line
287.5000    0    1.500   1.0000          NULL 
289.0000    1    2.000   1.0000          line
291.0000    0    1.500   1.0000          NULL 
292.5000    1    2.000   1.0000          line
294.5000    0    0.500   1.0000          NULL 
295.0000    1    2.000   1.0000          line
297.0000    0    0.500   1.0000          NULL 
297.5000    1    2.000   1.0000          line
299.5000    0    1.500   1.0000          NULL 
301.0000    1    2.000   1.0000          line
303.0000    0    2.500   1.0000          NULL 
305.5000    1    2.000   1.0000          line
307.5000    0    1.000   1.0000          NULL 
308.5000    1    2.000   1.0000          line
310.5000    0    0.500   1.0000          NULL 
311.0000    1    2.000   1.0000          line
313.0000    0    0.500   1.0000          NULL 
313.5000    1    2.000   1.0000          line
315.5000    0    2.500   1.0000          NULL 
318.0000    1    2.000   1.0000          line
320.0000    0    2.000   1.0000          NULL 
322.0000    1    2.000   1.0000          line
324.0000    0    0.500   1.0000          NULL 
324.5000    1    2.000   1.0000          line
326.5000    0    0.500   1.0000          NULL 
327.0000    1    2.000   1.0000          line
329.0000    0    1.000   1.0000          NULL 
330.0000    1    2.000   1.0000          line
332.0000    0    0.500   1.0000          NULL 
332.5000    1    2.000   1.0000          line
334.5000    0    3.500   1.0000          NULL 
338.0000    1    2.000   1.0000          line
340.0000    0    1.000   1.0000          NULL 
341.0000    1    2.000   1.0000          line
343.0000    0    0.500   1.0000          NULL 
343.5000    1    2.000   1.0000          line
345.5000    0    3.000   1.0000          NULL 
348.5000    1    2.000   1.0000          line
350.5000    0    0.500   1.0000          NULL 
351.0000    1    2.000   1.0000          line
353.0000    0    1.000   1.0000          NULL 
354.0000    1    2.000   1.0000          line
356.0000    0    1.000   1.0000          NULL 
357.0000    1    2.000   1.0000          line
359.0000    0    0.500   1.0000          NULL 
359.5000    1    2.000   1.0000          line
361.5000    0    0.500   1.0000          NULL 
362.0000    1    2.000   1.0000          line
364.0000    0    1.000   1.0000          NULL 
365.0000    1    2.000   1.0000          line
367.0000    0    2.000   1.0000          NULL 
369.0000    1    2.000   1.0000          line
371.0000    0    0.500   1.0000          NULL 
371.5000    1    2.000   1.0000          line
373.5000    0    1.500   1.0000          NULL 
375.0000    1    2.000   1.0000          line
377.0000    0    2.000   1.0000          NULL 
379.0000    1    2.000   1.0000          line
381.0000    0    0.500   1.0000          NULL 
381.5000    1    2.000   1.0000          line
383.5000    0    3.500   1.0000          NULL 
387.0000    1    2.000   1.0000          line
389.0000    0    2.000   1.0000          NULL 
391.0000    1    2.000   1.0000          line
393.0000    0    0.500   1.0000          NULL 
393.5000    1    2.000   1.0000          line
395.5000    0    2.000   1.0000          NULL 
397.5000    1    2.000   1.0000          line
399.5000    0    0.500   1.0000          NULL 
