  0.0000    1    2.000   1.0000          line
  2.0000    0    1.000   1.0000          NULL 
  3.0000    1    2.000   1.0000          line
  5.0000    0    1.100   1.0000          NULL 
  6.1000    1    2.000   1.0000          line
  8.1000    0    1.400   1.0000          NULL 
  9.5000    1    2.000   1.0000          line
 11.5000    0    1.800   1.0000          NULL 
 13.3000    1    2.000   1.0000          line
 15.3000    0    1.100   1.0000          NULL 
 16.4000    1    2.000   1.0000          line
 18.4000    0    1.000   1.0000          NULL 
 19.4000    1    2.000   1.0000          line
 21.4000    0    1.200   1.0000          NULL 
 22.6000    1    2.000   1.0000          line
 24.6000    0    1.200   1.0000          NULL 
 25.8000    1    2.000   1.0000          line
 27.8000    0    1.200   1.0000          NULL 
 29.0000    1    2.000   1.0000          line
 31.0000    0    1.000   1.0000          NULL 
 32.0000    1    2.000   1.0000          line
 34.0000    0    1.800   1.0000          NULL 
 35.8000    1    2.000   1.0000          line
 37.8000    0    1.000   1.0000          NULL 
 38.8000    1    2.000   1.0000          line
 40.8000    0    1.900   1.0000          NULL 
 42.7000    1    2.000   1.0000          line
 44.7000    0    1.000   1.0000          NULL 
 45.7000    1    2.000   1.0000          line
 47.7000    0    1.100   1.0000          NULL 
 48.8000    1    2.000   1.0000          line
 50.8000    0    1.800   1.0000          NULL 
 52.6000    1    2.000   1.0000          line
 54.6000    0    1.000   1.0000          NULL 
 55.6000    1    2.000   1.0000          line
 57.6000    0    1.200   1.0000          NULL 
 58.8000    1    2.000   1.0000          line
 60.8000    0    1.000   1.0000          NULL 
 61.8000    1    2.000   1.0000          line
 63.8000    0    1.200   1.0000          NULL 
 65.0000    1    2.000   1.0000          line
 67.0000    0    1.800   1.0000          NULL 
 68.7999    1    2.000   1.0000          line
 70.7999    0    1.100   1.0000          NULL 
 71.8999    1    2.000   1.0000          line
 73.8999    0    1.500   1.0000          NULL 
 75.3999    1    2.000   1.0000          line
 77.3999    0    1.400   1.0000          NULL 
 78.7999    1    2.000   1.0000          line
 80.7999    0    1.300   1.0000          NULL 
 82.0999    1    2.000   1.0000          line
 84.0999    0    1.400   1.0000          NULL 
 85.4999    1    2.000   1.0000          line
 87.4999    0    1.000   1.0000          NULL 
 88.4999    1    2.000   1.0000          line
 90.4999    0    1.500   1.0000          NULL 
 91.9999    1    2.000   1.0000          line
 93.9999    0    1.100   1.0000          NULL 
 95.0999    1    2.000   1.0000          line
 97.0999    0    1.000   1.0000          NULL 
 98.0999    1    2.000   1.0000          line
100.0999    0    1.300   1.0000          NULL 
101.3999    1    2.000   1.0000          line
103.3999    0    1.000   1.0000          NULL 
104.3999    1    2.000   1.0000          line
106.3999    0    1.900   1.0000          NULL 
108.2999    1    2.000   1.0000          line
110.2999    0    1.000   1.0000          NULL 
111.2999    1    2.000   1.0000          line
113.2999    0    1.200   1.0000          NULL 
114.4999    1    2.000   1.0000          line
116.4999    0    1.300   1.0000          NULL 
117.7999    1    2.000   1.0000          line
119.7999    0    1.100   1.0000          NULL 
120.8999    1    2.000   1.0000          line
122.8999    0    1.000   1.0000          NULL 
123.8999    1    2.000   1.0000          line
125.8999    0    1.100   1.0000          NULL 
126.9999    1    2.000   1.0000          line
128.9999    0    1.000   1.0000          NULL 
