  0.0000    1    2.000   1.0000          line
  2.0000    0    0.500   1.0000          NULL 
  2.5000    1    2.000   1.0000          line
  4.5000    0    1.500   1.0000          NULL 
  6.0000    1    2.000   1.0000          line
  8.0000    0    3.500   1.0000          NULL 
 11.5000    1    2.000   1.0000          line
 13.5000    0    0.500   1.0000          NULL 
 14.0000    1    2.000   1.0000          line
 16.0000    0    0.500   1.0000          NULL 
 16.5000    1    2.000   1.0000          line
 18.5000    0    0.500   1.0000          NULL 
 19.0000    1    2.000   1.0000          line
 21.0000    0    1.000   1.0000          NULL 
 22.0000    1    2.000   1.0000          line
 24.0000    0    1.500   1.0000          NULL 
 25.5000    1    2.000   1.0000          line
 27.5000    0    1.500   1.0000          NULL 
 29.0000    1    2.000   1.0000          line
 31.0000    0    2.500   1.0000          NULL 
 33.5000    1    2.000   1.0000          line
 35.5000    0    0.500   1.0000          NULL 
 36.0000    1    2.000   1.0000          line
 38.0000    0    0.500   1.0000          NULL 
 38.5000    1    2.000   1.0000          line
 40.5000    0    3.500   1.0000          NULL 
 44.0000    1    2.000   1.0000          line
 46.0000    0    0.500   1.0000          NULL 
 46.5000    1    2.000   1.0000          line
 48.5000    0    2.000   1.0000          NULL 
 50.5000    1    2.000   1.0000          line
 52.5000    0    0.500   1.0000          NULL 
 53.0000    1    2.000   1.0000          line
 55.0000    0    2.000   1.0000          NULL 
 57.0000    1    2.000   1.0000          line
 59.0000    0    3.500   1.0000          NULL 
 62.5000    1    2.000   1.0000          line
 64.5000    0    1.500   1.0000          NULL 
 66.0000    1    2.000   1.0000          line
 68.0000    0    1.500   1.0000          NULL 
 69.5000    1    2.000   1.0000          line
 71.5000    0    0.500   1.0000          NULL 
 72.0000    1    2.000   1.0000          line
 74.0000    0    1.000   1.0000          NULL 
 75.0000    1    2.000   1.0000          line
 77.0000    0    1.000   1.0000          NULL 
 78.0000    1    2.000   1.0000          line
 80.0000    0    0.500   1.0000          NULL 
 80.5000    1    2.000   1.0000          line
 82.5000    0    1.500   1.0000          NULL 
 84.0000    1    2.000   1.0000          line
 86.0000    0    0.500   1.0000          NULL 
 86.5000    1    2.000   1.0000          line
 88.5000    0    0.500   1.0000          NULL 
 89.0000    1    2.000   1.0000          line
 91.0000    0    3.000   1.0000          NULL 
 94.0000    1    2.000   1.0000          line
 96.0000    0    4.000   1.0000          NULL 
100.0000    1    2.000   1.0000          line
102.0000    0    0.500   1.0000          NULL 
102.5000    1    2.000   1.0000          line
104.5000    0    1.000   1.0000          NULL 
105.5000    1    2.000   1.0000          line
107.5000    0    0.500   1.0000          NULL 
108.0000    1    2.000   1.0000          line
110.0000    0    1.000   1.0000          NULL 
111.0000    1    2.000   1.0000          line
113.0000    0    1.000   1.0000          NULL 
114.0000    1    2.000   1.0000          line
116.0000    0    1.000   1.0000          NULL 
117.0000    1    2.000   1.0000          line
119.0000    0    0.500   1.0000          NULL 
119.5000    1    2.000   1.0000          line
121.5000    0    0.500   1.0000          NULL 
122.0000    1    2.000   1.0000          line
124.0000    0    1.000   1.0000          NULL 
125.0000    1    2.000   1.0000          line
127.0000    0    3.000   1.0000          NULL 
130.0000    1    2.000   1.0000          line
132.0000    0    1.500   1.0000          NULL 
133.5000    1    2.000   1.0000          line
135.5000    0    3.000   1.0000          NULL 
138.5000    1    2.000   1.0000          line
140.5000    0    2.000   1.0000          NULL 
142.5000    1    2.000   1.0000          line
144.5000    0    0.500   1.0000          NULL 
145.0000    1    2.000   1.0000          line
147.0000    0    1.000   1.0000          NULL 
148.0000    1    2.000   1.0000          line
150.0000    0    1.000   1.0000          NULL 
151.0000    1    2.000   1.0000          line
153.0000    0    1.000   1.0000          NULL 
154.0000    1    2.000   1.0000          line
156.0000    0    2.000   1.0000          NULL 
158.0000    1    2.000   1.0000          line
160.0000    0    3.500   1.0000          NULL 
163.5000    1    2.000   1.0000          line
165.5000    0    1.000   1.0000          NULL 
166.5000    1    2.000   1.0000          line
168.5000    0    0.500   1.0000          NULL 
169.0000    1    2.000   1.0000          line
171.0000    0    0.500   1.0000          NULL 
171.5000    1    2.000   1.0000          line
173.5000    0    0.500   1.0000          NULL 
174.0000    1    2.000   1.0000          line
176.0000    0    1.000   1.0000          NULL 
177.0000    1    2.000   1.0000          line
179.0000    0    1.000   1.0000          NULL 
180.0000    1    2.000   1.0000          line
182.0000    0    0.500   1.0000          NULL 
182.5000    1    2.000   1.0000          line
184.5000    0    2.500   1.0000          NULL 
187.0000    1    2.000   1.0000          line
189.0000    0    2.500   1.0000          NULL 
191.5000    1    2.000   1.0000          line
193.5000    0    1.000   1.0000          NULL 
194.5000    1    2.000   1.0000          line
196.5000    0    0.500   1.0000          NULL 
197.0000    1    2.000   1.0000          line
199.0000    0    0.500   1.0000          NULL 
199.5000    1    2.000   1.0000          line
201.5000    0    1.500   1.0000          NULL 
203.0000    1    2.000   1.0000          line
205.0000    0    0.500   1.0000          NULL 
205.5000    1    2.000   1.0000          line
207.5000    0    1.000   1.0000          NULL 
208.5000    1    2.000   1.0000          line
210.5000    0    0.500   1.0000          NULL 
211.0000    1    2.000   1.0000          line
213.0000    0    0.500   1.0000          NULL 
213.5000    1    2.000   1.0000          line
215.5000    0    0.500   1.0000          NULL 
216.0000    1    2.000   1.0000          line
218.0000    0    1.500   1.0000          NULL 
219.5000    1    2.000   1.0000          line
221.5000    0    4.000   1.0000          NULL 
225.5000    1    2.000   1.0000          line
227.5000    0    0.500   1.0000          NULL 
228.0000    1    2.000   1.0000          line
230.0000    0    3.000   1.0000          NULL 
233.0000    1    2.000   1.0000          line
235.0000    0    1.500   1.0000          NULL 
236.5000    1    2.000   1.0000          line
238.5000    0    4.000   1.0000          NULL 
242.5000    1    2.000   1.0000          line
244.5000    0    0.500   1.0000          NULL 
245.0000    1    2.000   1.0000          line
247.0000    0    1.500   1.0000          NULL 
248.5000    1    2.000   1.0000          line
250.5000    0    1.000   1.0000          NULL 
251.5000    1    2.000   1.0000          line
253.5000    0    3.000   1.0000          NULL 
256.5000    1    2.000   1.0000          line
258.5000    0    1.500   1.0000          NULL 
260.0000    1    2.000   1.0000          line
262.0000    0    0.500   1.0000          NULL 
262.5000    1    2.000   1.0000          line
264.5000    0    4.000   1.0000          NULL 
268.5000    1    2.000   1.0000          line
270.5000    0    0.500   1.0000          NULL 
271.0000    1    2.000   1.0000          line
273.0000    0    1.500   1.0000          NULL 
274.5000    1    2.000   1.0000          line
276.5000    0    0.500   1.0000          NULL 
277.0000    1    2.000   1.0000          line
279.0000    0    0.500   1.0000          NULL 
279.5000    1    2.000   1.0000          line
281.5000    0    0.500   1.0000          NULL 
282.0000    1    2.000   1.0000          line
284.0000    0    2.000   1.0000          NULL 
286.0000    1    2.000   1.0000          line
288.0000    0    1.000   1.0000          NULL 
289.0000    1    2.000   1.0000          line
291.0000    0    0.500   1.0000          NULL 
291.5000    1    2.000   1.0000          line
293.5000    0    0.500   1.0000          NULL 
294.0000    1    2.000   1.0000          line
296.0000    0    3.000   1.0000          NULL 
299.0000    1    2.000   1.0000          line
301.0000    0    2.500   1.0000          NULL 
303.5000    1    2.000   1.0000          line
305.5000    0    0.500   1.0000          NULL 
306.0000    1    2.000   1.0000          line
308.0000    0    2.500   1.0000          NULL 
310.5000    1    2.000   1.0000          line
312.5000    0    1.000   1.0000          NULL 
313.5000    1    2.000   1.0000          line
315.5000    0    0.500   1.0000          NULL 
316.0000    1    2.000   1.0000          line
318.0000    0    0.500   1.0000          NULL 
318.5000    1    2.000   1.0000          line
320.5000    0    1.000   1.0000          NULL 
321.5000    1    2.000   1.0000          line
323.5000    0    0.500   1.0000          NULL 
324.0000    1    2.000   1.0000          line
326.0000    0    3.000   1.0000          NULL 
329.0000    1    2.000   1.0000          line
331.0000    0    3.000   1.0000          NULL 
334.0000    1    2.000   1.0000          line
336.0000    0    0.500   1.0000          NULL 
336.5000    1    2.000   1.0000          line
338.5000    0    0.500   1.0000          NULL 
339.0000    1    2.000   1.0000          line
341.0000    0    0.500   1.0000          NULL 
341.5000    1    2.000   1.0000          line
343.5000    0    1.000   1.0000          NULL 
344.5000    1    2.000   1.0000          line
346.5000    0    3.500   1.0000          NULL 
350.0000    1    2.000   1.0000          line
352.0000    0    0.500   1.0000          NULL 
352.5000    1    2.000   1.0000          line
354.5000    0    2.500   1.0000          NULL 
357.0000    1    2.000   1.0000          line
359.0000    0    0.500   1.0000          NULL 
359.5000    1    2.000   1.0000          line
361.5000    0    0.500   1.0000          NULL 
362.0000    1    2.000   1.0000          line
364.0000    0    1.500   1.0000          NULL 
365.5000    1    2.000   1.0000          line
367.5000    0    3.500   1.0000          NULL 
371.0000    1    2.000   1.0000          line
373.0000    0    0.500   1.0000          NULL 
373.5000    1    2.000   1.0000          line
375.5000    0    0.500   1.0000          NULL 
376.0000    1    2.000   1.0000          line
378.0000    0    0.500   1.0000          NULL 
378.5000    1    2.000   1.0000          line
380.5000    0    0.500   1.0000          NULL 
381.0000    1    2.000   1.0000          line
383.0000    0    1.000   1.0000          NULL 
384.0000    1    2.000   1.0000          line
386.0000    0    0.500   1.0000          NULL 
386.5000    1    2.000   1.0000          line
388.5000    0    2.000   1.0000          NULL 
390.5000    1    2.000   1.0000          line
392.5000    0    0.500   1.0000          NULL 
393.0000    1    2.000   1.0000          line
395.0000    0    2.000   1.0000          NULL 
397.0000    1    2.000   1.0000          line
399.0000    0    1.000   1.0000          NULL 
