  0.0000    1    2.000   1.0000          line
  2.0000    0    1.000   1.0000          NULL 
  3.0000    1    2.000   1.0000          line
  5.0000    0    3.500   1.0000          NULL 
  8.5000    1    2.000   1.0000          line
 10.5000    0    1.500   1.0000          NULL 
 12.0000    1    2.000   1.0000          line
 14.0000    0    1.000   1.0000          NULL 
 15.0000    1    2.000   1.0000          line
 17.0000    0    3.500   1.0000          NULL 
 20.5000    1    2.000   1.0000          line
 22.5000    0    3.500   1.0000          NULL 
 26.0000    1    2.000   1.0000          line
 28.0000    0    2.000   1.0000          NULL 
 30.0000    1    2.000   1.0000          line
 32.0000    0    3.000   1.0000          NULL 
 35.0000    1    2.000   1.0000          line
 37.0000    0    0.500   1.0000          NULL 
 37.5000    1    2.000   1.0000          line
 39.5000    0    3.000   1.0000          NULL 
 42.5000    1    2.000   1.0000          line
 44.5000    0    0.500   1.0000          NULL 
 45.0000    1    2.000   1.0000          line
 47.0000    0    0.500   1.0000          NULL 
 47.5000    1    2.000   1.0000          line
 49.5000    0    2.000   1.0000          NULL 
 51.5000    1    2.000   1.0000          line
 53.5000    0    2.000   1.0000          NULL 
 55.5000    1    2.000   1.0000          line
 57.5000    0    2.500   1.0000          NULL 
 60.0000    1    2.000   1.0000          line
 62.0000    0    0.500   1.0000          NULL 
 62.5000    1    2.000   1.0000          line
 64.5000    0    3.000   1.0000          NULL 
 67.5000    1    2.000   1.0000          line
 69.5000    0    0.500   1.0000          NULL 
 70.0000    1    2.000   1.0000          line
 72.0000    0    2.000   1.0000          NULL 
 74.0000    1    2.000   1.0000          line
 76.0000    0    0.500   1.0000          NULL 
 76.5000    1    2.000   1.0000          line
 78.5000    0    1.000   1.0000          NULL 
 79.5000    1    2.000   1.0000          line
 81.5000    0    3.500   1.0000          NULL 
 85.0000    1    2.000   1.0000          line
 87.0000    0    0.500   1.0000          NULL 
 87.5000    1    2.000   1.0000          line
 89.5000    0    0.500   1.0000          NULL 
 90.0000    1    2.000   1.0000          line
 92.0000    0    0.500   1.0000          NULL 
 92.5000    1    2.000   1.0000          line
 94.5000    0    0.500   1.0000          NULL 
 95.0000    1    2.000   1.0000          line
 97.0000    0    1.000   1.0000          NULL 
 98.0000    1    2.000   1.0000          line
100.0000    0    1.000   1.0000          NULL 
101.0000    1    2.000   1.0000          line
103.0000    0    1.000   1.0000          NULL 
104.0000    1    2.000   1.0000          line
106.0000    0    3.000   1.0000          NULL 
109.0000    1    2.000   1.0000          line
111.0000    0    2.500   1.0000          NULL 
113.5000    1    2.000   1.0000          line
115.5000    0    0.500   1.0000          NULL 
116.0000    1    2.000   1.0000          line
118.0000    0    0.500   1.0000          NULL 
118.5000    1    2.000   1.0000          line
120.5000    0    1.000   1.0000          NULL 
121.5000    1    2.000   1.0000          line
123.5000    0    1.000   1.0000          NULL 
124.5000    1    2.000   1.0000          line
126.5000    0    1.000   1.0000          NULL 
127.5000    1    2.000   1.0000          line
129.5000    0    3.000   1.0000          NULL 
132.5000    1    2.000   1.0000          line
134.5000    0    0.500   1.0000          NULL 
135.0000    1    2.000   1.0000          line
137.0000    0    0.500   1.0000          NULL 
137.5000    1    2.000   1.0000          line
139.5000    0    1.500   1.0000          NULL 
141.0000    1    2.000   1.0000          line
143.0000    0    2.500   1.0000          NULL 
145.5000    1    2.000   1.0000          line
147.5000    0    1.000   1.0000          NULL 
148.5000    1    2.000   1.0000          line
150.5000    0    1.000   1.0000          NULL 
151.5000    1    2.000   1.0000          line
153.5000    0    0.500   1.0000          NULL 
154.0000    1    2.000   1.0000          line
156.0000    0    0.500   1.0000          NULL 
156.5000    1    2.000   1.0000          line
158.5000    0    2.500   1.0000          NULL 
161.0000    1    2.000   1.0000          line
163.0000    0    1.000   1.0000          NULL 
164.0000    1    2.000   1.0000          line
166.0000    0    1.000   1.0000          NULL 
167.0000    1    2.000   1.0000          line
169.0000    0    0.500   1.0000          NULL 
169.5000    1    2.000   1.0000          line
171.5000    0    0.500   1.0000          NULL 
172.0000    1    2.000   1.0000          line
174.0000    0    4.000   1.0000          NULL 
178.0000    1    2.000   1.0000          line
180.0000    0    0.500   1.0000          NULL 
180.5000    1    2.000   1.0000          line
182.5000    0    0.500   1.0000          NULL 
183.0000    1    2.000   1.0000          line
185.0000    0    1.500   1.0000          NULL 
186.5000    1    2.000   1.0000          line
188.5000    0    1.000   1.0000          NULL 
189.5000    1    2.000   1.0000          line
191.5000    0    0.500   1.0000          NULL 
192.0000    1    2.000   1.0000          line
194.0000    0    1.500   1.0000          NULL 
195.5000    1    2.000   1.0000          line
197.5000    0    1.000   1.0000          NULL 
198.5000    1    2.000   1.0000          line
200.5000    0    0.500   1.0000          NULL 
201.0000    1    2.000   1.0000          line
203.0000    0    0.500   1.0000          NULL 
203.5000    1    2.000   1.0000          line
205.5000    0    0.500   1.0000          NULL 
206.0000    1    2.000   1.0000          line
208.0000    0    3.500   1.0000          NULL 
211.5000    1    2.000   1.0000          line
213.5000    0    3.500   1.0000          NULL 
217.0000    1    2.000   1.0000          line
219.0000    0    0.500   1.0000          NULL 
219.5000    1    2.000   1.0000          line
221.5000    0    2.000   1.0000          NULL 
223.5000    1    2.000   1.0000          line
225.5000    0    0.500   1.0000          NULL 
226.0000    1    2.000   1.0000          line
228.0000    0    0.500   1.0000          NULL 
228.5000    1    2.000   1.0000          line
230.5000    0    2.500   1.0000          NULL 
233.0000    1    2.000   1.0000          line
235.0000    0    1.500   1.0000          NULL 
236.5000    1    2.000   1.0000          line
238.5000    0    1.000   1.0000          NULL 
239.5000    1    2.000   1.0000          line
241.5000    0    0.500   1.0000          NULL 
242.0000    1    2.000   1.0000          line
244.0000    0    4.000   1.0000          NULL 
248.0000    1    2.000   1.0000          line
250.0000    0    1.000   1.0000          NULL 
251.0000    1    2.000   1.0000          line
253.0000    0    1.000   1.0000          NULL 
254.0000    1    2.000   1.0000          line
256.0000    0    1.000   1.0000          NULL 
257.0000    1    2.000   1.0000          line
259.0000    0    1.000   1.0000          NULL 
260.0000    1    2.000   1.0000          line
262.0000    0    2.500   1.0000          NULL 
264.5000    1    2.000   1.0000          line
266.5000    0    2.000   1.0000          NULL 
268.5000    1    2.000   1.0000          line
270.5000    0    1.500   1.0000          NULL 
272.0000    1    2.000   1.0000          line
274.0000    0    0.500   1.0000          NULL 
274.5000    1    2.000   1.0000          line
276.5000    0    1.500   1.0000          NULL 
278.0000    1    2.000   1.0000          line
280.0000    0    2.000   1.0000          NULL 
282.0000    1    2.000   1.0000          line
284.0000    0    0.500   1.0000          NULL 
284.5000    1    2.000   1.0000          line
286.5000    0    2.000   1.0000          NULL 
288.5000    1    2.000   1.0000          line
290.5000    0    1.000   1.0000          NULL 
291.5000    1    2.000   1.0000          line
293.5000    0    0.500   1.0000          NULL 
294.0000    1    2.000   1.0000          line
296.0000    0    0.500   1.0000          NULL 
296.5000    1    2.000   1.0000          line
298.5000    0    0.500   1.0000          NULL 
299.0000    1    2.000   1.0000          line
301.0000    0    0.500   1.0000          NULL 
301.5000    1    2.000   1.0000          line
303.5000    0    0.500   1.0000          NULL 
304.0000    1    2.000   1.0000          line
306.0000    0    3.000   1.0000          NULL 
309.0000    1    2.000   1.0000          line
311.0000    0    0.500   1.0000          NULL 
311.5000    1    2.000   1.0000          line
313.5000    0    1.500   1.0000          NULL 
315.0000    1    2.000   1.0000          line
317.0000    0    1.000   1.0000          NULL 
318.0000    1    2.000   1.0000          line
320.0000    0    1.500   1.0000          NULL 
321.5000    1    2.000   1.0000          line
323.5000    0    2.000   1.0000          NULL 
325.5000    1    2.000   1.0000          line
327.5000    0    0.500   1.0000          NULL 
328.0000    1    2.000   1.0000          line
330.0000    0    1.500   1.0000          NULL 
331.5000    1    2.000   1.0000          line
333.5000    0    3.000   1.0000          NULL 
336.5000    1    2.000   1.0000          line
338.5000    0    0.500   1.0000          NULL 
339.0000    1    2.000   1.0000          line
341.0000    0    0.500   1.0000          NULL 
341.5000    1    2.000   1.0000          line
343.5000    0    0.500   1.0000          NULL 
344.0000    1    2.000   1.0000          line
346.0000    0    0.500   1.0000          NULL 
346.5000    1    2.000   1.0000          line
348.5000    0    0.500   1.0000          NULL 
349.0000    1    2.000   1.0000          line
351.0000    0    3.000   1.0000          NULL 
354.0000    1    2.000   1.0000          line
356.0000    0    0.500   1.0000          NULL 
356.5000    1    2.000   1.0000          line
358.5000    0    2.000   1.0000          NULL 
360.5000    1    2.000   1.0000          line
362.5000    0    1.000   1.0000          NULL 
363.5000    1    2.000   1.0000          line
365.5000    0    2.000   1.0000          NULL 
367.5000    1    2.000   1.0000          line
369.5000    0    1.000   1.0000          NULL 
370.5000    1    2.000   1.0000          line
372.5000    0    1.000   1.0000          NULL 
373.5000    1    2.000   1.0000          line
375.5000    0    1.500   1.0000          NULL 
377.0000    1    2.000   1.0000          line
379.0000    0    1.500   1.0000          NULL 
380.5000    1    2.000   1.0000          line
382.5000    0    1.500   1.0000          NULL 
384.0000    1    2.000   1.0000          line
386.0000    0    0.500   1.0000          NULL 
386.5000    1    2.000   1.0000          line
388.5000    0    0.500   1.0000          NULL 
389.0000    1    2.000   1.0000          line
391.0000    0    0.500   1.0000          NULL 
391.5000    1    2.000   1.0000          line
393.5000    0    1.500   1.0000          NULL 
395.0000    1    2.000   1.0000          line
397.0000    0    0.500   1.0000          NULL 
397.5000    1    2.000   1.0000          line
399.5000    0    0.500   1.0000          NULL 
