  0.0000    1    2.000   1.0000          line
  2.0000    0    1.500   1.0000          NULL 
  3.5000    1    2.000   1.0000          line
  5.5000    0    0.500   1.0000          NULL 
  6.0000    1    2.000   1.0000          line
  8.0000    0    1.000   1.0000          NULL 
  9.0000    1    2.000   1.0000          line
 11.0000    0    1.000   1.0000          NULL 
 12.0000    1    2.000   1.0000          line
 14.0000    0    2.500   1.0000          NULL 
 16.5000    1    2.000   1.0000          line
 18.5000    0    1.500   1.0000          NULL 
 20.0000    1    2.000   1.0000          line
 22.0000    0    0.500   1.0000          NULL 
 22.5000    1    2.000   1.0000          line
 24.5000    0    2.500   1.0000          NULL 
 27.0000    1    2.000   1.0000          line
 29.0000    0    0.500   1.0000          NULL 
 29.5000    1    2.000   1.0000          line
 31.5000    0    2.000   1.0000          NULL 
 33.5000    1    2.000   1.0000          line
 35.5000    0    0.500   1.0000          NULL 
 36.0000    1    2.000   1.0000          line
 38.0000    0    2.000   1.0000          NULL 
 40.0000    1    2.000   1.0000          line
 42.0000    0    3.000   1.0000          NULL 
 45.0000    1    2.000   1.0000          line
 47.0000    0    2.500   1.0000          NULL 
 49.5000    1    2.000   1.0000          line
 51.5000    0    0.500   1.0000          NULL 
 52.0000    1    2.000   1.0000          line
 54.0000    0    0.500   1.0000          NULL 
 54.5000    1    2.000   1.0000          line
 56.5000    0    2.000   1.0000          NULL 
 58.5000    1    2.000   1.0000          line
 60.5000    0    1.000   1.0000          NULL 
 61.5000    1    2.000   1.0000          line
 63.5000    0    1.000   1.0000          NULL 
 64.5000    1    2.000   1.0000          line
 66.5000    0    0.500   1.0000          NULL 
 67.0000    1    2.000   1.0000          line
 69.0000    0    3.000   1.0000          NULL 
 72.0000    1    2.000   1.0000          line
 74.0000    0    0.500   1.0000          NULL 
 74.5000    1    2.000   1.0000          line
 76.5000    0    0.500   1.0000          NULL 
 77.0000    1    2.000   1.0000          line
 79.0000    0    1.000   1.0000          NULL 
 80.0000    1    2.000   1.0000          line
 82.0000    0    1.500   1.0000          NULL 
 83.5000    1    2.000   1.0000          line
 85.5000    0    1.500   1.0000          NULL 
 87.0000    1    2.000   1.0000          line
 89.0000    0    1.500   1.0000          NULL 
 90.5000    1    2.000   1.0000          line
 92.5000    0    0.500   1.0000          NULL 
 93.0000    1    2.000   1.0000          line
 95.0000    0    1.000   1.0000          NULL 
 96.0000    1    2.000   1.0000          line
 98.0000    0    1.000   1.0000          NULL 
 99.0000    1    2.000   1.0000          line
101.0000    0    1.000   1.0000          NULL 
102.0000    1    2.000   1.0000          line
104.0000    0    1.500   1.0000          NULL 
105.5000    1    2.000   1.0000          line
107.5000    0    0.500   1.0000          NULL 
108.0000    1    2.000   1.0000          line
110.0000    0    1.500   1.0000          NULL 
111.5000    1    2.000   1.0000          line
113.5000    0    0.500   1.0000          NULL 
114.0000    1    2.000   1.0000          line
116.0000    0    0.500   1.0000          NULL 
116.5000    1    2.000   1.0000          line
118.5000    0    3.000   1.0000          NULL 
121.5000    1    2.000   1.0000          line
123.5000    0    0.500   1.0000          NULL 
124.0000    1    2.000   1.0000          line
126.0000    0    3.000   1.0000          NULL 
129.0000    1    2.000   1.0000          line
131.0000    0    0.500   1.0000          NULL 
131.5000    1    2.000   1.0000          line
133.5000    0    1.500   1.0000          NULL 
135.0000    1    2.000   1.0000          line
137.0000    0    1.000   1.0000          NULL 
138.0000    1    2.000   1.0000          line
140.0000    0    1.000   1.0000          NULL 
141.0000    1    2.000   1.0000          line
143.0000    0    2.000   1.0000          NULL 
145.0000    1    2.000   1.0000          line
147.0000    0    3.000   1.0000          NULL 
150.0000    1    2.000   1.0000          line
152.0000    0    1.000   1.0000          NULL 
153.0000    1    2.000   1.0000          line
155.0000    0    1.000   1.0000          NULL 
156.0000    1    2.000   1.0000          line
158.0000    0    1.000   1.0000          NULL 
159.0000    1    2.000   1.0000          line
161.0000    0    4.000   1.0000          NULL 
165.0000    1    2.000   1.0000          line
167.0000    0    0.500   1.0000          NULL 
167.5000    1    2.000   1.0000          line
169.5000    0    0.500   1.0000          NULL 
170.0000    1    2.000   1.0000          line
172.0000    0    3.000   1.0000          NULL 
175.0000    1    2.000   1.0000          line
177.0000    0    4.000   1.0000          NULL 
181.0000    1    2.000   1.0000          line
183.0000    0    0.500   1.0000          NULL 
183.5000    1    2.000   1.0000          line
185.5000    0    0.500   1.0000          NULL 
186.0000    1    2.000   1.0000          line
188.0000    0    1.000   1.0000          NULL 
189.0000    1    2.000   1.0000          line
191.0000    0    0.500   1.0000          NULL 
191.5000    1    2.000   1.0000          line
193.5000    0    2.000   1.0000          NULL 
195.5000    1    2.000   1.0000          line
197.5000    0    1.500   1.0000          NULL 
199.0000    1    2.000   1.0000          line
201.0000    0    1.500   1.0000          NULL 
202.5000    1    2.000   1.0000          line
204.5000    0    0.500   1.0000          NULL 
205.0000    1    2.000   1.0000          line
207.0000    0    0.500   1.0000          NULL 
207.5000    1    2.000   1.0000          line
209.5000    0    1.500   1.0000          NULL 
211.0000    1    2.000   1.0000          line
213.0000    0    1.000   1.0000          NULL 
214.0000    1    2.000   1.0000          line
216.0000    0    0.500   1.0000          NULL 
216.5000    1    2.000   1.0000          line
218.5000    0    0.500   1.0000          NULL 
219.0000    1    2.000   1.0000          line
221.0000    0    0.500   1.0000          NULL 
221.5000    1    2.000   1.0000          line
223.5000    0    4.000   1.0000          NULL 
227.5000    1    2.000   1.0000          line
229.5000    0    1.500   1.0000          NULL 
231.0000    1    2.000   1.0000          line
233.0000    0    0.500   1.0000          NULL 
233.5000    1    2.000   1.0000          line
235.5000    0    0.500   1.0000          NULL 
236.0000    1    2.000   1.0000          line
238.0000    0    0.500   1.0000          NULL 
238.5000    1    2.000   1.0000          line
240.5000    0    1.000   1.0000          NULL 
241.5000    1    2.000   1.0000          line
243.5000    0    1.500   1.0000          NULL 
245.0000    1    2.000   1.0000          line
247.0000    0    1.000   1.0000          NULL 
248.0000    1    2.000   1.0000          line
250.0000    0    1.500   1.0000          NULL 
251.5000    1    2.000   1.0000          line
253.5000    0    0.500   1.0000          NULL 
254.0000    1    2.000   1.0000          line
256.0000    0    0.500   1.0000          NULL 
256.5000    1    2.000   1.0000          line
258.5000    0    0.500   1.0000          NULL 
259.0000    1    2.000   1.0000          line
261.0000    0    1.500   1.0000          NULL 
262.5000    1    2.000   1.0000          line
264.5000    0    3.000   1.0000          NULL 
267.5000    1    2.000   1.0000          line
269.5000    0    3.500   1.0000          NULL 
273.0000    1    2.000   1.0000          line
275.0000    0    3.000   1.0000          NULL 
278.0000    1    2.000   1.0000          line
280.0000    0    1.000   1.0000          NULL 
281.0000    1    2.000   1.0000          line
283.0000    0    0.500   1.0000          NULL 
283.5000    1    2.000   1.0000          line
285.5000    0    1.000   1.0000          NULL 
286.5000    1    2.000   1.0000          line
288.5000    0    0.500   1.0000          NULL 
289.0000    1    2.000   1.0000          line
291.0000    0    0.500   1.0000          NULL 
291.5000    1    2.000   1.0000          line
293.5000    0    2.500   1.0000          NULL 
296.0000    1    2.000   1.0000          line
298.0000    0    0.500   1.0000          NULL 
298.5000    1    2.000   1.0000          line
300.5000    0    2.500   1.0000          NULL 
303.0000    1    2.000   1.0000          line
305.0000    0    0.500   1.0000          NULL 
305.5000    1    2.000   1.0000          line
307.5000    0    0.500   1.0000          NULL 
308.0000    1    2.000   1.0000          line
310.0000    0    4.000   1.0000          NULL 
314.0000    1    2.000   1.0000          line
316.0000    0    1.000   1.0000          NULL 
317.0000    1    2.000   1.0000          line
319.0000    0    0.500   1.0000          NULL 
319.5000    1    2.000   1.0000          line
321.5000    0    1.000   1.0000          NULL 
322.5000    1    2.000   1.0000          line
324.5000    0    0.500   1.0000          NULL 
325.0000    1    2.000   1.0000          line
327.0000    0    1.000   1.0000          NULL 
328.0000    1    2.000   1.0000          line
330.0000    0    1.000   1.0000          NULL 
331.0000    1    2.000   1.0000          line
333.0000    0    3.500   1.0000          NULL 
336.5000    1    2.000   1.0000          line
338.5000    0    2.000   1.0000          NULL 
340.5000    1    2.000   1.0000          line
342.5000    0    0.500   1.0000          NULL 
343.0000    1    2.000   1.0000          line
345.0000    0    0.500   1.0000          NULL 
345.5000    1    2.000   1.0000          line
347.5000    0    1.500   1.0000          NULL 
349.0000    1    2.000   1.0000          line
351.0000    0    0.500   1.0000          NULL 
351.5000    1    2.000   1.0000          line
353.5000    0    1.500   1.0000          NULL 
355.0000    1    2.000   1.0000          line
357.0000    0    3.500   1.0000          NULL 
360.5000    1    2.000   1.0000          line
362.5000    0    0.500   1.0000          NULL 
363.0000    1    2.000   1.0000          line
365.0000    0    3.500   1.0000          NULL 
368.5000    1    2.000   1.0000          line
370.5000    0    1.000   1.0000          NULL 
371.5000    1    2.000   1.0000          line
373.5000    0    0.500   1.0000          NULL 
374.0000    1    2.000   1.0000          line
376.0000    0    1.000   1.0000          NULL 
377.0000    1    2.000   1.0000          line
379.0000    0    3.500   1.0000          NULL 
382.5000    1    2.000   1.0000          line
384.5000    0    0.500   1.0000          NULL 
385.0000    1    2.000   1.0000          line
387.0000    0    1.000   1.0000          NULL 
388.0000    1    2.000   1.0000          line
390.0000    0    1.000   1.0000          NULL 
391.0000    1    2.000   1.0000          line
393.0000    0    1.000   1.0000          NULL 
394.0000    1    2.000   1.0000          line
396.0000    0    0.500   1.0000          NULL 
396.5000    1    2.000   1.0000          line
398.5000    0    1.500   1.0000          NULL 
