  0.0000    1    2.000   1.0000          line
  2.0000    0    1.000   1.0000          NULL 
  3.0000    1    2.000   1.0000          line
  5.0000    0    0.500   1.0000          NULL 
  5.5000    1    2.000   1.0000          line
  7.5000    0    0.500   1.0000          NULL 
  8.0000    1    2.000   1.0000          line
 10.0000    0    0.500   1.0000          NULL 
 10.5000    1    2.000   1.0000          line
 12.5000    0    1.500   1.0000          NULL 
 14.0000    1    2.000   1.0000          line
 16.0000    0    0.500   1.0000          NULL 
 16.5000    1    2.000   1.0000          line
 18.5000    0    1.000   1.0000          NULL 
 19.5000    1    2.000   1.0000          line
 21.5000    0    1.500   1.0000          NULL 
 23.0000    1    2.000   1.0000          line
 25.0000    0    1.000   1.0000          NULL 
 26.0000    1    2.000   1.0000          line
 28.0000    0    0.500   1.0000          NULL 
 28.5000    1    2.000   1.0000          line
 30.5000    0    1.500   1.0000          NULL 
 32.0000    1    2.000   1.0000          line
 34.0000    0    2.000   1.0000          NULL 
 36.0000    1    2.000   1.0000          line
 38.0000    0    2.000   1.0000          NULL 
 40.0000    1    2.000   1.0000          line
 42.0000    0    0.500   1.0000          NULL 
 42.5000    1    2.000   1.0000          line
 44.5000    0    3.000   1.0000          NULL 
 47.5000    1    2.000   1.0000          line
 49.5000    0    0.500   1.0000          NULL 
 50.0000    1    2.000   1.0000          line
 52.0000    0    2.500   1.0000          NULL 
 54.5000    1    2.000   1.0000          line
 56.5000    0    0.500   1.0000          NULL 
 57.0000    1    2.000   1.0000          line
 59.0000    0    0.500   1.0000          NULL 
 59.5000    1    2.000   1.0000          line
 61.5000    0    0.500   1.0000          NULL 
 62.0000    1    2.000   1.0000          line
 64.0000    0    3.500   1.0000          NULL 
 67.5000    1    2.000   1.0000          line
 69.5000    0    0.500   1.0000          NULL 
 70.0000    1    2.000   1.0000          line
 72.0000    0    0.500   1.0000          NULL 
 72.5000    1    2.000   1.0000          line
 74.5000    0    0.500   1.0000          NULL 
 75.0000    1    2.000   1.0000          line
 77.0000    0    0.500   1.0000          NULL 
 77.5000    1    2.000   1.0000          line
 79.5000    0    4.000   1.0000          NULL 
 83.5000    1    2.000   1.0000          line
 85.5000    0    3.000   1.0000          NULL 
 88.5000    1    2.000   1.0000          line
 90.5000    0    2.500   1.0000          NULL 
 93.0000    1    2.000   1.0000          line
 95.0000    0    0.500   1.0000          NULL 
 95.5000    1    2.000   1.0000          line
 97.5000    0    1.000   1.0000          NULL 
 98.5000    1    2.000   1.0000          line
100.5000    0    2.000   1.0000          NULL 
102.5000    1    2.000   1.0000          line
104.5000    0    0.500   1.0000          NULL 
105.0000    1    2.000   1.0000          line
107.0000    0    2.000   1.0000          NULL 
109.0000    1    2.000   1.0000          line
111.0000    0    1.000   1.0000          NULL 
112.0000    1    2.000   1.0000          line
114.0000    0    1.000   1.0000          NULL 
115.0000    1    2.000   1.0000          line
117.0000    0    2.500   1.0000          NULL 
119.5000    1    2.000   1.0000          line
121.5000    0    0.500   1.0000          NULL 
122.0000    1    2.000   1.0000          line
124.0000    0    3.500   1.0000          NULL 
127.5000    1    2.000   1.0000          line
129.5000    0    1.000   1.0000          NULL 
130.5000    1    2.000   1.0000          line
132.5000    0    1.500   1.0000          NULL 
134.0000    1    2.000   1.0000          line
136.0000    0    0.500   1.0000          NULL 
136.5000    1    2.000   1.0000          line
138.5000    0    0.500   1.0000          NULL 
139.0000    1    2.000   1.0000          line
141.0000    0    4.000   1.0000          NULL 
145.0000    1    2.000   1.0000          line
147.0000    0    1.500   1.0000          NULL 
148.5000    1    2.000   1.0000          line
150.5000    0    0.500   1.0000          NULL 
151.0000    1    2.000   1.0000          line
153.0000    0    0.500   1.0000          NULL 
153.5000    1    2.000   1.0000          line
155.5000    0    1.000   1.0000          NULL 
156.5000    1    2.000   1.0000          line
158.5000    0    1.000   1.0000          NULL 
159.5000    1    2.000   1.0000          line
161.5000    0    3.000   1.0000          NULL 
164.5000    1    2.000   1.0000          line
166.5000    0    3.500   1.0000          NULL 
170.0000    1    2.000   1.0000          line
172.0000    0    0.500   1.0000          NULL 
172.5000    1    2.000   1.0000          line
174.5000    0    2.000   1.0000          NULL 
176.5000    1    2.000   1.0000          line
178.5000    0    1.000   1.0000          NULL 
179.5000    1    2.000   1.0000          line
181.5000    0    1.000   1.0000          NULL 
182.5000    1    2.000   1.0000          line
184.5000    0    1.000   1.0000          NULL 
185.5000    1    2.000   1.0000          line
187.5000    0    1.500   1.0000          NULL 
189.0000    1    2.000   1.0000          line
191.0000    0    2.000   1.0000          NULL 
193.0000    1    2.000   1.0000          line
195.0000    0    1.000   1.0000          NULL 
196.0000    1    2.000   1.0000          line
198.0000    0    0.500   1.0000          NULL 
198.5000    1    2.000   1.0000          line
200.5000    0    1.500   1.0000          NULL 
202.0000    1    2.000   1.0000          line
204.0000    0    0.500   1.0000          NULL 
204.5000    1    2.000   1.0000          line
206.5000    0    1.000   1.0000          NULL 
207.5000    1    2.000   1.0000          line
209.5000    0    0.500   1.0000          NULL 
210.0000    1    2.000   1.0000          line
212.0000    0    1.000   1.0000          NULL 
213.0000    1    2.000   1.0000          line
215.0000    0    0.500   1.0000          NULL 
215.5000    1    2.000   1.0000          line
217.5000    0    2.500   1.0000          NULL 
220.0000    1    2.000   1.0000          line
222.0000    0    2.000   1.0000          NULL 
224.0000    1    2.000   1.0000          line
226.0000    0    1.000   1.0000          NULL 
227.0000    1    2.000   1.0000          line
229.0000    0    2.000   1.0000          NULL 
231.0000    1    2.000   1.0000          line
233.0000    0    0.500   1.0000          NULL 
233.5000    1    2.000   1.0000          line
235.5000    0    0.500   1.0000          NULL 
236.0000    1    2.000   1.0000          line
238.0000    0    0.500   1.0000          NULL 
238.5000    1    2.000   1.0000          line
240.5000    0    1.500   1.0000          NULL 
242.0000    1    2.000   1.0000          line
244.0000    0    4.000   1.0000          NULL 
248.0000    1    2.000   1.0000          line
250.0000    0    1.000   1.0000          NULL 
251.0000    1    2.000   1.0000          line
253.0000    0    1.500   1.0000          NULL 
254.5000    1    2.000   1.0000          line
256.5000    0    1.000   1.0000          NULL 
257.5000    1    2.000   1.0000          line
259.5000    0    2.500   1.0000          NULL 
262.0000    1    2.000   1.0000          line
264.0000    0    0.500   1.0000          NULL 
264.5000    1    2.000   1.0000          line
266.5000    0    2.000   1.0000          NULL 
268.5000    1    2.000   1.0000          line
270.5000    0    1.500   1.0000          NULL 
272.0000    1    2.000   1.0000          line
274.0000    0    3.000   1.0000          NULL 
277.0000    1    2.000   1.0000          line
279.0000    0    0.500   1.0000          NULL 
279.5000    1    2.000   1.0000          line
281.5000    0    3.500   1.0000          NULL 
285.0000    1    2.000   1.0000          line
287.0000    0    1.000   1.0000          NULL 
288.0000    1    2.000   1.0000          line
290.0000    0    1.500   1.0000          NULL 
291.5000    1    2.000   1.0000          line
293.5000    0    0.500   1.0000          NULL 
294.0000    1    2.000   1.0000          line
296.0000    0    2.000   1.0000          NULL 
298.0000    1    2.000   1.0000          line
300.0000    0    0.500   1.0000          NULL 
300.5000    1    2.000   1.0000          line
302.5000    0    0.500   1.0000          NULL 
303.0000    1    2.000   1.0000          line
305.0000    0    0.500   1.0000          NULL 
305.5000    1    2.000   1.0000          line
307.5000    0    3.000   1.0000          NULL 
310.5000    1    2.000   1.0000          line
312.5000    0    3.000   1.0000          NULL 
315.5000    1    2.000   1.0000          line
317.5000    0    1.000   1.0000          NULL 
318.5000    1    2.000   1.0000          line
320.5000    0    1.500   1.0000          NULL 
322.0000    1    2.000   1.0000          line
324.0000    0    1.000   1.0000          NULL 
325.0000    1    2.000   1.0000          line
327.0000    0    0.500   1.0000          NULL 
327.5000    1    2.000   1.0000          line
329.5000    0    0.500   1.0000          NULL 
330.0000    1    2.000   1.0000          line
332.0000    0    0.500   1.0000          NULL 
332.5000    1    2.000   1.0000          line
334.5000    0    1.500   1.0000          NULL 
336.0000    1    2.000   1.0000          line
338.0000    0    0.500   1.0000          NULL 
338.5000    1    2.000   1.0000          line
340.5000    0    0.500   1.0000          NULL 
341.0000    1    2.000   1.0000          line
343.0000    0    2.500   1.0000          NULL 
345.5000    1    2.000   1.0000          line
347.5000    0    2.000   1.0000          NULL 
349.5000    1    2.000   1.0000          line
351.5000    0    2.000   1.0000          NULL 
353.5000    1    2.000   1.0000          line
355.5000    0    0.500   1.0000          NULL 
356.0000    1    2.000   1.0000          line
358.0000    0    0.500   1.0000          NULL 
358.5000    1    2.000   1.0000          line
360.5000    0    2.500   1.0000          NULL 
363.0000    1    2.000   1.0000          line
365.0000    0    1.000   1.0000          NULL 
366.0000    1    2.000   1.0000          line
368.0000    0    0.500   1.0000          NULL 
368.5000    1    2.000   1.0000          line
370.5000    0    1.000   1.0000          NULL 
371.5000    1    2.000   1.0000          line
373.5000    0    1.000   1.0000          NULL 
374.5000    1    2.000   1.0000          line
376.5000    0    0.500   1.0000          NULL 
377.0000    1    2.000   1.0000          line
379.0000    0    1.500   1.0000          NULL 
380.5000    1    2.000   1.0000          line
382.5000    0    2.500   1.0000          NULL 
385.0000    1    2.000   1.0000          line
387.0000    0    1.000   1.0000          NULL 
388.0000    1    2.000   1.0000          line
390.0000    0    2.000   1.0000          NULL 
392.0000    1    2.000   1.0000          line
394.0000    0    0.500   1.0000          NULL 
394.5000    1    2.000   1.0000          line
396.5000    0    1.000   1.0000          NULL 
397.5000    1    2.000   1.0000          line
399.5000    0    0.500   1.0000          NULL 
