  0.0000    1    2.000   1.0000          line
  2.0000    0    1.000   1.0000          NULL 
  3.0000    1    2.000   1.0000          line
  5.0000    0    1.800   1.0000          NULL 
  6.8000    1    2.000   1.0000          line
  8.8000    0    1.100   1.0000          NULL 
  9.9000    1    2.000   1.0000          line
 11.9000    0    1.200   1.0000          NULL 
 13.1000    1    2.000   1.0000          line
 15.1000    0    1.300   1.0000          NULL 
 16.4000    1    2.000   1.0000          line
 18.4000    0    1.400   1.0000          NULL 
 19.8000    1    2.000   1.0000          line
 21.8000    0    1.600   1.0000          NULL 
 23.4000    1    2.000   1.0000          line
 25.4000    0    1.000   1.0000          NULL 
 26.4000    1    2.000   1.0000          line
 28.4000    0    1.800   1.0000          NULL 
 30.2000    1    2.000   1.0000          line
 32.2000    0    1.300   1.0000          NULL 
 33.5000    1    2.000   1.0000          line
 35.5000    0    1.000   1.0000          NULL 
 36.5000    1    2.000   1.0000          line
 38.5000    0    1.000   1.0000          NULL 
 39.5000    1    2.000   1.0000          line
 41.5000    0    1.400   1.0000          NULL 
 42.9000    1    2.000   1.0000          line
 44.9000    0    1.800   1.0000          NULL 
 46.7000    1    2.000   1.0000          line
 48.7000    0    1.100   1.0000          NULL 
 49.8000    1    2.000   1.0000          line
 51.8000    0    1.000   1.0000          NULL 
 52.8000    1    2.000   1.0000          line
 54.8000    0    1.100   1.0000          NULL 
 55.9000    1    2.000   1.0000          line
 57.9000    0    1.100   1.0000          NULL 
 59.0000    1    2.000   1.0000          line
 61.0000    0    1.000   1.0000          NULL 
 62.0000    1    2.000   1.0000          line
 64.0000    0    1.300   1.0000          NULL 
 65.3000    1    2.000   1.0000          line
 67.3000    0    1.200   1.0000          NULL 
 68.5000    1    2.000   1.0000          line
 70.5000    0    1.200   1.0000          NULL 
 71.7000    1    2.000   1.0000          line
 73.7000    0    1.800   1.0000          NULL 
 75.5000    1    2.000   1.0000          line
 77.5000    0    1.300   1.0000          NULL 
 78.8000    1    2.000   1.0000          line
 80.8000    0    1.200   1.0000          NULL 
 82.0000    1    2.000   1.0000          line
 84.0000    0    1.900   1.0000          NULL 
 85.8999    1    2.000   1.0000          line
 87.8999    0    1.000   1.0000          NULL 
 88.8999    1    2.000   1.0000          line
 90.8999    0    1.100   1.0000          NULL 
 91.9999    1    2.000   1.0000          line
 93.9999    0    1.000   1.0000          NULL 
 94.9999    1    2.000   1.0000          line
 96.9999    0    2.000   1.0000          NULL 
 98.9999    1    2.000   1.0000          line
100.9999    0    1.000   1.0000          NULL 
101.9999    1    2.000   1.0000          line
103.9999    0    1.000   1.0000          NULL 
104.9999    1    2.000   1.0000          line
106.9999    0    1.400   1.0000          NULL 
108.3999    1    2.000   1.0000          line
110.3999    0    1.000   1.0000          NULL 
111.3999    1    2.000   1.0000          line
113.3999    0    1.000   1.0000          NULL 
114.3999    1    2.000   1.0000          line
116.3999    0    1.100   1.0000          NULL 
117.4999    1    2.000   1.0000          line
119.4999    0    1.100   1.0000          NULL 
120.5999    1    2.000   1.0000          line
122.5999    0    1.000   1.0000          NULL 
123.5999    1    2.000   1.0000          line
125.5999    0    1.400   1.0000          NULL 
126.9999    1    2.000   1.0000          line
128.9999    0    1.000   1.0000          NULL 
