  0.0000    1    2.000   1.0000          line
  2.0000    0    1.200   1.0000          NULL 
  3.2000    1    2.000   1.0000          line
  5.2000    0    1.000   1.0000          NULL 
  6.2000    1    2.000   1.0000          line
  8.2000    0    1.200   1.0000          NULL 
  9.4000    1    2.000   1.0000          line
 11.4000    0    1.000   1.0000          NULL 
 12.4000    1    2.000   1.0000          line
 14.4000    0    1.100   1.0000          NULL 
 15.5000    1    2.000   1.0000          line
 17.5000    0    1.000   1.0000          NULL 
 18.5000    1    2.000   1.0000          line
 20.5000    0    1.800   1.0000          NULL 
 22.3000    1    2.000   1.0000          line
 24.3000    0    1.100   1.0000          NULL 
 25.4000    1    2.000   1.0000          line
 27.4000    0    1.200   1.0000          NULL 
 28.6000    1    2.000   1.0000          line
 30.6000    0    1.800   1.0000          NULL 
 32.4000    1    2.000   1.0000          line
 34.4000    0    1.000   1.0000          NULL 
 35.4000    1    2.000   1.0000          line
 37.4000    0    1.200   1.0000          NULL 
 38.6000    1    2.000   1.0000          line
 40.6000    0    1.100   1.0000          NULL 
 41.7000    1    2.000   1.0000          line
 43.7000    0    2.000   1.0000          NULL 
 45.7000    1    2.000   1.0000          line
 47.7000    0    1.000   1.0000          NULL 
 48.7000    1    2.000   1.0000          line
 50.7000    0    1.400   1.0000          NULL 
 52.1000    1    2.000   1.0000          line
 54.1000    0    1.100   1.0000          NULL 
 55.2000    1    2.000   1.0000          line
 57.2000    0    1.600   1.0000          NULL 
 58.8000    1    2.000   1.0000          line
 60.8000    0    1.000   1.0000          NULL 
 61.8000    1    2.000   1.0000          line
 63.8000    0    1.700   1.0000          NULL 
 65.4999    1    2.000   1.0000          line
 67.4999    0    1.000   1.0000          NULL 
 68.4999    1    2.000   1.0000          line
 70.4999    0    1.200   1.0000          NULL 
 71.6999    1    2.000   1.0000          line
 73.6999    0    1.500   1.0000          NULL 
 75.1999    1    2.000   1.0000          line
 77.1999    0    1.500   1.0000          NULL 
 78.6999    1    2.000   1.0000          line
 80.6999    0    1.000   1.0000          NULL 
 81.6999    1    2.000   1.0000          line
 83.6999    0    1.000   1.0000          NULL 
 84.6999    1    2.000   1.0000          line
 86.6999    0    1.200   1.0000          NULL 
 87.8999    1    2.000   1.0000          line
 89.8999    0    1.000   1.0000          NULL 
 90.8999    1    2.000   1.0000          line
 92.8999    0    1.100   1.0000          NULL 
 93.9999    1    2.000   1.0000          line
 95.9999    0    1.000   1.0000          NULL 
 96.9999    1    2.000   1.0000          line
 98.9999    0    1.900   1.0000          NULL 
100.8999    1    2.000   1.0000          line
102.8999    0    1.300   1.0000          NULL 
104.1999    1    2.000   1.0000          line
106.1999    0    1.000   1.0000          NULL 
107.1999    1    2.000   1.0000          line
109.1999    0    1.900   1.0000          NULL 
111.0999    1    2.000   1.0000          line
113.0999    0    1.100   1.0000          NULL 
114.1999    1    2.000   1.0000          line
116.1999    0    1.200   1.0000          NULL 
117.3999    1    2.000   1.0000          line
119.3999    0    1.100   1.0000          NULL 
120.4999    1    2.000   1.0000          line
122.4999    0    1.000   1.0000          NULL 
123.4999    1    2.000   1.0000          line
125.4999    0    1.200   1.0000          NULL 
126.6999    1    2.000   1.0000          line
128.6999    0    1.300   1.0000          NULL 
