  0.0000    1    2.000   1.0000          line
  2.0000    0    1.000   1.0000          NULL 
  3.0000    1    2.000   1.0000          line
  5.0000    0    0.500   1.0000          NULL 
  5.5000    1    2.000   1.0000          line
  7.5000    0    1.000   1.0000          NULL 
  8.5000    1    2.000   1.0000          line
 10.5000    0    0.500   1.0000          NULL 
 11.0000    1    2.000   1.0000          line
 13.0000    0    3.000   1.0000          NULL 
 16.0000    1    2.000   1.0000          line
 18.0000    0    0.500   1.0000          NULL 
 18.5000    1    2.000   1.0000          line
 20.5000    0    0.500   1.0000          NULL 
 21.0000    1    2.000   1.0000          line
 23.0000    0    1.000   1.0000          NULL 
 24.0000    1    2.000   1.0000          line
 26.0000    0    1.500   1.0000          NULL 
 27.5000    1    2.000   1.0000          line
 29.5000    0    3.000   1.0000          NULL 
 32.5000    1    2.000   1.0000          line
 34.5000    0    0.500   1.0000          NULL 
 35.0000    1    2.000   1.0000          line
 37.0000    0    0.500   1.0000          NULL 
 37.5000    1    2.000   1.0000          line
 39.5000    0    2.000   1.0000          NULL 
 41.5000    1    2.000   1.0000          line
 43.5000    0    0.500   1.0000          NULL 
 44.0000    1    2.000   1.0000          line
 46.0000    0    1.500   1.0000          NULL 
 47.5000    1    2.000   1.0000          line
 49.5000    0    0.500   1.0000          NULL 
 50.0000    1    2.000   1.0000          line
 52.0000    0    0.500   1.0000          NULL 
 52.5000    1    2.000   1.0000          line
 54.5000    0    0.500   1.0000          NULL 
 55.0000    1    2.000   1.0000          line
 57.0000    0    1.000   1.0000          NULL 
 58.0000    1    2.000   1.0000          line
 60.0000    0    0.500   1.0000          NULL 
 60.5000    1    2.000   1.0000          line
 62.5000    0    1.500   1.0000          NULL 
 64.0000    1    2.000   1.0000          line
 66.0000    0    0.500   1.0000          NULL 
 66.5000    1    2.000   1.0000          line
 68.5000    0    0.500   1.0000          NULL 
 69.0000    1    2.000   1.0000          line
 71.0000    0    1.000   1.0000          NULL 
 72.0000    1    2.000   1.0000          line
 74.0000    0    1.000   1.0000          NULL 
 75.0000    1    2.000   1.0000          line
 77.0000    0    2.500   1.0000          NULL 
 79.5000    1    2.000   1.0000          line
 81.5000    0    2.000   1.0000          NULL 
 83.5000    1    2.000   1.0000          line
 85.5000    0    1.000   1.0000          NULL 
 86.5000    1    2.000   1.0000          line
 88.5000    0    1.000   1.0000          NULL 
 89.5000    1    2.000   1.0000          line
 91.5000    0    0.500   1.0000          NULL 
 92.0000    1    2.000   1.0000          line
 94.0000    0    1.000   1.0000          NULL 
 95.0000    1    2.000   1.0000          line
 97.0000    0    0.500   1.0000          NULL 
 97.5000    1    2.000   1.0000          line
 99.5000    0    1.000   1.0000          NULL 
100.5000    1    2.000   1.0000          line
102.5000    0    2.000   1.0000          NULL 
104.5000    1    2.000   1.0000          line
106.5000    0    3.000   1.0000          NULL 
109.5000    1    2.000   1.0000          line
111.5000    0    1.000   1.0000          NULL 
112.5000    1    2.000   1.0000          line
114.5000    0    2.000   1.0000          NULL 
116.5000    1    2.000   1.0000          line
118.5000    0    0.500   1.0000          NULL 
119.0000    1    2.000   1.0000          line
121.0000    0    4.000   1.0000          NULL 
125.0000    1    2.000   1.0000          line
127.0000    0    1.500   1.0000          NULL 
128.5000    1    2.000   1.0000          line
130.5000    0    0.500   1.0000          NULL 
131.0000    1    2.000   1.0000          line
133.0000    0    1.000   1.0000          NULL 
134.0000    1    2.000   1.0000          line
136.0000    0    3.500   1.0000          NULL 
139.5000    1    2.000   1.0000          line
141.5000    0    1.500   1.0000          NULL 
143.0000    1    2.000   1.0000          line
145.0000    0    0.500   1.0000          NULL 
145.5000    1    2.000   1.0000          line
147.5000    0    0.500   1.0000          NULL 
148.0000    1    2.000   1.0000          line
150.0000    0    0.500   1.0000          NULL 
150.5000    1    2.000   1.0000          line
152.5000    0    2.500   1.0000          NULL 
155.0000    1    2.000   1.0000          line
157.0000    0    1.000   1.0000          NULL 
158.0000    1    2.000   1.0000          line
160.0000    0    2.000   1.0000          NULL 
162.0000    1    2.000   1.0000          line
164.0000    0    0.500   1.0000          NULL 
164.5000    1    2.000   1.0000          line
166.5000    0    0.500   1.0000          NULL 
167.0000    1    2.000   1.0000          line
169.0000    0    3.000   1.0000          NULL 
172.0000    1    2.000   1.0000          line
174.0000    0    1.000   1.0000          NULL 
175.0000    1    2.000   1.0000          line
177.0000    0    2.000   1.0000          NULL 
179.0000    1    2.000   1.0000          line
181.0000    0    0.500   1.0000          NULL 
181.5000    1    2.000   1.0000          line
183.5000    0    2.000   1.0000          NULL 
185.5000    1    2.000   1.0000          line
187.5000    0    0.500   1.0000          NULL 
188.0000    1    2.000   1.0000          line
190.0000    0    3.000   1.0000          NULL 
193.0000    1    2.000   1.0000          line
195.0000    0    1.500   1.0000          NULL 
196.5000    1    2.000   1.0000          line
198.5000    0    0.500   1.0000          NULL 
199.0000    1    2.000   1.0000          line
201.0000    0    3.500   1.0000          NULL 
204.5000    1    2.000   1.0000          line
206.5000    0    0.500   1.0000          NULL 
207.0000    1    2.000   1.0000          line
209.0000    0    0.500   1.0000          NULL 
209.5000    1    2.000   1.0000          line
211.5000    0    3.500   1.0000          NULL 
215.0000    1    2.000   1.0000          line
217.0000    0    0.500   1.0000          NULL 
217.5000    1    2.000   1.0000          line
219.5000    0    1.000   1.0000          NULL 
220.5000    1    2.000   1.0000          line
222.5000    0    1.000   1.0000          NULL 
223.5000    1    2.000   1.0000          line
225.5000    0    2.500   1.0000          NULL 
228.0000    1    2.000   1.0000          line
230.0000    0    1.500   1.0000          NULL 
231.5000    1    2.000   1.0000          line
233.5000    0    0.500   1.0000          NULL 
234.0000    1    2.000   1.0000          line
236.0000    0    2.500   1.0000          NULL 
238.5000    1    2.000   1.0000          line
240.5000    0    1.500   1.0000          NULL 
242.0000    1    2.000   1.0000          line
244.0000    0    0.500   1.0000          NULL 
244.5000    1    2.000   1.0000          line
246.5000    0    2.500   1.0000          NULL 
249.0000    1    2.000   1.0000          line
251.0000    0    2.000   1.0000          NULL 
253.0000    1    2.000   1.0000          line
255.0000    0    2.500   1.0000          NULL 
257.5000    1    2.000   1.0000          line
259.5000    0    0.500   1.0000          NULL 
260.0000    1    2.000   1.0000          line
262.0000    0    0.500   1.0000          NULL 
262.5000    1    2.000   1.0000          line
264.5000    0    0.500   1.0000          NULL 
265.0000    1    2.000   1.0000          line
267.0000    0    1.000   1.0000          NULL 
268.0000    1    2.000   1.0000          line
270.0000    0    1.000   1.0000          NULL 
271.0000    1    2.000   1.0000          line
273.0000    0    1.500   1.0000          NULL 
274.5000    1    2.000   1.0000          line
276.5000    0    0.500   1.0000          NULL 
277.0000    1    2.000   1.0000          line
279.0000    0    2.000   1.0000          NULL 
281.0000    1    2.000   1.0000          line
283.0000    0    0.500   1.0000          NULL 
283.5000    1    2.000   1.0000          line
285.5000    0    1.500   1.0000          NULL 
287.0000    1    2.000   1.0000          line
289.0000    0    0.500   1.0000          NULL 
289.5000    1    2.000   1.0000          line
291.5000    0    0.500   1.0000          NULL 
292.0000    1    2.000   1.0000          line
294.0000    0    3.500   1.0000          NULL 
297.5000    1    2.000   1.0000          line
299.5000    0    0.500   1.0000          NULL 
300.0000    1    2.000   1.0000          line
302.0000    0    2.500   1.0000          NULL 
304.5000    1    2.000   1.0000          line
306.5000    0    3.500   1.0000          NULL 
310.0000    1    2.000   1.0000          line
312.0000    0    0.500   1.0000          NULL 
312.5000    1    2.000   1.0000          line
314.5000    0    1.000   1.0000          NULL 
315.5000    1    2.000   1.0000          line
317.5000    0    1.000   1.0000          NULL 
318.5000    1    2.000   1.0000          line
320.5000    0    1.000   1.0000          NULL 
321.5000    1    2.000   1.0000          line
323.5000    0    3.500   1.0000          NULL 
327.0000    1    2.000   1.0000          line
329.0000    0    0.500   1.0000          NULL 
329.5000    1    2.000   1.0000          line
331.5000    0    0.500   1.0000          NULL 
332.0000    1    2.000   1.0000          line
334.0000    0    0.500   1.0000          NULL 
334.5000    1    2.000   1.0000          line
336.5000    0    1.000   1.0000          NULL 
337.5000    1    2.000   1.0000          line
339.5000    0    1.500   1.0000          NULL 
341.0000    1    2.000   1.0000          line
343.0000    0    0.500   1.0000          NULL 
343.5000    1    2.000   1.0000          line
345.5000    0    4.000   1.0000          NULL 
349.5000    1    2.000   1.0000          line
351.5000    0    1.000   1.0000          NULL 
352.5000    1    2.000   1.0000          line
354.5000    0    1.000   1.0000          NULL 
355.5000    1    2.000   1.0000          line
357.5000    0    2.000   1.0000          NULL 
359.5000    1    2.000   1.0000          line
361.5000    0    1.000   1.0000          NULL 
362.5000    1    2.000   1.0000          line
364.5000    0    1.000   1.0000          NULL 
365.5000    1    2.000   1.0000          line
367.5000    0    1.500   1.0000          NULL 
369.0000    1    2.000   1.0000          line
371.0000    0    0.500   1.0000          NULL 
371.5000    1    2.000   1.0000          line
373.5000    0    0.500   1.0000          NULL 
374.0000    1    2.000   1.0000          line
376.0000    0    0.500   1.0000          NULL 
376.5000    1    2.000   1.0000          line
378.5000    0    2.000   1.0000          NULL 
380.5000    1    2.000   1.0000          line
382.5000    0    0.500   1.0000          NULL 
383.0000    1    2.000   1.0000          line
385.0000    0    1.000   1.0000          NULL 
386.0000    1    2.000   1.0000          line
388.0000    0    3.000   1.0000          NULL 
391.0000    1    2.000   1.0000          line
393.0000    0    1.500   1.0000          NULL 
394.5000    1    2.000   1.0000          line
396.5000    0    3.500   1.0000          NULL 
