  0.0000    1    2.000   1.0000          line
  2.0000    0    1.200   1.0000          NULL 
  3.2000    1    2.000   1.0000          line
  5.2000    0    1.200   1.0000          NULL 
  6.4000    1    2.000   1.0000          line
  8.4000    0    1.100   1.0000          NULL 
  9.5000    1    2.000   1.0000          line
 11.5000    0    1.300   1.0000          NULL 
 12.8000    1    2.000   1.0000          line
 14.8000    0    2.000   1.0000          NULL 
 16.8000    1    2.000   1.0000          line
 18.8000    0    2.000   1.0000          NULL 
 20.8000    1    2.000   1.0000          line
 22.8000    0    1.000   1.0000          NULL 
 23.8000    1    2.000   1.0000          line
 25.8000    0    1.100   1.0000          NULL 
 26.9000    1    2.000   1.0000          line
 28.9000    0    1.000   1.0000          NULL 
 29.9000    1    2.000   1.0000          line
 31.9000    0    1.000   1.0000          NULL 
 32.9000    1    2.000   1.0000          line
 34.9000    0    1.800   1.0000          NULL 
 36.7000    1    2.000   1.0000          line
 38.7000    0    1.000   1.0000          NULL 
 39.7000    1    2.000   1.0000          line
 41.7000    0    1.000   1.0000          NULL 
 42.7000    1    2.000   1.0000          line
 44.7000    0    1.500   1.0000          NULL 
 46.2000    1    2.000   1.0000          line
 48.2000    0    1.100   1.0000          NULL 
 49.3000    1    2.000   1.0000          line
 51.3000    0    1.700   1.0000          NULL 
 53.0000    1    2.000   1.0000          line
 55.0000    0    1.200   1.0000          NULL 
 56.2000    1    2.000   1.0000          line
 58.2000    0    1.000   1.0000          NULL 
 59.2000    1    2.000   1.0000          line
 61.2000    0    1.700   1.0000          NULL 
 62.9000    1    2.000   1.0000          line
 64.9000    0    1.300   1.0000          NULL 
 66.2000    1    2.000   1.0000          line
 68.2000    0    1.500   1.0000          NULL 
 69.7000    1    2.000   1.0000          line
 71.7000    0    1.000   1.0000          NULL 
 72.7000    1    2.000   1.0000          line
 74.7000    0    1.300   1.0000          NULL 
 75.9999    1    2.000   1.0000          line
 77.9999    0    1.000   1.0000          NULL 
 78.9999    1    2.000   1.0000          line
 80.9999    0    1.400   1.0000          NULL 
 82.3999    1    2.000   1.0000          line
 84.3999    0    1.300   1.0000          NULL 
 85.6999    1    2.000   1.0000          line
 87.6999    0    1.000   1.0000          NULL 
 88.6999    1    2.000   1.0000          line
 90.6999    0    1.100   1.0000          NULL 
 91.7999    1    2.000   1.0000          line
 93.7999    0    1.200   1.0000          NULL 
 94.9999    1    2.000   1.0000          line
 96.9999    0    1.100   1.0000          NULL 
 98.0999    1    2.000   1.0000          line
100.0999    0    1.100   1.0000          NULL 
101.1999    1    2.000   1.0000          line
103.1999    0    1.400   1.0000          NULL 
104.5999    1    2.000   1.0000          line
106.5999    0    2.000   1.0000          NULL 
108.5999    1    2.000   1.0000          line
110.5999    0    1.000   1.0000          NULL 
111.5999    1    2.000   1.0000          line
113.5999    0    1.200   1.0000          NULL 
114.7999    1    2.000   1.0000          line
116.7999    0    1.000   1.0000          NULL 
117.7999    1    2.000   1.0000          line
119.7999    0    1.100   1.0000          NULL 
120.8999    1    2.000   1.0000          line
122.8999    0    1.000   1.0000          NULL 
123.8999    1    2.000   1.0000          line
125.8999    0    1.000   1.0000          NULL 
126.8999    1    2.000   1.0000          line
128.8999    0    1.100   1.0000          NULL 
