  0.0000    1    2.000   1.0000          line
  2.0000    0    1.200   1.0000          NULL 
  3.2000    1    2.000   1.0000          line
  5.2000    0    1.500   1.0000          NULL 
  6.7000    1    2.000   1.0000          line
  8.7000    0    1.000   1.0000          NULL 
  9.7000    1    2.000   1.0000          line
 11.7000    0    1.100   1.0000          NULL 
 12.8000    1    2.000   1.0000          line
 14.8000    0    1.000   1.0000          NULL 
 15.8000    1    2.000   1.0000          line
 17.8000    0    1.900   1.0000          NULL 
 19.7000    1    2.000   1.0000          line
 21.7000    0    1.300   1.0000          NULL 
 23.0000    1    2.000   1.0000          line
 25.0000    0    1.000   1.0000          NULL 
 26.0000    1    2.000   1.0000          line
 28.0000    0    1.300   1.0000          NULL 
 29.3000    1    2.000   1.0000          line
 31.3000    0    1.200   1.0000          NULL 
 32.5000    1    2.000   1.0000          line
 34.5000    0    1.100   1.0000          NULL 
 35.6000    1    2.000   1.0000          line
 37.6000    0    1.000   1.0000          NULL 
 38.6000    1    2.000   1.0000          line
 40.6000    0    1.000   1.0000          NULL 
 41.6000    1    2.000   1.0000          line
 43.6000    0    1.000   1.0000          NULL 
 44.6000    1    2.000   1.0000          line
 46.6000    0    2.000   1.0000          NULL 
 48.6000    1    2.000   1.0000          line
 50.6000    0    1.000   1.0000          NULL 
 51.6000    1    2.000   1.0000          line
 53.6000    0    1.600   1.0000          NULL 
 55.2000    1    2.000   1.0000          line
 57.2000    0    1.300   1.0000          NULL 
 58.5000    1    2.000   1.0000          line
 60.5000    0    1.300   1.0000          NULL 
 61.8000    1    2.000   1.0000          line
 63.8000    0    1.300   1.0000          NULL 
 65.1000    1    2.000   1.0000          line
 67.1000    0    1.200   1.0000          NULL 
 68.3000    1    2.000   1.0000          line
 70.3000    0    1.100   1.0000          NULL 
 71.4000    1    2.000   1.0000          line
 73.4000    0    1.000   1.0000          NULL 
 74.4000    1    2.000   1.0000          line
 76.4000    0    1.000   1.0000          NULL 
 77.4000    1    2.000   1.0000          line
 79.4000    0    1.100   1.0000          NULL 
 80.5000    1    2.000   1.0000          line
 82.5000    0    1.800   1.0000          NULL 
 84.2999    1    2.000   1.0000          line
 86.2999    0    1.000   1.0000          NULL 
 87.2999    1    2.000   1.0000          line
 89.2999    0    1.600   1.0000          NULL 
 90.8999    1    2.000   1.0000          line
 92.8999    0    1.600   1.0000          NULL 
 94.4999    1    2.000   1.0000          line
 96.4999    0    1.000   1.0000          NULL 
 97.4999    1    2.000   1.0000          line
 99.4999    0    1.100   1.0000          NULL 
100.5999    1    2.000   1.0000          line
102.5999    0    1.900   1.0000          NULL 
104.4999    1    2.000   1.0000          line
106.4999    0    2.000   1.0000          NULL 
108.4999    1    2.000   1.0000          line
110.4999    0    1.000   1.0000          NULL 
111.4999    1    2.000   1.0000          line
113.4999    0    1.000   1.0000          NULL 
114.4999    1    2.000   1.0000          line
116.4999    0    1.000   1.0000          NULL 
117.4999    1    2.000   1.0000          line
119.4999    0    1.100   1.0000          NULL 
120.5999    1    2.000   1.0000          line
122.5999    0    1.200   1.0000          NULL 
123.7999    1    2.000   1.0000          line
125.7999    0    1.000   1.0000          NULL 
126.7999    1    2.000   1.0000          line
128.7999    0    1.200   1.0000          NULL 
