  0.0000    1    2.000   1.0000          line
  2.0000    0    2.500   1.0000          NULL 
  4.5000    1    2.000   1.0000          line
  6.5000    0    0.500   1.0000          NULL 
  7.0000    1    2.000   1.0000          line
  9.0000    0    1.000   1.0000          NULL 
 10.0000    1    2.000   1.0000          line
 12.0000    0    0.500   1.0000          NULL 
 12.5000    1    2.000   1.0000          line
 14.5000    0    0.500   1.0000          NULL 
 15.0000    1    2.000   1.0000          line
 17.0000    0    1.500   1.0000          NULL 
 18.5000    1    2.000   1.0000          line
 20.5000    0    2.000   1.0000          NULL 
 22.5000    1    2.000   1.0000          line
 24.5000    0    0.500   1.0000          NULL 
 25.0000    1    2.000   1.0000          line
 27.0000    0    1.000   1.0000          NULL 
 28.0000    1    2.000   1.0000          line
 30.0000    0    0.500   1.0000          NULL 
 30.5000    1    2.000   1.0000          line
 32.5000    0    0.500   1.0000          NULL 
 33.0000    1    2.000   1.0000          line
 35.0000    0    1.000   1.0000          NULL 
 36.0000    1    2.000   1.0000          line
 38.0000    0    1.000   1.0000          NULL 
 39.0000    1    2.000   1.0000          line
 41.0000    0    1.000   1.0000          NULL 
 42.0000    1    2.000   1.0000          line
 44.0000    0    1.500   1.0000          NULL 
 45.5000    1    2.000   1.0000          line
 47.5000    0    0.500   1.0000          NULL 
 48.0000    1    2.000   1.0000          line
 50.0000    0    2.000   1.0000          NULL 
 52.0000    1    2.000   1.0000          line
 54.0000    0    1.000   1.0000          NULL 
 55.0000    1    2.000   1.0000          line
 57.0000    0    0.500   1.0000          NULL 
 57.5000    1    2.000   1.0000          line
 59.5000    0    0.500   1.0000          NULL 
 60.0000    1    2.000   1.0000          line
 62.0000    0    3.500   1.0000          NULL 
 65.5000    1    2.000   1.0000          line
 67.5000    0    1.000   1.0000          NULL 
 68.5000    1    2.000   1.0000          line
 70.5000    0    3.000   1.0000          NULL 
 73.5000    1    2.000   1.0000          line
 75.5000    0    2.500   1.0000          NULL 
 78.0000    1    2.000   1.0000          line
 80.0000    0    2.000   1.0000          NULL 
 82.0000    1    2.000   1.0000          line
 84.0000    0    0.500   1.0000          NULL 
 84.5000    1    2.000   1.0000          line
 86.5000    0    1.500   1.0000          NULL 
 88.0000    1    2.000   1.0000          line
 90.0000    0    3.000   1.0000          NULL 
 93.0000    1    2.000   1.0000          line
 95.0000    0    2.000   1.0000          NULL 
 97.0000    1    2.000   1.0000          line
 99.0000    0    2.000   1.0000          NULL 
101.0000    1    2.000   1.0000          line
103.0000    0    0.500   1.0000          NULL 
103.5000    1    2.000   1.0000          line
105.5000    0    0.500   1.0000          NULL 
106.0000    1    2.000   1.0000          line
108.0000    0    1.000   1.0000          NULL 
109.0000    1    2.000   1.0000          line
111.0000    0    0.500   1.0000          NULL 
111.5000    1    2.000   1.0000          line
113.5000    0    0.500   1.0000          NULL 
114.0000    1    2.000   1.0000          line
116.0000    0    2.500   1.0000          NULL 
118.5000    1    2.000   1.0000          line
120.5000    0    0.500   1.0000          NULL 
121.0000    1    2.000   1.0000          line
123.0000    0    1.000   1.0000          NULL 
124.0000    1    2.000   1.0000          line
126.0000    0    0.500   1.0000          NULL 
126.5000    1    2.000   1.0000          line
128.5000    0    3.500   1.0000          NULL 
132.0000    1    2.000   1.0000          line
134.0000    0    0.500   1.0000          NULL 
134.5000    1    2.000   1.0000          line
136.5000    0    0.500   1.0000          NULL 
137.0000    1    2.000   1.0000          line
139.0000    0    1.500   1.0000          NULL 
140.5000    1    2.000   1.0000          line
142.5000    0    1.000   1.0000          NULL 
143.5000    1    2.000   1.0000          line
145.5000    0    1.500   1.0000          NULL 
147.0000    1    2.000   1.0000          line
149.0000    0    2.000   1.0000          NULL 
151.0000    1    2.000   1.0000          line
153.0000    0    1.000   1.0000          NULL 
154.0000    1    2.000   1.0000          line
156.0000    0    1.000   1.0000          NULL 
157.0000    1    2.000   1.0000          line
159.0000    0    0.500   1.0000          NULL 
159.5000    1    2.000   1.0000          line
161.5000    0    0.500   1.0000          NULL 
162.0000    1    2.000   1.0000          line
164.0000    0    2.000   1.0000          NULL 
166.0000    1    2.000   1.0000          line
168.0000    0    1.500   1.0000          NULL 
169.5000    1    2.000   1.0000          line
171.5000    0    1.000   1.0000          NULL 
172.5000    1    2.000   1.0000          line
174.5000    0    1.000   1.0000          NULL 
175.5000    1    2.000   1.0000          line
177.5000    0    4.000   1.0000          NULL 
181.5000    1    2.000   1.0000          line
183.5000    0    0.500   1.0000          NULL 
184.0000    1    2.000   1.0000          line
186.0000    0    1.000   1.0000          NULL 
187.0000    1    2.000   1.0000          line
189.0000    0    1.000   1.0000          NULL 
190.0000    1    2.000   1.0000          line
192.0000    0    1.500   1.0000          NULL 
193.5000    1    2.000   1.0000          line
195.5000    0    1.000   1.0000          NULL 
196.5000    1    2.000   1.0000          line
198.5000    0    1.000   1.0000          NULL 
199.5000    1    2.000   1.0000          line
201.5000    0    1.000   1.0000          NULL 
202.5000    1    2.000   1.0000          line
204.5000    0    2.500   1.0000          NULL 
207.0000    1    2.000   1.0000          line
209.0000    0    1.000   1.0000          NULL 
210.0000    1    2.000   1.0000          line
212.0000    0    1.000   1.0000          NULL 
213.0000    1    2.000   1.0000          line
215.0000    0    0.500   1.0000          NULL 
215.5000    1    2.000   1.0000          line
217.5000    0    1.000   1.0000          NULL 
218.5000    1    2.000   1.0000          line
220.5000    0    2.000   1.0000          NULL 
222.5000    1    2.000   1.0000          line
224.5000    0    1.000   1.0000          NULL 
225.5000    1    2.000   1.0000          line
227.5000    0    0.500   1.0000          NULL 
228.0000    1    2.000   1.0000          line
230.0000    0    1.000   1.0000          NULL 
231.0000    1    2.000   1.0000          line
233.0000    0    3.000   1.0000          NULL 
236.0000    1    2.000   1.0000          line
238.0000    0    0.500   1.0000          NULL 
238.5000    1    2.000   1.0000          line
240.5000    0    1.000   1.0000          NULL 
241.5000    1    2.000   1.0000          line
243.5000    0    0.500   1.0000          NULL 
244.0000    1    2.000   1.0000          line
246.0000    0    0.500   1.0000          NULL 
246.5000    1    2.000   1.0000          line
248.5000    0    0.500   1.0000          NULL 
249.0000    1    2.000   1.0000          line
251.0000    0    0.500   1.0000          NULL 
251.5000    1    2.000   1.0000          line
253.5000    0    4.000   1.0000          NULL 
257.5000    1    2.000   1.0000          line
259.5000    0    0.500   1.0000          NULL 
260.0000    1    2.000   1.0000          line
262.0000    0    1.500   1.0000          NULL 
263.5000    1    2.000   1.0000          line
265.5000    0    3.500   1.0000          NULL 
269.0000    1    2.000   1.0000          line
271.0000    0    0.500   1.0000          NULL 
271.5000    1    2.000   1.0000          line
273.5000    0    0.500   1.0000          NULL 
274.0000    1    2.000   1.0000          line
276.0000    0    1.000   1.0000          NULL 
277.0000    1    2.000   1.0000          line
279.0000    0    0.500   1.0000          NULL 
279.5000    1    2.000   1.0000          line
281.5000    0    0.500   1.0000          NULL 
282.0000    1    2.000   1.0000          line
284.0000    0    0.500   1.0000          NULL 
284.5000    1    2.000   1.0000          line
286.5000    0    4.000   1.0000          NULL 
290.5000    1    2.000   1.0000          line
292.5000    0    1.500   1.0000          NULL 
294.0000    1    2.000   1.0000          line
296.0000    0    1.000   1.0000          NULL 
297.0000    1    2.000   1.0000          line
299.0000    0    0.500   1.0000          NULL 
299.5000    1    2.000   1.0000          line
301.5000    0    0.500   1.0000          NULL 
302.0000    1    2.000   1.0000          line
304.0000    0    0.500   1.0000          NULL 
304.5000    1    2.000   1.0000          line
306.5000    0    1.500   1.0000          NULL 
308.0000    1    2.000   1.0000          line
310.0000    0    3.500   1.0000          NULL 
313.5000    1    2.000   1.0000          line
315.5000    0    3.500   1.0000          NULL 
319.0000    1    2.000   1.0000          line
321.0000    0    3.500   1.0000          NULL 
324.5000    1    2.000   1.0000          line
326.5000    0    0.500   1.0000          NULL 
327.0000    1    2.000   1.0000          line
329.0000    0    1.500   1.0000          NULL 
330.5000    1    2.000   1.0000          line
332.5000    0    4.000   1.0000          NULL 
336.5000    1    2.000   1.0000          line
338.5000    0    2.000   1.0000          NULL 
340.5000    1    2.000   1.0000          line
342.5000    0    0.500   1.0000          NULL 
343.0000    1    2.000   1.0000          line
345.0000    0    0.500   1.0000          NULL 
345.5000    1    2.000   1.0000          line
347.5000    0    1.000   1.0000          NULL 
348.5000    1    2.000   1.0000          line
350.5000    0    2.500   1.0000          NULL 
353.0000    1    2.000   1.0000          line
355.0000    0    0.500   1.0000          NULL 
355.5000    1    2.000   1.0000          line
357.5000    0    2.000   1.0000          NULL 
359.5000    1    2.000   1.0000          line
361.5000    0    1.000   1.0000          NULL 
362.5000    1    2.000   1.0000          line
364.5000    0    0.500   1.0000          NULL 
365.0000    1    2.000   1.0000          line
367.0000    0    2.000   1.0000          NULL 
369.0000    1    2.000   1.0000          line
371.0000    0    4.000   1.0000          NULL 
375.0000    1    2.000   1.0000          line
377.0000    0    0.500   1.0000          NULL 
377.5000    1    2.000   1.0000          line
379.5000    0    2.500   1.0000          NULL 
382.0000    1    2.000   1.0000          line
384.0000    0    0.500   1.0000          NULL 
384.5000    1    2.000   1.0000          line
386.5000    0    0.500   1.0000          NULL 
387.0000    1    2.000   1.0000          line
389.0000    0    2.000   1.0000          NULL 
391.0000    1    2.000   1.0000          line
393.0000    0    1.000   1.0000          NULL 
394.0000    1    2.000   1.0000          line
396.0000    0    0.500   1.0000          NULL 
396.5000    1    2.000   1.0000          line
398.5000    0    1.500   1.0000          NULL 
