  0.0000    1    2.000   1.0000          line
  2.0000    0    1.000   1.0000          NULL 
  3.0000    1    2.000   1.0000          line
  5.0000    0    1.500   1.0000          NULL 
  6.5000    1    2.000   1.0000          line
  8.5000    0    0.500   1.0000          NULL 
  9.0000    1    2.000   1.0000          line
 11.0000    0    0.500   1.0000          NULL 
 11.5000    1    2.000   1.0000          line
 13.5000    0    1.000   1.0000          NULL 
 14.5000    1    2.000   1.0000          line
 16.5000    0    3.500   1.0000          NULL 
 20.0000    1    2.000   1.0000          line
 22.0000    0    0.500   1.0000          NULL 
 22.5000    1    2.000   1.0000          line
 24.5000    0    4.000   1.0000          NULL 
 28.5000    1    2.000   1.0000          line
 30.5000    0    1.000   1.0000          NULL 
 31.5000    1    2.000   1.0000          line
 33.5000    0    0.500   1.0000          NULL 
 34.0000    1    2.000   1.0000          line
 36.0000    0    0.500   1.0000          NULL 
 36.5000    1    2.000   1.0000          line
 38.5000    0    1.000   1.0000          NULL 
 39.5000    1    2.000   1.0000          line
 41.5000    0    1.500   1.0000          NULL 
 43.0000    1    2.000   1.0000          line
 45.0000    0    2.500   1.0000          NULL 
 47.5000    1    2.000   1.0000          line
 49.5000    0    0.500   1.0000          NULL 
 50.0000    1    2.000   1.0000          line
 52.0000    0    4.000   1.0000          NULL 
 56.0000    1    2.000   1.0000          line
 58.0000    0    0.500   1.0000          NULL 
 58.5000    1    2.000   1.0000          line
 60.5000    0    1.000   1.0000          NULL 
 61.5000    1    2.000   1.0000          line
 63.5000    0    1.000   1.0000          NULL 
 64.5000    1    2.000   1.0000          line
 66.5000    0    2.500   1.0000          NULL 
 69.0000    1    2.000   1.0000          line
 71.0000    0    2.500   1.0000          NULL 
 73.5000    1    2.000   1.0000          line
 75.5000    0    1.000   1.0000          NULL 
 76.5000    1    2.000   1.0000          line
 78.5000    0    1.500   1.0000          NULL 
 80.0000    1    2.000   1.0000          line
 82.0000    0    2.000   1.0000          NULL 
 84.0000    1    2.000   1.0000          line
 86.0000    0    1.000   1.0000          NULL 
 87.0000    1    2.000   1.0000          line
 89.0000    0    2.500   1.0000          NULL 
 91.5000    1    2.000   1.0000          line
 93.5000    0    0.500   1.0000          NULL 
 94.0000    1    2.000   1.0000          line
 96.0000    0    0.500   1.0000          NULL 
 96.5000    1    2.000   1.0000          line
 98.5000    0    2.500   1.0000          NULL 
101.0000    1    2.000   1.0000          line
103.0000    0    3.500   1.0000          NULL 
106.5000    1    2.000   1.0000          line
108.5000    0    0.500   1.0000          NULL 
109.0000    1    2.000   1.0000          line
111.0000    0    1.500   1.0000          NULL 
112.5000    1    2.000   1.0000          line
114.5000    0    0.500   1.0000          NULL 
115.0000    1    2.000   1.0000          line
117.0000    0    1.000   1.0000          NULL 
118.0000    1    2.000   1.0000          line
120.0000    0    3.000   1.0000          NULL 
123.0000    1    2.000   1.0000          line
125.0000    0    0.500   1.0000          NULL 
125.5000    1    2.000   1.0000          line
127.5000    0    1.000   1.0000          NULL 
128.5000    1    2.000   1.0000          line
130.5000    0    1.000   1.0000          NULL 
131.5000    1    2.000   1.0000          line
133.5000    0    1.000   1.0000          NULL 
134.5000    1    2.000   1.0000          line
136.5000    0    1.000   1.0000          NULL 
137.5000    1    2.000   1.0000          line
139.5000    0    2.500   1.0000          NULL 
142.0000    1    2.000   1.0000          line
144.0000    0    0.500   1.0000          NULL 
144.5000    1    2.000   1.0000          line
146.5000    0    1.500   1.0000          NULL 
148.0000    1    2.000   1.0000          line
150.0000    0    3.500   1.0000          NULL 
153.5000    1    2.000   1.0000          line
155.5000    0    1.000   1.0000          NULL 
156.5000    1    2.000   1.0000          line
158.5000    0    1.000   1.0000          NULL 
159.5000    1    2.000   1.0000          line
161.5000    0    0.500   1.0000          NULL 
162.0000    1    2.000   1.0000          line
164.0000    0    0.500   1.0000          NULL 
164.5000    1    2.000   1.0000          line
166.5000    0    4.000   1.0000          NULL 
170.5000    1    2.000   1.0000          line
172.5000    0    0.500   1.0000          NULL 
173.0000    1    2.000   1.0000          line
175.0000    0    0.500   1.0000          NULL 
175.5000    1    2.000   1.0000          line
177.5000    0    0.500   1.0000          NULL 
178.0000    1    2.000   1.0000          line
180.0000    0    2.500   1.0000          NULL 
182.5000    1    2.000   1.0000          line
184.5000    0    3.500   1.0000          NULL 
188.0000    1    2.000   1.0000          line
190.0000    0    1.500   1.0000          NULL 
191.5000    1    2.000   1.0000          line
193.5000    0    2.500   1.0000          NULL 
196.0000    1    2.000   1.0000          line
198.0000    0    0.500   1.0000          NULL 
198.5000    1    2.000   1.0000          line
200.5000    0    3.000   1.0000          NULL 
203.5000    1    2.000   1.0000          line
205.5000    0    0.500   1.0000          NULL 
206.0000    1    2.000   1.0000          line
208.0000    0    3.500   1.0000          NULL 
211.5000    1    2.000   1.0000          line
213.5000    0    1.500   1.0000          NULL 
215.0000    1    2.000   1.0000          line
217.0000    0    1.000   1.0000          NULL 
218.0000    1    2.000   1.0000          line
220.0000    0    1.000   1.0000          NULL 
221.0000    1    2.000   1.0000          line
223.0000    0    0.500   1.0000          NULL 
223.5000    1    2.000   1.0000          line
225.5000    0    1.000   1.0000          NULL 
226.5000    1    2.000   1.0000          line
228.5000    0    0.500   1.0000          NULL 
229.0000    1    2.000   1.0000          line
231.0000    0    0.500   1.0000          NULL 
231.5000    1    2.000   1.0000          line
233.5000    0    0.500   1.0000          NULL 
234.0000    1    2.000   1.0000          line
236.0000    0    1.500   1.0000          NULL 
237.5000    1    2.000   1.0000          line
239.5000    0    1.000   1.0000          NULL 
240.5000    1    2.000   1.0000          line
242.5000    0    2.500   1.0000          NULL 
245.0000    1    2.000   1.0000          line
247.0000    0    0.500   1.0000          NULL 
247.5000    1    2.000   1.0000          line
249.5000    0    1.000   1.0000          NULL 
250.5000    1    2.000   1.0000          line
252.5000    0    0.500   1.0000          NULL 
253.0000    1    2.000   1.0000          line
255.0000    0    3.500   1.0000          NULL 
258.5000    1    2.000   1.0000          line
260.5000    0    1.500   1.0000          NULL 
262.0000    1    2.000   1.0000          line
264.0000    0    2.500   1.0000          NULL 
266.5000    1    2.000   1.0000          line
268.5000    0    1.500   1.0000          NULL 
270.0000    1    2.000   1.0000          line
272.0000    0    1.000   1.0000          NULL 
273.0000    1    2.000   1.0000          line
275.0000    0    1.500   1.0000          NULL 
276.5000    1    2.000   1.0000          line
278.5000    0    1.000   1.0000          NULL 
279.5000    1    2.000   1.0000          line
281.5000    0    2.000   1.0000          NULL 
283.5000    1    2.000   1.0000          line
285.5000    0    1.000   1.0000          NULL 
286.5000    1    2.000   1.0000          line
288.5000    0    0.500   1.0000          NULL 
289.0000    1    2.000   1.0000          line
291.0000    0    3.000   1.0000          NULL 
294.0000    1    2.000   1.0000          line
296.0000    0    1.000   1.0000          NULL 
297.0000    1    2.000   1.0000          line
299.0000    0    0.500   1.0000          NULL 
299.5000    1    2.000   1.0000          line
301.5000    0    0.500   1.0000          NULL 
302.0000    1    2.000   1.0000          line
304.0000    0    0.500   1.0000          NULL 
304.5000    1    2.000   1.0000          line
306.5000    0    0.500   1.0000          NULL 
307.0000    1    2.000   1.0000          line
309.0000    0    0.500   1.0000          NULL 
309.5000    1    2.000   1.0000          line
311.5000    0    1.000   1.0000          NULL 
312.5000    1    2.000   1.0000          line
314.5000    0    1.500   1.0000          NULL 
316.0000    1    2.000   1.0000          line
318.0000    0    1.500   1.0000          NULL 
319.5000    1    2.000   1.0000          line
321.5000    0    3.000   1.0000          NULL 
324.5000    1    2.000   1.0000          line
326.5000    0    0.500   1.0000          NULL 
327.0000    1    2.000   1.0000          line
329.0000    0    1.000   1.0000          NULL 
330.0000    1    2.000   1.0000          line
332.0000    0    1.000   1.0000          NULL 
333.0000    1    2.000   1.0000          line
335.0000    0    0.500   1.0000          NULL 
335.5000    1    2.000   1.0000          line
337.5000    0    2.000   1.0000          NULL 
339.5000    1    2.000   1.0000          line
341.5000    0    1.000   1.0000          NULL 
342.5000    1    2.000   1.0000          line
344.5000    0    1.000   1.0000          NULL 
345.5000    1    2.000   1.0000          line
347.5000    0    0.500   1.0000          NULL 
348.0000    1    2.000   1.0000          line
350.0000    0    1.500   1.0000          NULL 
351.5000    1    2.000   1.0000          line
353.5000    0    0.500   1.0000          NULL 
354.0000    1    2.000   1.0000          line
356.0000    0    0.500   1.0000          NULL 
356.5000    1    2.000   1.0000          line
358.5000    0    0.500   1.0000          NULL 
359.0000    1    2.000   1.0000          line
361.0000    0    2.000   1.0000          NULL 
363.0000    1    2.000   1.0000          line
365.0000    0    3.000   1.0000          NULL 
368.0000    1    2.000   1.0000          line
370.0000    0    0.500   1.0000          NULL 
370.5000    1    2.000   1.0000          line
372.5000    0    0.500   1.0000          NULL 
373.0000    1    2.000   1.0000          line
375.0000    0    0.500   1.0000          NULL 
375.5000    1    2.000   1.0000          line
377.5000    0    2.000   1.0000          NULL 
379.5000    1    2.000   1.0000          line
381.5000    0    0.500   1.0000          NULL 
382.0000    1    2.000   1.0000          line
384.0000    0    1.000   1.0000          NULL 
385.0000    1    2.000   1.0000          line
387.0000    0    1.000   1.0000          NULL 
388.0000    1    2.000   1.0000          line
390.0000    0    0.500   1.0000          NULL 
390.5000    1    2.000   1.0000          line
392.5000    0    2.000   1.0000          NULL 
394.5000    1    2.000   1.0000          line
396.5000    0    0.500   1.0000          NULL 
397.0000    1    2.000   1.0000          line
399.0000    0    1.000   1.0000          NULL 
