  0.0000    1    2.000   1.0000          line
  2.0000    0    2.000   1.0000          NULL 
  4.0000    1    2.000   1.0000          line
  6.0000    0    0.500   1.0000          NULL 
  6.5000    1    2.000   1.0000          line
  8.5000    0    0.500   1.0000          NULL 
  9.0000    1    2.000   1.0000          line
 11.0000    0    2.500   1.0000          NULL 
 13.5000    1    2.000   1.0000          line
 15.5000    0    1.500   1.0000          NULL 
 17.0000    1    2.000   1.0000          line
 19.0000    0    2.000   1.0000          NULL 
 21.0000    1    2.000   1.0000          line
 23.0000    0    0.500   1.0000          NULL 
 23.5000    1    2.000   1.0000          line
 25.5000    0    2.000   1.0000          NULL 
 27.5000    1    2.000   1.0000          line
 29.5000    0    1.500   1.0000          NULL 
 31.0000    1    2.000   1.0000          line
 33.0000    0    0.500   1.0000          NULL 
 33.5000    1    2.000   1.0000          line
 35.5000    0    1.000   1.0000          NULL 
 36.5000    1    2.000   1.0000          line
 38.5000    0    0.500   1.0000          NULL 
 39.0000    1    2.000   1.0000          line
 41.0000    0    1.500   1.0000          NULL 
 42.5000    1    2.000   1.0000          line
 44.5000    0    0.500   1.0000          NULL 
 45.0000    1    2.000   1.0000          line
 47.0000    0    2.000   1.0000          NULL 
 49.0000    1    2.000   1.0000          line
 51.0000    0    0.500   1.0000          NULL 
 51.5000    1    2.000   1.0000          line
 53.5000    0    3.500   1.0000          NULL 
 57.0000    1    2.000   1.0000          line
 59.0000    0    2.500   1.0000          NULL 
 61.5000    1    2.000   1.0000          line
 63.5000    0    0.500   1.0000          NULL 
 64.0000    1    2.000   1.0000          line
 66.0000    0    1.000   1.0000          NULL 
 67.0000    1    2.000   1.0000          line
 69.0000    0    1.000   1.0000          NULL 
 70.0000    1    2.000   1.0000          line
 72.0000    0    3.500   1.0000          NULL 
 75.5000    1    2.000   1.0000          line
 77.5000    0    0.500   1.0000          NULL 
 78.0000    1    2.000   1.0000          line
 80.0000    0    1.000   1.0000          NULL 
 81.0000    1    2.000   1.0000          line
 83.0000    0    0.500   1.0000          NULL 
 83.5000    1    2.000   1.0000          line
 85.5000    0    1.000   1.0000          NULL 
 86.5000    1    2.000   1.0000          line
 88.5000    0    3.500   1.0000          NULL 
 92.0000    1    2.000   1.0000          line
 94.0000    0    2.500   1.0000          NULL 
 96.5000    1    2.000   1.0000          line
 98.5000    0    0.500   1.0000          NULL 
 99.0000    1    2.000   1.0000          line
101.0000    0    0.500   1.0000          NULL 
101.5000    1    2.000   1.0000          line
103.5000    0    1.500   1.0000          NULL 
105.0000    1    2.000   1.0000          line
107.0000    0    0.500   1.0000          NULL 
107.5000    1    2.000   1.0000          line
109.5000    0    0.500   1.0000          NULL 
110.0000    1    2.000   1.0000          line
112.0000    0    2.000   1.0000          NULL 
114.0000    1    2.000   1.0000          line
116.0000    0    1.000   1.0000          NULL 
117.0000    1    2.000   1.0000          line
119.0000    0    3.500   1.0000          NULL 
122.5000    1    2.000   1.0000          line
124.5000    0    0.500   1.0000          NULL 
125.0000    1    2.000   1.0000          line
127.0000    0    1.000   1.0000          NULL 
128.0000    1    2.000   1.0000          line
130.0000    0    0.500   1.0000          NULL 
130.5000    1    2.000   1.0000          line
132.5000    0    1.500   1.0000          NULL 
134.0000    1    2.000   1.0000          line
136.0000    0    3.500   1.0000          NULL 
139.5000    1    2.000   1.0000          line
141.5000    0    2.500   1.0000          NULL 
144.0000    1    2.000   1.0000          line
146.0000    0    0.500   1.0000          NULL 
146.5000    1    2.000   1.0000          line
148.5000    0    0.500   1.0000          NULL 
149.0000    1    2.000   1.0000          line
151.0000    0    0.500   1.0000          NULL 
151.5000    1    2.000   1.0000          line
153.5000    0    2.500   1.0000          NULL 
156.0000    1    2.000   1.0000          line
158.0000    0    0.500   1.0000          NULL 
158.5000    1    2.000   1.0000          line
160.5000    0    0.500   1.0000          NULL 
161.0000    1    2.000   1.0000          line
163.0000    0    3.000   1.0000          NULL 
166.0000    1    2.000   1.0000          line
168.0000    0    0.500   1.0000          NULL 
168.5000    1    2.000   1.0000          line
170.5000    0    2.000   1.0000          NULL 
172.5000    1    2.000   1.0000          line
174.5000    0    0.500   1.0000          NULL 
175.0000    1    2.000   1.0000          line
177.0000    0    3.500   1.0000          NULL 
180.5000    1    2.000   1.0000          line
182.5000    0    2.500   1.0000          NULL 
185.0000    1    2.000   1.0000          line
187.0000    0    0.500   1.0000          NULL 
187.5000    1    2.000   1.0000          line
189.5000    0    1.000   1.0000          NULL 
190.5000    1    2.000   1.0000          line
192.5000    0    2.500   1.0000          NULL 
195.0000    1    2.000   1.0000          line
197.0000    0    0.500   1.0000          NULL 
197.5000    1    2.000   1.0000          line
199.5000    0    2.000   1.0000          NULL 
201.5000    1    2.000   1.0000          line
203.5000    0    0.500   1.0000          NULL 
204.0000    1    2.000   1.0000          line
206.0000    0    1.500   1.0000          NULL 
207.5000    1    2.000   1.0000          line
209.5000    0    3.000   1.0000          NULL 
212.5000    1    2.000   1.0000          line
214.5000    0    0.500   1.0000          NULL 
215.0000    1    2.000   1.0000          line
217.0000    0    1.500   1.0000          NULL 
218.5000    1    2.000   1.0000          line
220.5000    0    2.000   1.0000          NULL 
222.5000    1    2.000   1.0000          line
224.5000    0    1.500   1.0000          NULL 
226.0000    1    2.000   1.0000          line
228.0000    0    1.000   1.0000          NULL 
229.0000    1    2.000   1.0000          line
231.0000    0    0.500   1.0000          NULL 
231.5000    1    2.000   1.0000          line
233.5000    0    1.500   1.0000          NULL 
235.0000    1    2.000   1.0000          line
237.0000    0    1.500   1.0000          NULL 
238.5000    1    2.000   1.0000          line
240.5000    0    1.500   1.0000          NULL 
242.0000    1    2.000   1.0000          line
244.0000    0    0.500   1.0000          NULL 
244.5000    1    2.000   1.0000          line
246.5000    0    2.500   1.0000          NULL 
249.0000    1    2.000   1.0000          line
251.0000    0    2.000   1.0000          NULL 
253.0000    1    2.000   1.0000          line
255.0000    0    0.500   1.0000          NULL 
255.5000    1    2.000   1.0000          line
257.5000    0    1.500   1.0000          NULL 
259.0000    1    2.000   1.0000          line
261.0000    0    1.000   1.0000          NULL 
262.0000    1    2.000   1.0000          line
264.0000    0    0.500   1.0000          NULL 
264.5000    1    2.000   1.0000          line
266.5000    0    0.500   1.0000          NULL 
267.0000    1    2.000   1.0000          line
269.0000    0    0.500   1.0000          NULL 
269.5000    1    2.000   1.0000          line
271.5000    0    1.500   1.0000          NULL 
273.0000    1    2.000   1.0000          line
275.0000    0    2.500   1.0000          NULL 
277.5000    1    2.000   1.0000          line
279.5000    0    1.000   1.0000          NULL 
280.5000    1    2.000   1.0000          line
282.5000    0    3.000   1.0000          NULL 
285.5000    1    2.000   1.0000          line
287.5000    0    0.500   1.0000          NULL 
288.0000    1    2.000   1.0000          line
290.0000    0    2.000   1.0000          NULL 
292.0000    1    2.000   1.0000          line
294.0000    0    1.500   1.0000          NULL 
295.5000    1    2.000   1.0000          line
297.5000    0    0.500   1.0000          NULL 
298.0000    1    2.000   1.0000          line
300.0000    0    1.000   1.0000          NULL 
301.0000    1    2.000   1.0000          line
303.0000    0    4.000   1.0000          NULL 
307.0000    1    2.000   1.0000          line
309.0000    0    0.500   1.0000          NULL 
309.5000    1    2.000   1.0000          line
311.5000    0    1.000   1.0000          NULL 
312.5000    1    2.000   1.0000          line
314.5000    0    1.000   1.0000          NULL 
315.5000    1    2.000   1.0000          line
317.5000    0    0.500   1.0000          NULL 
318.0000    1    2.000   1.0000          line
320.0000    0    3.000   1.0000          NULL 
323.0000    1    2.000   1.0000          line
325.0000    0    2.500   1.0000          NULL 
327.5000    1    2.000   1.0000          line
329.5000    0    3.000   1.0000          NULL 
332.5000    1    2.000   1.0000          line
334.5000    0    1.000   1.0000          NULL 
335.5000    1    2.000   1.0000          line
337.5000    0    2.000   1.0000          NULL 
339.5000    1    2.000   1.0000          line
341.5000    0    0.500   1.0000          NULL 
342.0000    1    2.000   1.0000          line
344.0000    0    0.500   1.0000          NULL 
344.5000    1    2.000   1.0000          line
346.5000    0    0.500   1.0000          NULL 
347.0000    1    2.000   1.0000          line
349.0000    0    3.500   1.0000          NULL 
352.5000    1    2.000   1.0000          line
354.5000    0    1.000   1.0000          NULL 
355.5000    1    2.000   1.0000          line
357.5000    0    0.500   1.0000          NULL 
358.0000    1    2.000   1.0000          line
360.0000    0    0.500   1.0000          NULL 
360.5000    1    2.000   1.0000          line
362.5000    0    0.500   1.0000          NULL 
363.0000    1    2.000   1.0000          line
365.0000    0    0.500   1.0000          NULL 
365.5000    1    2.000   1.0000          line
367.5000    0    1.500   1.0000          NULL 
369.0000    1    2.000   1.0000          line
371.0000    0    2.000   1.0000          NULL 
373.0000    1    2.000   1.0000          line
375.0000    0    0.500   1.0000          NULL 
375.5000    1    2.000   1.0000          line
377.5000    0    0.500   1.0000          NULL 
378.0000    1    2.000   1.0000          line
380.0000    0    1.000   1.0000          NULL 
381.0000    1    2.000   1.0000          line
383.0000    0    0.500   1.0000          NULL 
383.5000    1    2.000   1.0000          line
385.5000    0    0.500   1.0000          NULL 
386.0000    1    2.000   1.0000          line
388.0000    0    0.500   1.0000          NULL 
388.5000    1    2.000   1.0000          line
390.5000    0    0.500   1.0000          NULL 
391.0000    1    2.000   1.0000          line
393.0000    0    1.500   1.0000          NULL 
394.5000    1    2.000   1.0000          line
396.5000    0    0.500   1.0000          NULL 
397.0000    1    2.000   1.0000          line
399.0000    0    1.000   1.0000          NULL 
