  0.0000    1    2.000   1.0000          line
  2.0000    0    1.300   1.0000          NULL 
  3.3000    1    2.000   1.0000          line
  5.3000    0    1.100   1.0000          NULL 
  6.4000    1    2.000   1.0000          line
  8.4000    0    1.000   1.0000          NULL 
  9.4000    1    2.000   1.0000          line
 11.4000    0    1.200   1.0000          NULL 
 12.6000    1    2.000   1.0000          line
 14.6000    0    1.200   1.0000          NULL 
 15.8000    1    2.000   1.0000          line
 17.8000    0    1.100   1.0000          NULL 
 18.9000    1    2.000   1.0000          line
 20.9000    0    1.000   1.0000          NULL 
 21.9000    1    2.000   1.0000          line
 23.9000    0    1.000   1.0000          NULL 
 24.9000    1    2.000   1.0000          line
 26.9000    0    1.600   1.0000          NULL 
 28.5000    1    2.000   1.0000          line
 30.5000    0    1.000   1.0000          NULL 
 31.5000    1    2.000   1.0000          line
 33.5000    0    1.300   1.0000          NULL 
 34.8000    1    2.000   1.0000          line
 36.8000    0    1.000   1.0000          NULL 
 37.8000    1    2.000   1.0000          line
 39.8000    0    1.100   1.0000          NULL 
 40.9000    1    2.000   1.0000          line
 42.9000    0    2.000   1.0000          NULL 
 44.9000    1    2.000   1.0000          line
 46.9000    0    1.200   1.0000          NULL 
 48.1000    1    2.000   1.0000          line
 50.1000    0    1.200   1.0000          NULL 
 51.3000    1    2.000   1.0000          line
 53.3000    0    1.500   1.0000          NULL 
 54.8000    1    2.000   1.0000          line
 56.8000    0    1.000   1.0000          NULL 
 57.8000    1    2.000   1.0000          line
 59.8000    0    1.400   1.0000          NULL 
 61.2000    1    2.000   1.0000          line
 63.2000    0    1.500   1.0000          NULL 
 64.7000    1    2.000   1.0000          line
 66.7000    0    1.200   1.0000          NULL 
 67.9000    1    2.000   1.0000          line
 69.9000    0    1.000   1.0000          NULL 
 70.9000    1    2.000   1.0000          line
 72.9000    0    1.200   1.0000          NULL 
 74.1000    1    2.000   1.0000          line
 76.1000    0    1.300   1.0000          NULL 
 77.3999    1    2.000   1.0000          line
 79.3999    0    1.000   1.0000          NULL 
 80.3999    1    2.000   1.0000          line
 82.3999    0    1.900   1.0000          NULL 
 84.2999    1    2.000   1.0000          line
 86.2999    0    1.700   1.0000          NULL 
 87.9999    1    2.000   1.0000          line
 89.9999    0    1.000   1.0000          NULL 
 90.9999    1    2.000   1.0000          line
 92.9999    0    1.100   1.0000          NULL 
 94.0999    1    2.000   1.0000          line
 96.0999    0    1.000   1.0000          NULL 
 97.0999    1    2.000   1.0000          line
 99.0999    0    1.700   1.0000          NULL 
100.7999    1    2.000   1.0000          line
102.7999    0    1.000   1.0000          NULL 
103.7999    1    2.000   1.0000          line
105.7999    0    1.700   1.0000          NULL 
107.4999    1    2.000   1.0000          line
109.4999    0    1.100   1.0000          NULL 
110.5999    1    2.000   1.0000          line
112.5999    0    1.900   1.0000          NULL 
114.4999    1    2.000   1.0000          line
116.4999    0    1.300   1.0000          NULL 
117.7999    1    2.000   1.0000          line
119.7999    0    1.000   1.0000          NULL 
120.7999    1    2.000   1.0000          line
122.7999    0    1.000   1.0000          NULL 
123.7999    1    2.000   1.0000          line
125.7999    0    1.200   1.0000          NULL 
126.9999    1    2.000   1.0000          line
128.9999    0    1.000   1.0000          NULL 
