  0.0000    1    2.000   1.0000          line
  2.0000    0    1.100   1.0000          NULL 
  3.1000    1    2.000   1.0000          line
  5.1000    0    1.400   1.0000          NULL 
  6.5000    1    2.000   1.0000          line
  8.5000    0    1.100   1.0000          NULL 
  9.6000    1    2.000   1.0000          line
 11.6000    0    1.000   1.0000          NULL 
 12.6000    1    2.000   1.0000          line
 14.6000    0    1.200   1.0000          NULL 
 15.8000    1    2.000   1.0000          line
 17.8000    0    1.300   1.0000          NULL 
 19.1000    1    2.000   1.0000          line
 21.1000    0    1.100   1.0000          NULL 
 22.2000    1    2.000   1.0000          line
 24.2000    0    1.900   1.0000          NULL 
 26.1000    1    2.000   1.0000          line
 28.1000    0    1.900   1.0000          NULL 
 30.0000    1    2.000   1.0000          line
 32.0000    0    1.000   1.0000          NULL 
 33.0000    1    2.000   1.0000          line
 35.0000    0    1.100   1.0000          NULL 
 36.1000    1    2.000   1.0000          line
 38.1000    0    1.100   1.0000          NULL 
 39.2000    1    2.000   1.0000          line
 41.2000    0    2.000   1.0000          NULL 
 43.2000    1    2.000   1.0000          line
 45.2000    0    1.000   1.0000          NULL 
 46.2000    1    2.000   1.0000          line
 48.2000    0    1.300   1.0000          NULL 
 49.5000    1    2.000   1.0000          line
 51.5000    0    1.000   1.0000          NULL 
 52.5000    1    2.000   1.0000          line
 54.5000    0    1.100   1.0000          NULL 
 55.6000    1    2.000   1.0000          line
 57.6000    0    1.400   1.0000          NULL 
 59.0000    1    2.000   1.0000          line
 61.0000    0    1.600   1.0000          NULL 
 62.6000    1    2.000   1.0000          line
 64.6000    0    1.000   1.0000          NULL 
 65.6000    1    2.000   1.0000          line
 67.6000    0    1.000   1.0000          NULL 
 68.6000    1    2.000   1.0000          line
 70.6000    0    1.900   1.0000          NULL 
 72.5000    1    2.000   1.0000          line
 74.5000    0    1.300   1.0000          NULL 
 75.7999    1    2.000   1.0000          line
 77.7999    0    1.200   1.0000          NULL 
 78.9999    1    2.000   1.0000          line
 80.9999    0    1.000   1.0000          NULL 
 81.9999    1    2.000   1.0000          line
 83.9999    0    1.200   1.0000          NULL 
 85.1999    1    2.000   1.0000          line
 87.1999    0    1.000   1.0000          NULL 
 88.1999    1    2.000   1.0000          line
 90.1999    0    2.000   1.0000          NULL 
 92.1999    1    2.000   1.0000          line
 94.1999    0    1.000   1.0000          NULL 
 95.1999    1    2.000   1.0000          line
 97.1999    0    1.200   1.0000          NULL 
 98.3999    1    2.000   1.0000          line
100.3999    0    1.000   1.0000          NULL 
101.3999    1    2.000   1.0000          line
103.3999    0    1.000   1.0000          NULL 
104.3999    1    2.000   1.0000          line
106.3999    0    1.100   1.0000          NULL 
107.4999    1    2.000   1.0000          line
109.4999    0    1.300   1.0000          NULL 
110.7999    1    2.000   1.0000          line
112.7999    0    1.300   1.0000          NULL 
114.0999    1    2.000   1.0000          line
116.0999    0    1.000   1.0000          NULL 
117.0999    1    2.000   1.0000          line
119.0999    0    1.500   1.0000          NULL 
120.5999    1    2.000   1.0000          line
122.5999    0    1.200   1.0000          NULL 
123.7999    1    2.000   1.0000          line
125.7999    0    1.200   1.0000          NULL 
126.9999    1    2.000   1.0000          line
128.9999    0    1.000   1.0000          NULL 
