  0.0000    1    2.000   1.0000          line
  2.0000    0    0.500   1.0000          NULL 
  2.5000    1    2.000   1.0000          line
  4.5000    0    1.500   1.0000          NULL 
  6.0000    1    2.000   1.0000          line
  8.0000    0    0.500   1.0000          NULL 
  8.5000    1    2.000   1.0000          line
 10.5000    0    1.000   1.0000          NULL 
 11.5000    1    2.000   1.0000          line
 13.5000    0    2.000   1.0000          NULL 
 15.5000    1    2.000   1.0000          line
 17.5000    0    0.500   1.0000          NULL 
 18.0000    1    2.000   1.0000          line
 20.0000    0    0.500   1.0000          NULL 
 20.5000    1    2.000   1.0000          line
 22.5000    0    2.000   1.0000          NULL 
 24.5000    1    2.000   1.0000          line
 26.5000    0    0.500   1.0000          NULL 
 27.0000    1    2.000   1.0000          line
 29.0000    0    1.500   1.0000          NULL 
 30.5000    1    2.000   1.0000          line
 32.5000    0    2.500   1.0000          NULL 
 35.0000    1    2.000   1.0000          line
 37.0000    0    0.500   1.0000          NULL 
 37.5000    1    2.000   1.0000          line
 39.5000    0    1.500   1.0000          NULL 
 41.0000    1    2.000   1.0000          line
 43.0000    0    0.500   1.0000          NULL 
 43.5000    1    2.000   1.0000          line
 45.5000    0    1.500   1.0000          NULL 
 47.0000    1    2.000   1.0000          line
 49.0000    0    0.500   1.0000          NULL 
 49.5000    1    2.000   1.0000          line
 51.5000    0    0.500   1.0000          NULL 
 52.0000    1    2.000   1.0000          line
 54.0000    0    2.000   1.0000          NULL 
 56.0000    1    2.000   1.0000          line
 58.0000    0    0.500   1.0000          NULL 
 58.5000    1    2.000   1.0000          line
 60.5000    0    0.500   1.0000          NULL 
 61.0000    1    2.000   1.0000          line
 63.0000    0    1.000   1.0000          NULL 
 64.0000    1    2.000   1.0000          line
 66.0000    0    1.000   1.0000          NULL 
 67.0000    1    2.000   1.0000          line
 69.0000    0    1.000   1.0000          NULL 
 70.0000    1    2.000   1.0000          line
 72.0000    0    4.000   1.0000          NULL 
 76.0000    1    2.000   1.0000          line
 78.0000    0    2.500   1.0000          NULL 
 80.5000    1    2.000   1.0000          line
 82.5000    0    0.500   1.0000          NULL 
 83.0000    1    2.000   1.0000          line
 85.0000    0    2.000   1.0000          NULL 
 87.0000    1    2.000   1.0000          line
 89.0000    0    0.500   1.0000          NULL 
 89.5000    1    2.000   1.0000          line
 91.5000    0    1.000   1.0000          NULL 
 92.5000    1    2.000   1.0000          line
 94.5000    0    2.000   1.0000          NULL 
 96.5000    1    2.000   1.0000          line
 98.5000    0    1.000   1.0000          NULL 
 99.5000    1    2.000   1.0000          line
101.5000    0    2.500   1.0000          NULL 
104.0000    1    2.000   1.0000          line
106.0000    0    0.500   1.0000          NULL 
106.5000    1    2.000   1.0000          line
108.5000    0    1.500   1.0000          NULL 
110.0000    1    2.000   1.0000          line
112.0000    0    1.000   1.0000          NULL 
113.0000    1    2.000   1.0000          line
115.0000    0    1.500   1.0000          NULL 
116.5000    1    2.000   1.0000          line
118.5000    0    2.500   1.0000          NULL 
121.0000    1    2.000   1.0000          line
123.0000    0    0.500   1.0000          NULL 
123.5000    1    2.000   1.0000          line
125.5000    0    3.500   1.0000          NULL 
129.0000    1    2.000   1.0000          line
131.0000    0    1.000   1.0000          NULL 
132.0000    1    2.000   1.0000          line
134.0000    0    0.500   1.0000          NULL 
134.5000    1    2.000   1.0000          line
136.5000    0    2.000   1.0000          NULL 
138.5000    1    2.000   1.0000          line
140.5000    0    1.000   1.0000          NULL 
141.5000    1    2.000   1.0000          line
143.5000    0    3.500   1.0000          NULL 
147.0000    1    2.000   1.0000          line
149.0000    0    0.500   1.0000          NULL 
149.5000    1    2.000   1.0000          line
151.5000    0    0.500   1.0000          NULL 
152.0000    1    2.000   1.0000          line
154.0000    0    0.500   1.0000          NULL 
154.5000    1    2.000   1.0000          line
156.5000    0    2.000   1.0000          NULL 
158.5000    1    2.000   1.0000          line
160.5000    0    0.500   1.0000          NULL 
161.0000    1    2.000   1.0000          line
163.0000    0    3.000   1.0000          NULL 
166.0000    1    2.000   1.0000          line
168.0000    0    1.000   1.0000          NULL 
169.0000    1    2.000   1.0000          line
171.0000    0    1.000   1.0000          NULL 
172.0000    1    2.000   1.0000          line
174.0000    0    0.500   1.0000          NULL 
174.5000    1    2.000   1.0000          line
176.5000    0    4.000   1.0000          NULL 
180.5000    1    2.000   1.0000          line
182.5000    0    2.000   1.0000          NULL 
184.5000    1    2.000   1.0000          line
186.5000    0    2.500   1.0000          NULL 
189.0000    1    2.000   1.0000          line
191.0000    0    1.500   1.0000          NULL 
192.5000    1    2.000   1.0000          line
194.5000    0    1.000   1.0000          NULL 
195.5000    1    2.000   1.0000          line
197.5000    0    0.500   1.0000          NULL 
198.0000    1    2.000   1.0000          line
200.0000    0    2.000   1.0000          NULL 
202.0000    1    2.000   1.0000          line
204.0000    0    0.500   1.0000          NULL 
204.5000    1    2.000   1.0000          line
206.5000    0    0.500   1.0000          NULL 
207.0000    1    2.000   1.0000          line
209.0000    0    1.000   1.0000          NULL 
210.0000    1    2.000   1.0000          line
212.0000    0    3.500   1.0000          NULL 
215.5000    1    2.000   1.0000          line
217.5000    0    1.000   1.0000          NULL 
218.5000    1    2.000   1.0000          line
220.5000    0    2.000   1.0000          NULL 
222.5000    1    2.000   1.0000          line
224.5000    0    1.500   1.0000          NULL 
226.0000    1    2.000   1.0000          line
228.0000    0    1.500   1.0000          NULL 
229.5000    1    2.000   1.0000          line
231.5000    0    0.500   1.0000          NULL 
232.0000    1    2.000   1.0000          line
234.0000    0    0.500   1.0000          NULL 
234.5000    1    2.000   1.0000          line
236.5000    0    1.500   1.0000          NULL 
238.0000    1    2.000   1.0000          line
240.0000    0    2.000   1.0000          NULL 
242.0000    1    2.000   1.0000          line
244.0000    0    0.500   1.0000          NULL 
244.5000    1    2.000   1.0000          line
246.5000    0    0.500   1.0000          NULL 
247.0000    1    2.000   1.0000          line
249.0000    0    0.500   1.0000          NULL 
249.5000    1    2.000   1.0000          line
251.5000    0    0.500   1.0000          NULL 
252.0000    1    2.000   1.0000          line
254.0000    0    0.500   1.0000          NULL 
254.5000    1    2.000   1.0000          line
256.5000    0    0.500   1.0000          NULL 
257.0000    1    2.000   1.0000          line
259.0000    0    3.000   1.0000          NULL 
262.0000    1    2.000   1.0000          line
264.0000    0    1.500   1.0000          NULL 
265.5000    1    2.000   1.0000          line
267.5000    0    0.500   1.0000          NULL 
268.0000    1    2.000   1.0000          line
270.0000    0    1.000   1.0000          NULL 
271.0000    1    2.000   1.0000          line
273.0000    0    0.500   1.0000          NULL 
273.5000    1    2.000   1.0000          line
275.5000    0    2.500   1.0000          NULL 
278.0000    1    2.000   1.0000          line
280.0000    0    2.000   1.0000          NULL 
282.0000    1    2.000   1.0000          line
284.0000    0    2.500   1.0000          NULL 
286.5000    1    2.000   1.0000          line
288.5000    0    1.000   1.0000          NULL 
289.5000    1    2.000   1.0000          line
291.5000    0    0.500   1.0000          NULL 
292.0000    1    2.000   1.0000          line
294.0000    0    1.500   1.0000          NULL 
295.5000    1    2.000   1.0000          line
297.5000    0    1.000   1.0000          NULL 
298.5000    1    2.000   1.0000          line
300.5000    0    0.500   1.0000          NULL 
301.0000    1    2.000   1.0000          line
303.0000    0    0.500   1.0000          NULL 
303.5000    1    2.000   1.0000          line
305.5000    0    4.000   1.0000          NULL 
309.5000    1    2.000   1.0000          line
311.5000    0    3.500   1.0000          NULL 
315.0000    1    2.000   1.0000          line
317.0000    0    0.500   1.0000          NULL 
317.5000    1    2.000   1.0000          line
319.5000    0    2.000   1.0000          NULL 
321.5000    1    2.000   1.0000          line
323.5000    0    1.000   1.0000          NULL 
324.5000    1    2.000   1.0000          line
326.5000    0    1.000   1.0000          NULL 
327.5000    1    2.000   1.0000          line
329.5000    0    1.500   1.0000          NULL 
331.0000    1    2.000   1.0000          line
333.0000    0    1.000   1.0000          NULL 
334.0000    1    2.000   1.0000          line
336.0000    0    1.000   1.0000          NULL 
337.0000    1    2.000   1.0000          line
339.0000    0    4.000   1.0000          NULL 
343.0000    1    2.000   1.0000          line
345.0000    0    1.000   1.0000          NULL 
346.0000    1    2.000   1.0000          line
348.0000    0    1.000   1.0000          NULL 
349.0000    1    2.000   1.0000          line
351.0000    0    2.500   1.0000          NULL 
353.5000    1    2.000   1.0000          line
355.5000    0    0.500   1.0000          NULL 
356.0000    1    2.000   1.0000          line
358.0000    0    0.500   1.0000          NULL 
358.5000    1    2.000   1.0000          line
360.5000    0    1.000   1.0000          NULL 
361.5000    1    2.000   1.0000          line
363.5000    0    0.500   1.0000          NULL 
364.0000    1    2.000   1.0000          line
366.0000    0    2.500   1.0000          NULL 
368.5000    1    2.000   1.0000          line
370.5000    0    4.000   1.0000          NULL 
374.5000    1    2.000   1.0000          line
376.5000    0    1.000   1.0000          NULL 
377.5000    1    2.000   1.0000          line
379.5000    0    0.500   1.0000          NULL 
380.0000    1    2.000   1.0000          line
382.0000    0    1.500   1.0000          NULL 
383.5000    1    2.000   1.0000          line
385.5000    0    1.000   1.0000          NULL 
386.5000    1    2.000   1.0000          line
388.5000    0    1.000   1.0000          NULL 
389.5000    1    2.000   1.0000          line
391.5000    0    1.000   1.0000          NULL 
392.5000    1    2.000   1.0000          line
394.5000    0    0.500   1.0000          NULL 
395.0000    1    2.000   1.0000          line
397.0000    0    0.500   1.0000          NULL 
397.5000    1    2.000   1.0000          line
399.5000    0    0.500   1.0000          NULL 
