  0.0000    1    2.000   1.0000          line
  2.0000    0    1.000   1.0000          NULL 
  3.0000    1    2.000   1.0000          line
  5.0000    0    1.500   1.0000          NULL 
  6.5000    1    2.000   1.0000          line
  8.5000    0    1.100   1.0000          NULL 
  9.6000    1    2.000   1.0000          line
 11.6000    0    1.000   1.0000          NULL 
 12.6000    1    2.000   1.0000          line
 14.6000    0    1.100   1.0000          NULL 
 15.7000    1    2.000   1.0000          line
 17.7000    0    1.100   1.0000          NULL 
 18.8000    1    2.000   1.0000          line
 20.8000    0    1.200   1.0000          NULL 
 22.0000    1    2.000   1.0000          line
 24.0000    0    1.200   1.0000          NULL 
 25.2000    1    2.000   1.0000          line
 27.2000    0    1.900   1.0000          NULL 
 29.1000    1    2.000   1.0000          line
 31.1000    0    1.400   1.0000          NULL 
 32.5000    1    2.000   1.0000          line
 34.5000    0    1.000   1.0000          NULL 
 35.5000    1    2.000   1.0000          line
 37.5000    0    1.100   1.0000          NULL 
 38.6000    1    2.000   1.0000          line
 40.6000    0    1.500   1.0000          NULL 
 42.1000    1    2.000   1.0000          line
 44.1000    0    1.100   1.0000          NULL 
 45.2000    1    2.000   1.0000          line
 47.2000    0    1.000   1.0000          NULL 
 48.2000    1    2.000   1.0000          line
 50.2000    0    1.000   1.0000          NULL 
 51.2000    1    2.000   1.0000          line
 53.2000    0    1.400   1.0000          NULL 
 54.6000    1    2.000   1.0000          line
 56.6000    0    1.800   1.0000          NULL 
 58.4000    1    2.000   1.0000          line
 60.4000    0    1.300   1.0000          NULL 
 61.7000    1    2.000   1.0000          line
 63.7000    0    1.000   1.0000          NULL 
 64.7000    1    2.000   1.0000          line
 66.7000    0    1.200   1.0000          NULL 
 67.9000    1    2.000   1.0000          line
 69.9000    0    1.000   1.0000          NULL 
 70.9000    1    2.000   1.0000          line
 72.9000    0    2.000   1.0000          NULL 
 74.8999    1    2.000   1.0000          line
 76.8999    0    1.000   1.0000          NULL 
 77.8999    1    2.000   1.0000          line
 79.8999    0    1.500   1.0000          NULL 
 81.3999    1    2.000   1.0000          line
 83.3999    0    1.300   1.0000          NULL 
 84.6999    1    2.000   1.0000          line
 86.6999    0    1.200   1.0000          NULL 
 87.8999    1    2.000   1.0000          line
 89.8999    0    1.800   1.0000          NULL 
 91.6999    1    2.000   1.0000          line
 93.6999    0    1.200   1.0000          NULL 
 94.8999    1    2.000   1.0000          line
 96.8999    0    1.000   1.0000          NULL 
 97.8999    1    2.000   1.0000          line
 99.8999    0    1.000   1.0000          NULL 
100.8999    1    2.000   1.0000          line
102.8999    0    1.800   1.0000          NULL 
104.6999    1    2.000   1.0000          line
106.6999    0    1.200   1.0000          NULL 
107.8999    1    2.000   1.0000          line
109.8999    0    1.100   1.0000          NULL 
110.9999    1    2.000   1.0000          line
112.9999    0    1.600   1.0000          NULL 
114.5999    1    2.000   1.0000          line
116.5999    0    1.000   1.0000          NULL 
117.5999    1    2.000   1.0000          line
119.5999    0    1.000   1.0000          NULL 
120.5999    1    2.000   1.0000          line
122.5999    0    1.100   1.0000          NULL 
123.6999    1    2.000   1.0000          line
125.6999    0    1.100   1.0000          NULL 
126.7999    1    2.000   1.0000          line
128.7999    0    1.200   1.0000          NULL 
