  0.0000    1    2.000   1.0000          line
  2.0000    0    1.000   1.0000          NULL 
  3.0000    1    2.000   1.0000          line
  5.0000    0    1.000   1.0000          NULL 
  6.0000    1    2.000   1.0000          line
  8.0000    0    1.600   1.0000          NULL 
  9.6000    1    2.000   1.0000          line
 11.6000    0    1.600   1.0000          NULL 
 13.2000    1    2.000   1.0000          line
 15.2000    0    1.200   1.0000          NULL 
 16.4000    1    2.000   1.0000          line
 18.4000    0    1.000   1.0000          NULL 
 19.4000    1    2.000   1.0000          line
 21.4000    0    1.900   1.0000          NULL 
 23.3000    1    2.000   1.0000          line
 25.3000    0    1.000   1.0000          NULL 
 26.3000    1    2.000   1.0000          line
 28.3000    0    1.900   1.0000          NULL 
 30.2000    1    2.000   1.0000          line
 32.2000    0    1.400   1.0000          NULL 
 33.6000    1    2.000   1.0000          line
 35.6000    0    1.500   1.0000          NULL 
 37.1000    1    2.000   1.0000          line
 39.1000    0    1.000   1.0000          NULL 
 40.1000    1    2.000   1.0000          line
 42.1000    0    1.300   1.0000          NULL 
 43.4000    1    2.000   1.0000          line
 45.4000    0    1.100   1.0000          NULL 
 46.5000    1    2.000   1.0000          line
 48.5000    0    1.600   1.0000          NULL 
 50.1000    1    2.000   1.0000          line
 52.1000    0    1.200   1.0000          NULL 
 53.3000    1    2.000   1.0000          line
 55.3000    0    1.400   1.0000          NULL 
 56.7000    1    2.000   1.0000          line
 58.7000    0    1.600   1.0000          NULL 
 60.3000    1    2.000   1.0000          line
 62.3000    0    1.100   1.0000          NULL 
 63.4000    1    2.000   1.0000          line
 65.4000    0    1.000   1.0000          NULL 
 66.4000    1    2.000   1.0000          line
 68.4000    0    2.000   1.0000          NULL 
 70.3999    1    2.000   1.0000          line
 72.3999    0    1.000   1.0000          NULL 
 73.3999    1    2.000   1.0000          line
 75.3999    0    1.000   1.0000          NULL 
 76.3999    1    2.000   1.0000          line
 78.3999    0    1.000   1.0000          NULL 
 79.3999    1    2.000   1.0000          line
 81.3999    0    1.500   1.0000          NULL 
 82.8999    1    2.000   1.0000          line
 84.8999    0    1.300   1.0000          NULL 
 86.1999    1    2.000   1.0000          line
 88.1999    0    1.000   1.0000          NULL 
 89.1999    1    2.000   1.0000          line
 91.1999    0    1.000   1.0000          NULL 
 92.1999    1    2.000   1.0000          line
 94.1999    0    1.000   1.0000          NULL 
 95.1999    1    2.000   1.0000          line
 97.1999    0    2.000   1.0000          NULL 
 99.1999    1    2.000   1.0000          line
101.1999    0    1.200   1.0000          NULL 
102.3999    1    2.000   1.0000          line
104.3999    0    1.100   1.0000          NULL 
105.4999    1    2.000   1.0000          line
107.4999    0    1.100   1.0000          NULL 
108.5999    1    2.000   1.0000          line
110.5999    0    1.100   1.0000          NULL 
111.6999    1    2.000   1.0000          line
113.6999    0    1.000   1.0000          NULL 
114.6999    1    2.000   1.0000          line
116.6999    0    1.000   1.0000          NULL 
117.6999    1    2.000   1.0000          line
119.6999    0    1.000   1.0000          NULL 
120.6999    1    2.000   1.0000          line
122.6999    0    1.100   1.0000          NULL 
123.7999    1    2.000   1.0000          line
125.7999    0    1.200   1.0000          NULL 
126.9999    1    2.000   1.0000          line
128.9999    0    1.000   1.0000          NULL 
