  0.0000    1    2.000   1.0000          line
  2.0000    0    0.500   1.0000          NULL 
  2.5000    1    2.000   1.0000          line
  4.5000    0    1.500   1.0000          NULL 
  6.0000    1    2.000   1.0000          line
  8.0000    0    4.000   1.0000          NULL 
 12.0000    1    2.000   1.0000          line
 14.0000    0    0.500   1.0000          NULL 
 14.5000    1    2.000   1.0000          line
 16.5000    0    0.500   1.0000          NULL 
 17.0000    1    2.000   1.0000          line
 19.0000    0    4.000   1.0000          NULL 
 23.0000    1    2.000   1.0000          line
 25.0000    0    1.000   1.0000          NULL 
 26.0000    1    2.000   1.0000          line
 28.0000    0    0.500   1.0000          NULL 
 28.5000    1    2.000   1.0000          line
 30.5000    0    0.500   1.0000          NULL 
 31.0000    1    2.000   1.0000          line
 33.0000    0    0.500   1.0000          NULL 
 33.5000    1    2.000   1.0000          line
 35.5000    0    2.500   1.0000          NULL 
 38.0000    1    2.000   1.0000          line
 40.0000    0    2.500   1.0000          NULL 
 42.5000    1    2.000   1.0000          line
 44.5000    0    0.500   1.0000          NULL 
 45.0000    1    2.000   1.0000          line
 47.0000    0    0.500   1.0000          NULL 
 47.5000    1    2.000   1.0000          line
 49.5000    0    0.500   1.0000          NULL 
 50.0000    1    2.000   1.0000          line
 52.0000    0    0.500   1.0000          NULL 
 52.5000    1    2.000   1.0000          line
 54.5000    0    0.500   1.0000          NULL 
 55.0000    1    2.000   1.0000          line
 57.0000    0    3.500   1.0000          NULL 
 60.5000    1    2.000   1.0000          line
 62.5000    0    1.000   1.0000          NULL 
 63.5000    1    2.000   1.0000          line
 65.5000    0    1.000   1.0000          NULL 
 66.5000    1    2.000   1.0000          line
 68.5000    0    1.500   1.0000          NULL 
 70.0000    1    2.000   1.0000          line
 72.0000    0    1.500   1.0000          NULL 
 73.5000    1    2.000   1.0000          line
 75.5000    0    1.000   1.0000          NULL 
 76.5000    1    2.000   1.0000          line
 78.5000    0    0.500   1.0000          NULL 
 79.0000    1    2.000   1.0000          line
 81.0000    0    1.000   1.0000          NULL 
 82.0000    1    2.000   1.0000          line
 84.0000    0    1.500   1.0000          NULL 
 85.5000    1    2.000   1.0000          line
 87.5000    0    4.000   1.0000          NULL 
 91.5000    1    2.000   1.0000          line
 93.5000    0    2.000   1.0000          NULL 
 95.5000    1    2.000   1.0000          line
 97.5000    0    0.500   1.0000          NULL 
 98.0000    1    2.000   1.0000          line
100.0000    0    0.500   1.0000          NULL 
100.5000    1    2.000   1.0000          line
102.5000    0    3.000   1.0000          NULL 
105.5000    1    2.000   1.0000          line
107.5000    0    3.000   1.0000          NULL 
110.5000    1    2.000   1.0000          line
112.5000    0    1.000   1.0000          NULL 
113.5000    1    2.000   1.0000          line
115.5000    0    0.500   1.0000          NULL 
116.0000    1    2.000   1.0000          line
118.0000    0    1.500   1.0000          NULL 
119.5000    1    2.000   1.0000          line
121.5000    0    0.500   1.0000          NULL 
122.0000    1    2.000   1.0000          line
124.0000    0    1.500   1.0000          NULL 
125.5000    1    2.000   1.0000          line
127.5000    0    1.000   1.0000          NULL 
128.5000    1    2.000   1.0000          line
130.5000    0    1.000   1.0000          NULL 
131.5000    1    2.000   1.0000          line
133.5000    0    2.000   1.0000          NULL 
135.5000    1    2.000   1.0000          line
137.5000    0    1.500   1.0000          NULL 
139.0000    1    2.000   1.0000          line
141.0000    0    1.000   1.0000          NULL 
142.0000    1    2.000   1.0000          line
144.0000    0    0.500   1.0000          NULL 
144.5000    1    2.000   1.0000          line
146.5000    0    1.000   1.0000          NULL 
147.5000    1    2.000   1.0000          line
149.5000    0    1.500   1.0000          NULL 
151.0000    1    2.000   1.0000          line
153.0000    0    1.500   1.0000          NULL 
154.5000    1    2.000   1.0000          line
156.5000    0    2.000   1.0000          NULL 
158.5000    1    2.000   1.0000          line
160.5000    0    0.500   1.0000          NULL 
161.0000    1    2.000   1.0000          line
163.0000    0    0.500   1.0000          NULL 
163.5000    1    2.000   1.0000          line
165.5000    0    4.000   1.0000          NULL 
169.5000    1    2.000   1.0000          line
171.5000    0    4.000   1.0000          NULL 
175.5000    1    2.000   1.0000          line
177.5000    0    2.500   1.0000          NULL 
180.0000    1    2.000   1.0000          line
182.0000    0    0.500   1.0000          NULL 
182.5000    1    2.000   1.0000          line
184.5000    0    0.500   1.0000          NULL 
185.0000    1    2.000   1.0000          line
187.0000    0    0.500   1.0000          NULL 
187.5000    1    2.000   1.0000          line
189.5000    0    4.000   1.0000          NULL 
193.5000    1    2.000   1.0000          line
195.5000    0    0.500   1.0000          NULL 
196.0000    1    2.000   1.0000          line
198.0000    0    1.000   1.0000          NULL 
199.0000    1    2.000   1.0000          line
201.0000    0    1.500   1.0000          NULL 
202.5000    1    2.000   1.0000          line
204.5000    0    0.500   1.0000          NULL 
205.0000    1    2.000   1.0000          line
207.0000    0    2.500   1.0000          NULL 
209.5000    1    2.000   1.0000          line
211.5000    0    1.500   1.0000          NULL 
213.0000    1    2.000   1.0000          line
215.0000    0    1.000   1.0000          NULL 
216.0000    1    2.000   1.0000          line
218.0000    0    0.500   1.0000          NULL 
218.5000    1    2.000   1.0000          line
220.5000    0    2.000   1.0000          NULL 
222.5000    1    2.000   1.0000          line
224.5000    0    1.000   1.0000          NULL 
225.5000    1    2.000   1.0000          line
227.5000    0    0.500   1.0000          NULL 
228.0000    1    2.000   1.0000          line
230.0000    0    0.500   1.0000          NULL 
230.5000    1    2.000   1.0000          line
232.5000    0    3.500   1.0000          NULL 
236.0000    1    2.000   1.0000          line
238.0000    0    0.500   1.0000          NULL 
238.5000    1    2.000   1.0000          line
240.5000    0    2.000   1.0000          NULL 
242.5000    1    2.000   1.0000          line
244.5000    0    0.500   1.0000          NULL 
245.0000    1    2.000   1.0000          line
247.0000    0    1.500   1.0000          NULL 
248.5000    1    2.000   1.0000          line
250.5000    0    0.500   1.0000          NULL 
251.0000    1    2.000   1.0000          line
253.0000    0    2.000   1.0000          NULL 
255.0000    1    2.000   1.0000          line
257.0000    0    0.500   1.0000          NULL 
257.5000    1    2.000   1.0000          line
259.5000    0    0.500   1.0000          NULL 
260.0000    1    2.000   1.0000          line
262.0000    0    3.000   1.0000          NULL 
265.0000    1    2.000   1.0000          line
267.0000    0    0.500   1.0000          NULL 
267.5000    1    2.000   1.0000          line
269.5000    0    0.500   1.0000          NULL 
270.0000    1    2.000   1.0000          line
272.0000    0    1.000   1.0000          NULL 
273.0000    1    2.000   1.0000          line
275.0000    0    4.000   1.0000          NULL 
279.0000    1    2.000   1.0000          line
281.0000    0    2.500   1.0000          NULL 
283.5000    1    2.000   1.0000          line
285.5000    0    1.000   1.0000          NULL 
286.5000    1    2.000   1.0000          line
288.5000    0    0.500   1.0000          NULL 
289.0000    1    2.000   1.0000          line
291.0000    0    1.500   1.0000          NULL 
292.5000    1    2.000   1.0000          line
294.5000    0    1.000   1.0000          NULL 
295.5000    1    2.000   1.0000          line
297.5000    0    1.000   1.0000          NULL 
298.5000    1    2.000   1.0000          line
300.5000    0    0.500   1.0000          NULL 
301.0000    1    2.000   1.0000          line
303.0000    0    2.500   1.0000          NULL 
305.5000    1    2.000   1.0000          line
307.5000    0    0.500   1.0000          NULL 
308.0000    1    2.000   1.0000          line
310.0000    0    0.500   1.0000          NULL 
310.5000    1    2.000   1.0000          line
312.5000    0    2.000   1.0000          NULL 
314.5000    1    2.000   1.0000          line
316.5000    0    1.500   1.0000          NULL 
318.0000    1    2.000   1.0000          line
320.0000    0    0.500   1.0000          NULL 
320.5000    1    2.000   1.0000          line
322.5000    0    3.000   1.0000          NULL 
325.5000    1    2.000   1.0000          line
327.5000    0    0.500   1.0000          NULL 
328.0000    1    2.000   1.0000          line
330.0000    0    1.000   1.0000          NULL 
331.0000    1    2.000   1.0000          line
333.0000    0    0.500   1.0000          NULL 
333.5000    1    2.000   1.0000          line
335.5000    0    1.500   1.0000          NULL 
337.0000    1    2.000   1.0000          line
339.0000    0    0.500   1.0000          NULL 
339.5000    1    2.000   1.0000          line
341.5000    0    0.500   1.0000          NULL 
342.0000    1    2.000   1.0000          line
344.0000    0    0.500   1.0000          NULL 
344.5000    1    2.000   1.0000          line
346.5000    0    0.500   1.0000          NULL 
347.0000    1    2.000   1.0000          line
349.0000    0    3.000   1.0000          NULL 
352.0000    1    2.000   1.0000          line
354.0000    0    0.500   1.0000          NULL 
354.5000    1    2.000   1.0000          line
356.5000    0    0.500   1.0000          NULL 
357.0000    1    2.000   1.0000          line
359.0000    0    1.000   1.0000          NULL 
360.0000    1    2.000   1.0000          line
362.0000    0    1.000   1.0000          NULL 
363.0000    1    2.000   1.0000          line
365.0000    0    0.500   1.0000          NULL 
365.5000    1    2.000   1.0000          line
367.5000    0    1.000   1.0000          NULL 
368.5000    1    2.000   1.0000          line
370.5000    0    1.500   1.0000          NULL 
372.0000    1    2.000   1.0000          line
374.0000    0    0.500   1.0000          NULL 
374.5000    1    2.000   1.0000          line
376.5000    0    1.500   1.0000          NULL 
378.0000    1    2.000   1.0000          line
380.0000    0    1.000   1.0000          NULL 
381.0000    1    2.000   1.0000          line
383.0000    0    0.500   1.0000          NULL 
383.5000    1    2.000   1.0000          line
385.5000    0    3.500   1.0000          NULL 
389.0000    1    2.000   1.0000          line
391.0000    0    0.500   1.0000          NULL 
391.5000    1    2.000   1.0000          line
393.5000    0    2.500   1.0000          NULL 
396.0000    1    2.000   1.0000          line
398.0000    0    2.000   1.0000          NULL 
