  0.0000    1    2.000   1.0000          line
  2.0000    0    0.500   1.0000          NULL 
  2.5000    1    2.000   1.0000          line
  4.5000    0    1.000   1.0000          NULL 
  5.5000    1    2.000   1.0000          line
  7.5000    0    1.000   1.0000          NULL 
  8.5000    1    2.000   1.0000          line
 10.5000    0    1.500   1.0000          NULL 
 12.0000    1    2.000   1.0000          line
 14.0000    0    1.000   1.0000          NULL 
 15.0000    1    2.000   1.0000          line
 17.0000    0    0.500   1.0000          NULL 
 17.5000    1    2.000   1.0000          line
 19.5000    0    2.000   1.0000          NULL 
 21.5000    1    2.000   1.0000          line
 23.5000    0    1.000   1.0000          NULL 
 24.5000    1    2.000   1.0000          line
 26.5000    0    0.500   1.0000          NULL 
 27.0000    1    2.000   1.0000          line
 29.0000    0    3.500   1.0000          NULL 
 32.5000    1    2.000   1.0000          line
 34.5000    0    2.500   1.0000          NULL 
 37.0000    1    2.000   1.0000          line
 39.0000    0    0.500   1.0000          NULL 
 39.5000    1    2.000   1.0000          line
 41.5000    0    0.500   1.0000          NULL 
 42.0000    1    2.000   1.0000          line
 44.0000    0    1.500   1.0000          NULL 
 45.5000    1    2.000   1.0000          line
 47.5000    0    0.500   1.0000          NULL 
 48.0000    1    2.000   1.0000          line
 50.0000    0    0.500   1.0000          NULL 
 50.5000    1    2.000   1.0000          line
 52.5000    0    0.500   1.0000          NULL 
 53.0000    1    2.000   1.0000          line
 55.0000    0    1.000   1.0000          NULL 
 56.0000    1    2.000   1.0000          line
 58.0000    0    0.500   1.0000          NULL 
 58.5000    1    2.000   1.0000          line
 60.5000    0    0.500   1.0000          NULL 
 61.0000    1    2.000   1.0000          line
 63.0000    0    1.500   1.0000          NULL 
 64.5000    1    2.000   1.0000          line
 66.5000    0    2.500   1.0000          NULL 
 69.0000    1    2.000   1.0000          line
 71.0000    0    1.500   1.0000          NULL 
 72.5000    1    2.000   1.0000          line
 74.5000    0    3.000   1.0000          NULL 
 77.5000    1    2.000   1.0000          line
 79.5000    0    3.000   1.0000          NULL 
 82.5000    1    2.000   1.0000          line
 84.5000    0    1.500   1.0000          NULL 
 86.0000    1    2.000   1.0000          line
 88.0000    0    0.500   1.0000          NULL 
 88.5000    1    2.000   1.0000          line
 90.5000    0    0.500   1.0000          NULL 
 91.0000    1    2.000   1.0000          line
 93.0000    0    1.000   1.0000          NULL 
 94.0000    1    2.000   1.0000          line
 96.0000    0    2.000   1.0000          NULL 
 98.0000    1    2.000   1.0000          line
100.0000    0    1.000   1.0000          NULL 
101.0000    1    2.000   1.0000          line
103.0000    0    1.000   1.0000          NULL 
104.0000    1    2.000   1.0000          line
106.0000    0    4.000   1.0000          NULL 
110.0000    1    2.000   1.0000          line
112.0000    0    0.500   1.0000          NULL 
112.5000    1    2.000   1.0000          line
114.5000    0    1.000   1.0000          NULL 
115.5000    1    2.000   1.0000          line
117.5000    0    0.500   1.0000          NULL 
118.0000    1    2.000   1.0000          line
120.0000    0    0.500   1.0000          NULL 
120.5000    1    2.000   1.0000          line
122.5000    0    1.500   1.0000          NULL 
124.0000    1    2.000   1.0000          line
126.0000    0    1.000   1.0000          NULL 
127.0000    1    2.000   1.0000          line
129.0000    0    3.000   1.0000          NULL 
132.0000    1    2.000   1.0000          line
134.0000    0    0.500   1.0000          NULL 
134.5000    1    2.000   1.0000          line
136.5000    0    4.000   1.0000          NULL 
140.5000    1    2.000   1.0000          line
142.5000    0    0.500   1.0000          NULL 
143.0000    1    2.000   1.0000          line
145.0000    0    2.500   1.0000          NULL 
147.5000    1    2.000   1.0000          line
149.5000    0    2.500   1.0000          NULL 
152.0000    1    2.000   1.0000          line
154.0000    0    0.500   1.0000          NULL 
154.5000    1    2.000   1.0000          line
156.5000    0    0.500   1.0000          NULL 
157.0000    1    2.000   1.0000          line
159.0000    0    3.500   1.0000          NULL 
162.5000    1    2.000   1.0000          line
164.5000    0    1.000   1.0000          NULL 
165.5000    1    2.000   1.0000          line
167.5000    0    4.000   1.0000          NULL 
171.5000    1    2.000   1.0000          line
173.5000    0    0.500   1.0000          NULL 
174.0000    1    2.000   1.0000          line
176.0000    0    1.000   1.0000          NULL 
177.0000    1    2.000   1.0000          line
179.0000    0    1.000   1.0000          NULL 
180.0000    1    2.000   1.0000          line
182.0000    0    0.500   1.0000          NULL 
182.5000    1    2.000   1.0000          line
184.5000    0    2.500   1.0000          NULL 
187.0000    1    2.000   1.0000          line
189.0000    0    0.500   1.0000          NULL 
189.5000    1    2.000   1.0000          line
191.5000    0    1.000   1.0000          NULL 
192.5000    1    2.000   1.0000          line
194.5000    0    1.000   1.0000          NULL 
195.5000    1    2.000   1.0000          line
197.5000    0    0.500   1.0000          NULL 
198.0000    1    2.000   1.0000          line
200.0000    0    1.000   1.0000          NULL 
201.0000    1    2.000   1.0000          line
203.0000    0    0.500   1.0000          NULL 
203.5000    1    2.000   1.0000          line
205.5000    0    0.500   1.0000          NULL 
206.0000    1    2.000   1.0000          line
208.0000    0    4.000   1.0000          NULL 
212.0000    1    2.000   1.0000          line
214.0000    0    3.000   1.0000          NULL 
217.0000    1    2.000   1.0000          line
219.0000    0    1.000   1.0000          NULL 
220.0000    1    2.000   1.0000          line
222.0000    0    0.500   1.0000          NULL 
222.5000    1    2.000   1.0000          line
224.5000    0    0.500   1.0000          NULL 
225.0000    1    2.000   1.0000          line
227.0000    0    1.500   1.0000          NULL 
228.5000    1    2.000   1.0000          line
230.5000    0    2.500   1.0000          NULL 
233.0000    1    2.000   1.0000          line
235.0000    0    1.000   1.0000          NULL 
236.0000    1    2.000   1.0000          line
238.0000    0    0.500   1.0000          NULL 
238.5000    1    2.000   1.0000          line
240.5000    0    2.000   1.0000          NULL 
242.5000    1    2.000   1.0000          line
244.5000    0    1.500   1.0000          NULL 
246.0000    1    2.000   1.0000          line
248.0000    0    0.500   1.0000          NULL 
248.5000    1    2.000   1.0000          line
250.5000    0    2.500   1.0000          NULL 
253.0000    1    2.000   1.0000          line
255.0000    0    0.500   1.0000          NULL 
255.5000    1    2.000   1.0000          line
257.5000    0    1.500   1.0000          NULL 
259.0000    1    2.000   1.0000          line
261.0000    0    1.000   1.0000          NULL 
262.0000    1    2.000   1.0000          line
264.0000    0    1.500   1.0000          NULL 
265.5000    1    2.000   1.0000          line
267.5000    0    0.500   1.0000          NULL 
268.0000    1    2.000   1.0000          line
270.0000    0    3.500   1.0000          NULL 
273.5000    1    2.000   1.0000          line
275.5000    0    1.000   1.0000          NULL 
276.5000    1    2.000   1.0000          line
278.5000    0    0.500   1.0000          NULL 
279.0000    1    2.000   1.0000          line
281.0000    0    3.500   1.0000          NULL 
284.5000    1    2.000   1.0000          line
286.5000    0    0.500   1.0000          NULL 
287.0000    1    2.000   1.0000          line
289.0000    0    0.500   1.0000          NULL 
289.5000    1    2.000   1.0000          line
291.5000    0    1.500   1.0000          NULL 
293.0000    1    2.000   1.0000          line
295.0000    0    1.500   1.0000          NULL 
296.5000    1    2.000   1.0000          line
298.5000    0    1.000   1.0000          NULL 
299.5000    1    2.000   1.0000          line
301.5000    0    1.000   1.0000          NULL 
302.5000    1    2.000   1.0000          line
304.5000    0    0.500   1.0000          NULL 
305.0000    1    2.000   1.0000          line
307.0000    0    3.500   1.0000          NULL 
310.5000    1    2.000   1.0000          line
312.5000    0    1.500   1.0000          NULL 
314.0000    1    2.000   1.0000          line
316.0000    0    1.000   1.0000          NULL 
317.0000    1    2.000   1.0000          line
319.0000    0    1.000   1.0000          NULL 
320.0000    1    2.000   1.0000          line
322.0000    0    4.000   1.0000          NULL 
326.0000    1    2.000   1.0000          line
328.0000    0    0.500   1.0000          NULL 
328.5000    1    2.000   1.0000          line
330.5000    0    1.500   1.0000          NULL 
332.0000    1    2.000   1.0000          line
334.0000    0    0.500   1.0000          NULL 
334.5000    1    2.000   1.0000          line
336.5000    0    1.000   1.0000          NULL 
337.5000    1    2.000   1.0000          line
339.5000    0    1.000   1.0000          NULL 
340.5000    1    2.000   1.0000          line
342.5000    0    0.500   1.0000          NULL 
343.0000    1    2.000   1.0000          line
345.0000    0    2.500   1.0000          NULL 
347.5000    1    2.000   1.0000          line
349.5000    0    0.500   1.0000          NULL 
350.0000    1    2.000   1.0000          line
352.0000    0    2.000   1.0000          NULL 
354.0000    1    2.000   1.0000          line
356.0000    0    0.500   1.0000          NULL 
356.5000    1    2.000   1.0000          line
358.5000    0    1.000   1.0000          NULL 
359.5000    1    2.000   1.0000          line
361.5000    0    0.500   1.0000          NULL 
362.0000    1    2.000   1.0000          line
364.0000    0    3.000   1.0000          NULL 
367.0000    1    2.000   1.0000          line
369.0000    0    1.000   1.0000          NULL 
370.0000    1    2.000   1.0000          line
372.0000    0    0.500   1.0000          NULL 
372.5000    1    2.000   1.0000          line
374.5000    0    1.000   1.0000          NULL 
375.5000    1    2.000   1.0000          line
377.5000    0    1.000   1.0000          NULL 
378.5000    1    2.000   1.0000          line
380.5000    0    3.000   1.0000          NULL 
383.5000    1    2.000   1.0000          line
385.5000    0    1.500   1.0000          NULL 
387.0000    1    2.000   1.0000          line
389.0000    0    0.500   1.0000          NULL 
389.5000    1    2.000   1.0000          line
391.5000    0    1.000   1.0000          NULL 
392.5000    1    2.000   1.0000          line
394.5000    0    0.500   1.0000          NULL 
395.0000    1    2.000   1.0000          line
397.0000    0    0.500   1.0000          NULL 
397.5000    1    2.000   1.0000          line
399.5000    0    0.500   1.0000          NULL 
