  0.0000    1    2.000   1.0000          line
  2.0000    0    1.100   1.0000          NULL 
  3.1000    1    2.000   1.0000          line
  5.1000    0    1.300   1.0000          NULL 
  6.4000    1    2.000   1.0000          line
  8.4000    0    1.000   1.0000          NULL 
  9.4000    1    2.000   1.0000          line
 11.4000    0    1.000   1.0000          NULL 
 12.4000    1    2.000   1.0000          line
 14.4000    0    1.200   1.0000          NULL 
 15.6000    1    2.000   1.0000          line
 17.6000    0    1.900   1.0000          NULL 
 19.5000    1    2.000   1.0000          line
 21.5000    0    1.100   1.0000          NULL 
 22.6000    1    2.000   1.0000          line
 24.6000    0    1.000   1.0000          NULL 
 25.6000    1    2.000   1.0000          line
 27.6000    0    1.000   1.0000          NULL 
 28.6000    1    2.000   1.0000          line
 30.6000    0    2.000   1.0000          NULL 
 32.6000    1    2.000   1.0000          line
 34.6000    0    1.300   1.0000          NULL 
 35.9000    1    2.000   1.0000          line
 37.9000    0    1.200   1.0000          NULL 
 39.1000    1    2.000   1.0000          line
 41.1000    0    1.100   1.0000          NULL 
 42.2000    1    2.000   1.0000          line
 44.2000    0    1.100   1.0000          NULL 
 45.3000    1    2.000   1.0000          line
 47.3000    0    1.600   1.0000          NULL 
 48.9000    1    2.000   1.0000          line
 50.9000    0    1.100   1.0000          NULL 
 52.0000    1    2.000   1.0000          line
 54.0000    0    1.000   1.0000          NULL 
 55.0000    1    2.000   1.0000          line
 57.0000    0    1.300   1.0000          NULL 
 58.3000    1    2.000   1.0000          line
 60.3000    0    1.600   1.0000          NULL 
 61.9000    1    2.000   1.0000          line
 63.9000    0    1.000   1.0000          NULL 
 64.9000    1    2.000   1.0000          line
 66.9000    0    1.600   1.0000          NULL 
 68.5000    1    2.000   1.0000          line
 70.5000    0    1.100   1.0000          NULL 
 71.6000    1    2.000   1.0000          line
 73.6000    0    1.500   1.0000          NULL 
 75.0999    1    2.000   1.0000          line
 77.0999    0    1.000   1.0000          NULL 
 78.0999    1    2.000   1.0000          line
 80.0999    0    1.800   1.0000          NULL 
 81.8999    1    2.000   1.0000          line
 83.8999    0    1.000   1.0000          NULL 
 84.8999    1    2.000   1.0000          line
 86.8999    0    1.200   1.0000          NULL 
 88.0999    1    2.000   1.0000          line
 90.0999    0    1.600   1.0000          NULL 
 91.6999    1    2.000   1.0000          line
 93.6999    0    1.900   1.0000          NULL 
 95.5999    1    2.000   1.0000          line
 97.5999    0    1.000   1.0000          NULL 
 98.5999    1    2.000   1.0000          line
100.5999    0    1.600   1.0000          NULL 
102.1999    1    2.000   1.0000          line
104.1999    0    1.000   1.0000          NULL 
105.1999    1    2.000   1.0000          line
107.1999    0    1.200   1.0000          NULL 
108.3999    1    2.000   1.0000          line
110.3999    0    1.100   1.0000          NULL 
111.4999    1    2.000   1.0000          line
113.4999    0    1.000   1.0000          NULL 
114.4999    1    2.000   1.0000          line
116.4999    0    1.000   1.0000          NULL 
117.4999    1    2.000   1.0000          line
119.4999    0    1.000   1.0000          NULL 
120.4999    1    2.000   1.0000          line
122.4999    0    1.100   1.0000          NULL 
123.5999    1    2.000   1.0000          line
125.5999    0    1.400   1.0000          NULL 
126.9999    1    2.000   1.0000          line
128.9999    0    1.000   1.0000          NULL 
