  0.0000    1    2.000   1.0000          line
  2.0000    0    1.100   1.0000          NULL 
  3.1000    1    2.000   1.0000          line
  5.1000    0    1.000   1.0000          NULL 
  6.1000    1    2.000   1.0000          line
  8.1000    0    2.000   1.0000          NULL 
 10.1000    1    2.000   1.0000          line
 12.1000    0    1.200   1.0000          NULL 
 13.3000    1    2.000   1.0000          line
 15.3000    0    1.300   1.0000          NULL 
 16.6000    1    2.000   1.0000          line
 18.6000    0    1.000   1.0000          NULL 
 19.6000    1    2.000   1.0000          line
 21.6000    0    1.000   1.0000          NULL 
 22.6000    1    2.000   1.0000          line
 24.6000    0    1.500   1.0000          NULL 
 26.1000    1    2.000   1.0000          line
 28.1000    0    1.300   1.0000          NULL 
 29.4000    1    2.000   1.0000          line
 31.4000    0    1.200   1.0000          NULL 
 32.6000    1    2.000   1.0000          line
 34.6000    0    1.400   1.0000          NULL 
 36.0000    1    2.000   1.0000          line
 38.0000    0    1.000   1.0000          NULL 
 39.0000    1    2.000   1.0000          line
 41.0000    0    1.300   1.0000          NULL 
 42.3000    1    2.000   1.0000          line
 44.3000    0    1.000   1.0000          NULL 
 45.3000    1    2.000   1.0000          line
 47.3000    0    1.700   1.0000          NULL 
 49.0000    1    2.000   1.0000          line
 51.0000    0    1.100   1.0000          NULL 
 52.1000    1    2.000   1.0000          line
 54.1000    0    1.100   1.0000          NULL 
 55.2000    1    2.000   1.0000          line
 57.2000    0    1.600   1.0000          NULL 
 58.8000    1    2.000   1.0000          line
 60.8000    0    1.300   1.0000          NULL 
 62.1000    1    2.000   1.0000          line
 64.1000    0    1.000   1.0000          NULL 
 65.1000    1    2.000   1.0000          line
 67.1000    0    1.000   1.0000          NULL 
 68.1000    1    2.000   1.0000          line
 70.1000    0    1.100   1.0000          NULL 
 71.2000    1    2.000   1.0000          line
 73.2000    0    1.200   1.0000          NULL 
 74.4000    1    2.000   1.0000          line
 76.4000    0    1.400   1.0000          NULL 
 77.8000    1    2.000   1.0000          line
 79.8000    0    1.500   1.0000          NULL 
 81.2999    1    2.000   1.0000          line
 83.2999    0    1.000   1.0000          NULL 
 84.2999    1    2.000   1.0000          line
 86.2999    0    1.000   1.0000          NULL 
 87.2999    1    2.000   1.0000          line
 89.2999    0    1.100   1.0000          NULL 
 90.3999    1    2.000   1.0000          line
 92.3999    0    1.900   1.0000          NULL 
 94.2999    1    2.000   1.0000          line
 96.2999    0    1.000   1.0000          NULL 
 97.2999    1    2.000   1.0000          line
 99.2999    0    1.700   1.0000          NULL 
100.9999    1    2.000   1.0000          line
102.9999    0    1.600   1.0000          NULL 
104.5999    1    2.000   1.0000          line
106.5999    0    2.000   1.0000          NULL 
108.5999    1    2.000   1.0000          line
110.5999    0    1.100   1.0000          NULL 
111.6999    1    2.000   1.0000          line
113.6999    0    1.000   1.0000          NULL 
114.6999    1    2.000   1.0000          line
116.6999    0    1.100   1.0000          NULL 
117.7999    1    2.000   1.0000          line
119.7999    0    1.000   1.0000          NULL 
120.7999    1    2.000   1.0000          line
122.7999    0    1.000   1.0000          NULL 
123.7999    1    2.000   1.0000          line
125.7999    0    1.000   1.0000          NULL 
126.7999    1    2.000   1.0000          line
128.7999    0    1.200   1.0000          NULL 
