  0.0000    1    2.000   1.0000          line
  2.0000    0    1.100   1.0000          NULL 
  3.1000    1    2.000   1.0000          line
  5.1000    0    1.300   1.0000          NULL 
  6.4000    1    2.000   1.0000          line
  8.4000    0    1.600   1.0000          NULL 
 10.0000    1    2.000   1.0000          line
 12.0000    0    1.200   1.0000          NULL 
 13.2000    1    2.000   1.0000          line
 15.2000    0    1.100   1.0000          NULL 
 16.3000    1    2.000   1.0000          line
 18.3000    0    1.000   1.0000          NULL 
 19.3000    1    2.000   1.0000          line
 21.3000    0    1.400   1.0000          NULL 
 22.7000    1    2.000   1.0000          line
 24.7000    0    1.400   1.0000          NULL 
 26.1000    1    2.000   1.0000          line
 28.1000    0    1.000   1.0000          NULL 
 29.1000    1    2.000   1.0000          line
 31.1000    0    1.200   1.0000          NULL 
 32.3000    1    2.000   1.0000          line
 34.3000    0    1.000   1.0000          NULL 
 35.3000    1    2.000   1.0000          line
 37.3000    0    1.000   1.0000          NULL 
 38.3000    1    2.000   1.0000          line
 40.3000    0    1.500   1.0000          NULL 
 41.8000    1    2.000   1.0000          line
 43.8000    0    1.000   1.0000          NULL 
 44.8000    1    2.000   1.0000          line
 46.8000    0    1.000   1.0000          NULL 
 47.8000    1    2.000   1.0000          line
 49.8000    0    1.400   1.0000          NULL 
 51.2000    1    2.000   1.0000          line
 53.2000    0    1.000   1.0000          NULL 
 54.2000    1    2.000   1.0000          line
 56.2000    0    1.100   1.0000          NULL 
 57.3000    1    2.000   1.0000          line
 59.3000    0    1.200   1.0000          NULL 
 60.5000    1    2.000   1.0000          line
 62.5000    0    1.100   1.0000          NULL 
 63.6000    1    2.000   1.0000          line
 65.6000    0    1.200   1.0000          NULL 
 66.8000    1    2.000   1.0000          line
 68.8000    0    2.000   1.0000          NULL 
 70.8000    1    2.000   1.0000          line
 72.8000    0    1.000   1.0000          NULL 
 73.8000    1    2.000   1.0000          line
 75.8000    0    1.300   1.0000          NULL 
 77.1000    1    2.000   1.0000          line
 79.1000    0    1.200   1.0000          NULL 
 80.3000    1    2.000   1.0000          line
 82.3000    0    1.000   1.0000          NULL 
 83.3000    1    2.000   1.0000          line
 85.3000    0    1.000   1.0000          NULL 
 86.3000    1    2.000   1.0000          line
 88.3000    0    2.000   1.0000          NULL 
 90.2999    1    2.000   1.0000          line
 92.2999    0    1.200   1.0000          NULL 
 93.4999    1    2.000   1.0000          line
 95.4999    0    1.900   1.0000          NULL 
 97.3999    1    2.000   1.0000          line
 99.3999    0    1.400   1.0000          NULL 
100.7999    1    2.000   1.0000          line
102.7999    0    1.100   1.0000          NULL 
103.8999    1    2.000   1.0000          line
105.8999    0    1.300   1.0000          NULL 
107.1999    1    2.000   1.0000          line
109.1999    0    1.600   1.0000          NULL 
110.7999    1    2.000   1.0000          line
112.7999    0    1.100   1.0000          NULL 
113.8999    1    2.000   1.0000          line
115.8999    0    2.000   1.0000          NULL 
117.8999    1    2.000   1.0000          line
119.8999    0    1.100   1.0000          NULL 
120.9999    1    2.000   1.0000          line
122.9999    0    1.000   1.0000          NULL 
123.9999    1    2.000   1.0000          line
125.9999    0    1.000   1.0000          NULL 
126.9999    1    2.000   1.0000          line
128.9999    0    1.000   1.0000          NULL 
