  0.0000    1    2.000   1.0000          line
  2.0000    0    1.000   1.0000          NULL 
  3.0000    1    2.000   1.0000          line
  5.0000    0    1.100   1.0000          NULL 
  6.1000    1    2.000   1.0000          line
  8.1000    0    1.200   1.0000          NULL 
  9.3000    1    2.000   1.0000          line
 11.3000    0    1.100   1.0000          NULL 
 12.4000    1    2.000   1.0000          line
 14.4000    0    1.200   1.0000          NULL 
 15.6000    1    2.000   1.0000          line
 17.6000    0    1.100   1.0000          NULL 
 18.7000    1    2.000   1.0000          line
 20.7000    0    1.100   1.0000          NULL 
 21.8000    1    2.000   1.0000          line
 23.8000    0    1.000   1.0000          NULL 
 24.8000    1    2.000   1.0000          line
 26.8000    0    1.800   1.0000          NULL 
 28.6000    1    2.000   1.0000          line
 30.6000    0    1.000   1.0000          NULL 
 31.6000    1    2.000   1.0000          line
 33.6000    0    1.000   1.0000          NULL 
 34.6000    1    2.000   1.0000          line
 36.6000    0    1.200   1.0000          NULL 
 37.8000    1    2.000   1.0000          line
 39.8000    0    1.000   1.0000          NULL 
 40.8000    1    2.000   1.0000          line
 42.8000    0    1.300   1.0000          NULL 
 44.1000    1    2.000   1.0000          line
 46.1000    0    1.000   1.0000          NULL 
 47.1000    1    2.000   1.0000          line
 49.1000    0    1.100   1.0000          NULL 
 50.2000    1    2.000   1.0000          line
 52.2000    0    1.500   1.0000          NULL 
 53.7000    1    2.000   1.0000          line
 55.7000    0    1.000   1.0000          NULL 
 56.7000    1    2.000   1.0000          line
 58.7000    0    1.400   1.0000          NULL 
 60.1000    1    2.000   1.0000          line
 62.1000    0    1.300   1.0000          NULL 
 63.4000    1    2.000   1.0000          line
 65.4000    0    1.200   1.0000          NULL 
 66.6000    1    2.000   1.0000          line
 68.6000    0    1.500   1.0000          NULL 
 70.1000    1    2.000   1.0000          line
 72.1000    0    1.100   1.0000          NULL 
 73.2000    1    2.000   1.0000          line
 75.2000    0    1.200   1.0000          NULL 
 76.4000    1    2.000   1.0000          line
 78.4000    0    1.100   1.0000          NULL 
 79.5000    1    2.000   1.0000          line
 81.5000    0    1.700   1.0000          NULL 
 83.2000    1    2.000   1.0000          line
 85.2000    0    1.000   1.0000          NULL 
 86.2000    1    2.000   1.0000          line
 88.2000    0    1.900   1.0000          NULL 
 90.0999    1    2.000   1.0000          line
 92.0999    0    1.000   1.0000          NULL 
 93.0999    1    2.000   1.0000          line
 95.0999    0    1.100   1.0000          NULL 
 96.1999    1    2.000   1.0000          line
 98.1999    0    1.700   1.0000          NULL 
 99.8999    1    2.000   1.0000          line
101.8999    0    2.000   1.0000          NULL 
103.8999    1    2.000   1.0000          line
105.8999    0    1.300   1.0000          NULL 
107.1999    1    2.000   1.0000          line
109.1999    0    1.100   1.0000          NULL 
110.2999    1    2.000   1.0000          line
112.2999    0    2.000   1.0000          NULL 
114.2999    1    2.000   1.0000          line
116.2999    0    1.000   1.0000          NULL 
117.2999    1    2.000   1.0000          line
119.2999    0    1.300   1.0000          NULL 
120.5999    1    2.000   1.0000          line
122.5999    0    1.000   1.0000          NULL 
123.5999    1    2.000   1.0000          line
125.5999    0    1.100   1.0000          NULL 
126.6999    1    2.000   1.0000          line
128.6999    0    1.300   1.0000          NULL 
