  0.0000    1    2.000   1.0000          line
  2.0000    0    1.000   1.0000          NULL 
  3.0000    1    2.000   1.0000          line
  5.0000    0    0.500   1.0000          NULL 
  5.5000    1    2.000   1.0000          line
  7.5000    0    0.500   1.0000          NULL 
  8.0000    1    2.000   1.0000          line
 10.0000    0    2.000   1.0000          NULL 
 12.0000    1    2.000   1.0000          line
 14.0000    0    0.500   1.0000          NULL 
 14.5000    1    2.000   1.0000          line
 16.5000    0    0.500   1.0000          NULL 
 17.0000    1    2.000   1.0000          line
 19.0000    0    0.500   1.0000          NULL 
 19.5000    1    2.000   1.0000          line
 21.5000    0    1.000   1.0000          NULL 
 22.5000    1    2.000   1.0000          line
 24.5000    0    3.000   1.0000          NULL 
 27.5000    1    2.000   1.0000          line
 29.5000    0    1.000   1.0000          NULL 
 30.5000    1    2.000   1.0000          line
 32.5000    0    1.000   1.0000          NULL 
 33.5000    1    2.000   1.0000          line
 35.5000    0    2.500   1.0000          NULL 
 38.0000    1    2.000   1.0000          line
 40.0000    0    3.000   1.0000          NULL 
 43.0000    1    2.000   1.0000          line
 45.0000    0    0.500   1.0000          NULL 
 45.5000    1    2.000   1.0000          line
 47.5000    0    0.500   1.0000          NULL 
 48.0000    1    2.000   1.0000          line
 50.0000    0    0.500   1.0000          NULL 
 50.5000    1    2.000   1.0000          line
 52.5000    0    3.000   1.0000          NULL 
 55.5000    1    2.000   1.0000          line
 57.5000    0    0.500   1.0000          NULL 
 58.0000    1    2.000   1.0000          line
 60.0000    0    3.500   1.0000          NULL 
 63.5000    1    2.000   1.0000          line
 65.5000    0    0.500   1.0000          NULL 
 66.0000    1    2.000   1.0000          line
 68.0000    0    2.000   1.0000          NULL 
 70.0000    1    2.000   1.0000          line
 72.0000    0    0.500   1.0000          NULL 
 72.5000    1    2.000   1.0000          line
 74.5000    0    0.500   1.0000          NULL 
 75.0000    1    2.000   1.0000          line
 77.0000    0    1.500   1.0000          NULL 
 78.5000    1    2.000   1.0000          line
 80.5000    0    0.500   1.0000          NULL 
 81.0000    1    2.000   1.0000          line
 83.0000    0    1.000   1.0000          NULL 
 84.0000    1    2.000   1.0000          line
 86.0000    0    1.000   1.0000          NULL 
 87.0000    1    2.000   1.0000          line
 89.0000    0    3.000   1.0000          NULL 
 92.0000    1    2.000   1.0000          line
 94.0000    0    2.000   1.0000          NULL 
 96.0000    1    2.000   1.0000          line
 98.0000    0    1.000   1.0000          NULL 
 99.0000    1    2.000   1.0000          line
101.0000    0    2.000   1.0000          NULL 
103.0000    1    2.000   1.0000          line
105.0000    0    1.500   1.0000          NULL 
106.5000    1    2.000   1.0000          line
108.5000    0    1.000   1.0000          NULL 
109.5000    1    2.000   1.0000          line
111.5000    0    0.500   1.0000          NULL 
112.0000    1    2.000   1.0000          line
114.0000    0    0.500   1.0000          NULL 
114.5000    1    2.000   1.0000          line
116.5000    0    3.000   1.0000          NULL 
119.5000    1    2.000   1.0000          line
121.5000    0    2.000   1.0000          NULL 
123.5000    1    2.000   1.0000          line
125.5000    0    2.000   1.0000          NULL 
127.5000    1    2.000   1.0000          line
129.5000    0    1.000   1.0000          NULL 
130.5000    1    2.000   1.0000          line
132.5000    0    1.500   1.0000          NULL 
134.0000    1    2.000   1.0000          line
136.0000    0    0.500   1.0000          NULL 
136.5000    1    2.000   1.0000          line
138.5000    0    2.500   1.0000          NULL 
141.0000    1    2.000   1.0000          line
143.0000    0    1.500   1.0000          NULL 
144.5000    1    2.000   1.0000          line
146.5000    0    1.500   1.0000          NULL 
148.0000    1    2.000   1.0000          line
150.0000    0    0.500   1.0000          NULL 
150.5000    1    2.000   1.0000          line
152.5000    0    0.500   1.0000          NULL 
153.0000    1    2.000   1.0000          line
155.0000    0    4.000   1.0000          NULL 
159.0000    1    2.000   1.0000          line
161.0000    0    0.500   1.0000          NULL 
161.5000    1    2.000   1.0000          line
163.5000    0    1.500   1.0000          NULL 
165.0000    1    2.000   1.0000          line
167.0000    0    2.000   1.0000          NULL 
169.0000    1    2.000   1.0000          line
171.0000    0    0.500   1.0000          NULL 
171.5000    1    2.000   1.0000          line
173.5000    0    0.500   1.0000          NULL 
174.0000    1    2.000   1.0000          line
176.0000    0    2.500   1.0000          NULL 
178.5000    1    2.000   1.0000          line
180.5000    0    4.000   1.0000          NULL 
184.5000    1    2.000   1.0000          line
186.5000    0    0.500   1.0000          NULL 
187.0000    1    2.000   1.0000          line
189.0000    0    0.500   1.0000          NULL 
189.5000    1    2.000   1.0000          line
191.5000    0    0.500   1.0000          NULL 
192.0000    1    2.000   1.0000          line
194.0000    0    1.000   1.0000          NULL 
195.0000    1    2.000   1.0000          line
197.0000    0    0.500   1.0000          NULL 
197.5000    1    2.000   1.0000          line
199.5000    0    1.500   1.0000          NULL 
201.0000    1    2.000   1.0000          line
203.0000    0    1.000   1.0000          NULL 
204.0000    1    2.000   1.0000          line
206.0000    0    0.500   1.0000          NULL 
206.5000    1    2.000   1.0000          line
208.5000    0    1.500   1.0000          NULL 
210.0000    1    2.000   1.0000          line
212.0000    0    1.500   1.0000          NULL 
213.5000    1    2.000   1.0000          line
215.5000    0    0.500   1.0000          NULL 
216.0000    1    2.000   1.0000          line
218.0000    0    2.500   1.0000          NULL 
220.5000    1    2.000   1.0000          line
222.5000    0    0.500   1.0000          NULL 
223.0000    1    2.000   1.0000          line
225.0000    0    0.500   1.0000          NULL 
225.5000    1    2.000   1.0000          line
227.5000    0    3.500   1.0000          NULL 
231.0000    1    2.000   1.0000          line
233.0000    0    2.000   1.0000          NULL 
235.0000    1    2.000   1.0000          line
237.0000    0    0.500   1.0000          NULL 
237.5000    1    2.000   1.0000          line
239.5000    0    0.500   1.0000          NULL 
240.0000    1    2.000   1.0000          line
242.0000    0    0.500   1.0000          NULL 
242.5000    1    2.000   1.0000          line
244.5000    0    2.000   1.0000          NULL 
246.5000    1    2.000   1.0000          line
248.5000    0    0.500   1.0000          NULL 
249.0000    1    2.000   1.0000          line
251.0000    0    1.000   1.0000          NULL 
252.0000    1    2.000   1.0000          line
254.0000    0    0.500   1.0000          NULL 
254.5000    1    2.000   1.0000          line
256.5000    0    1.000   1.0000          NULL 
257.5000    1    2.000   1.0000          line
259.5000    0    2.500   1.0000          NULL 
262.0000    1    2.000   1.0000          line
264.0000    0    1.000   1.0000          NULL 
265.0000    1    2.000   1.0000          line
267.0000    0    0.500   1.0000          NULL 
267.5000    1    2.000   1.0000          line
269.5000    0    2.000   1.0000          NULL 
271.5000    1    2.000   1.0000          line
273.5000    0    2.500   1.0000          NULL 
276.0000    1    2.000   1.0000          line
278.0000    0    0.500   1.0000          NULL 
278.5000    1    2.000   1.0000          line
280.5000    0    2.500   1.0000          NULL 
283.0000    1    2.000   1.0000          line
285.0000    0    0.500   1.0000          NULL 
285.5000    1    2.000   1.0000          line
287.5000    0    1.000   1.0000          NULL 
288.5000    1    2.000   1.0000          line
290.5000    0    0.500   1.0000          NULL 
291.0000    1    2.000   1.0000          line
293.0000    0    1.000   1.0000          NULL 
294.0000    1    2.000   1.0000          line
296.0000    0    3.000   1.0000          NULL 
299.0000    1    2.000   1.0000          line
301.0000    0    1.000   1.0000          NULL 
302.0000    1    2.000   1.0000          line
304.0000    0    2.000   1.0000          NULL 
306.0000    1    2.000   1.0000          line
308.0000    0    1.000   1.0000          NULL 
309.0000    1    2.000   1.0000          line
311.0000    0    1.000   1.0000          NULL 
312.0000    1    2.000   1.0000          line
314.0000    0    1.000   1.0000          NULL 
315.0000    1    2.000   1.0000          line
317.0000    0    0.500   1.0000          NULL 
317.5000    1    2.000   1.0000          line
319.5000    0    3.000   1.0000          NULL 
322.5000    1    2.000   1.0000          line
324.5000    0    1.000   1.0000          NULL 
325.5000    1    2.000   1.0000          line
327.5000    0    0.500   1.0000          NULL 
328.0000    1    2.000   1.0000          line
330.0000    0    0.500   1.0000          NULL 
330.5000    1    2.000   1.0000          line
332.5000    0    1.000   1.0000          NULL 
333.5000    1    2.000   1.0000          line
335.5000    0    0.500   1.0000          NULL 
336.0000    1    2.000   1.0000          line
338.0000    0    1.500   1.0000          NULL 
339.5000    1    2.000   1.0000          line
341.5000    0    0.500   1.0000          NULL 
342.0000    1    2.000   1.0000          line
344.0000    0    1.000   1.0000          NULL 
345.0000    1    2.000   1.0000          line
347.0000    0    0.500   1.0000          NULL 
347.5000    1    2.000   1.0000          line
349.5000    0    3.000   1.0000          NULL 
352.5000    1    2.000   1.0000          line
354.5000    0    0.500   1.0000          NULL 
355.0000    1    2.000   1.0000          line
357.0000    0    0.500   1.0000          NULL 
357.5000    1    2.000   1.0000          line
359.5000    0    3.500   1.0000          NULL 
363.0000    1    2.000   1.0000          line
365.0000    0    4.000   1.0000          NULL 
369.0000    1    2.000   1.0000          line
371.0000    0    1.000   1.0000          NULL 
372.0000    1    2.000   1.0000          line
374.0000    0    0.500   1.0000          NULL 
374.5000    1    2.000   1.0000          line
376.5000    0    0.500   1.0000          NULL 
377.0000    1    2.000   1.0000          line
379.0000    0    0.500   1.0000          NULL 
379.5000    1    2.000   1.0000          line
381.5000    0    2.500   1.0000          NULL 
384.0000    1    2.000   1.0000          line
386.0000    0    2.500   1.0000          NULL 
388.5000    1    2.000   1.0000          line
390.5000    0    3.000   1.0000          NULL 
393.5000    1    2.000   1.0000          line
395.5000    0    1.500   1.0000          NULL 
397.0000    1    2.000   1.0000          line
399.0000    0    1.000   1.0000          NULL 
