  0.0000    1    2.000   1.0000          line
  2.0000    0    1.300   1.0000          NULL 
  3.3000    1    2.000   1.0000          line
  5.3000    0    1.100   1.0000          NULL 
  6.4000    1    2.000   1.0000          line
  8.4000    0    1.100   1.0000          NULL 
  9.5000    1    2.000   1.0000          line
 11.5000    0    1.000   1.0000          NULL 
 12.5000    1    2.000   1.0000          line
 14.5000    0    2.000   1.0000          NULL 
 16.5000    1    2.000   1.0000          line
 18.5000    0    1.000   1.0000          NULL 
 19.5000    1    2.000   1.0000          line
 21.5000    0    1.100   1.0000          NULL 
 22.6000    1    2.000   1.0000          line
 24.6000    0    1.100   1.0000          NULL 
 25.7000    1    2.000   1.0000          line
 27.7000    0    1.600   1.0000          NULL 
 29.3000    1    2.000   1.0000          line
 31.3000    0    1.200   1.0000          NULL 
 32.5000    1    2.000   1.0000          line
 34.5000    0    1.400   1.0000          NULL 
 35.9000    1    2.000   1.0000          line
 37.9000    0    1.200   1.0000          NULL 
 39.1000    1    2.000   1.0000          line
 41.1000    0    1.000   1.0000          NULL 
 42.1000    1    2.000   1.0000          line
 44.1000    0    1.400   1.0000          NULL 
 45.5000    1    2.000   1.0000          line
 47.5000    0    1.300   1.0000          NULL 
 48.8000    1    2.000   1.0000          line
 50.8000    0    1.200   1.0000          NULL 
 52.0000    1    2.000   1.0000          line
 54.0000    0    1.300   1.0000          NULL 
 55.3000    1    2.000   1.0000          line
 57.3000    0    1.700   1.0000          NULL 
 59.0000    1    2.000   1.0000          line
 61.0000    0    1.200   1.0000          NULL 
 62.2000    1    2.000   1.0000          line
 64.2000    0    1.800   1.0000          NULL 
 66.0000    1    2.000   1.0000          line
 68.0000    0    1.000   1.0000          NULL 
 69.0000    1    2.000   1.0000          line
 71.0000    0    1.100   1.0000          NULL 
 72.1000    1    2.000   1.0000          line
 74.1000    0    1.000   1.0000          NULL 
 75.1000    1    2.000   1.0000          line
 77.1000    0    1.700   1.0000          NULL 
 78.7999    1    2.000   1.0000          line
 80.7999    0    1.000   1.0000          NULL 
 81.7999    1    2.000   1.0000          line
 83.7999    0    1.100   1.0000          NULL 
 84.8999    1    2.000   1.0000          line
 86.8999    0    2.000   1.0000          NULL 
 88.8999    1    2.000   1.0000          line
 90.8999    0    1.300   1.0000          NULL 
 92.1999    1    2.000   1.0000          line
 94.1999    0    1.000   1.0000          NULL 
 95.1999    1    2.000   1.0000          line
 97.1999    0    1.200   1.0000          NULL 
 98.3999    1    2.000   1.0000          line
100.3999    0    1.000   1.0000          NULL 
101.3999    1    2.000   1.0000          line
103.3999    0    2.000   1.0000          NULL 
105.3999    1    2.000   1.0000          line
107.3999    0    1.000   1.0000          NULL 
108.3999    1    2.000   1.0000          line
110.3999    0    1.100   1.0000          NULL 
111.4999    1    2.000   1.0000          line
113.4999    0    1.000   1.0000          NULL 
114.4999    1    2.000   1.0000          line
116.4999    0    1.000   1.0000          NULL 
117.4999    1    2.000   1.0000          line
119.4999    0    1.100   1.0000          NULL 
120.5999    1    2.000   1.0000          line
122.5999    0    1.200   1.0000          NULL 
123.7999    1    2.000   1.0000          line
125.7999    0    1.100   1.0000          NULL 
126.8999    1    2.000   1.0000          line
128.8999    0    1.100   1.0000          NULL 
