  0.0000    1    2.000   1.0000          line
  2.0000    0    1.000   1.0000          NULL 
  3.0000    1    2.000   1.0000          line
  5.0000    0    1.800   1.0000          NULL 
  6.8000    1    2.000   1.0000          line
  8.8000    0    1.100   1.0000          NULL 
  9.9000    1    2.000   1.0000          line
 11.9000    0    1.600   1.0000          NULL 
 13.5000    1    2.000   1.0000          line
 15.5000    0    1.000   1.0000          NULL 
 16.5000    1    2.000   1.0000          line
 18.5000    0    1.200   1.0000          NULL 
 19.7000    1    2.000   1.0000          line
 21.7000    0    1.000   1.0000          NULL 
 22.7000    1    2.000   1.0000          line
 24.7000    0    1.200   1.0000          NULL 
 25.9000    1    2.000   1.0000          line
 27.9000    0    1.900   1.0000          NULL 
 29.8000    1    2.000   1.0000          line
 31.8000    0    1.100   1.0000          NULL 
 32.9000    1    2.000   1.0000          line
 34.9000    0    1.400   1.0000          NULL 
 36.3000    1    2.000   1.0000          line
 38.3000    0    1.400   1.0000          NULL 
 39.7000    1    2.000   1.0000          line
 41.7000    0    1.100   1.0000          NULL 
 42.8000    1    2.000   1.0000          line
 44.8000    0    1.600   1.0000          NULL 
 46.4000    1    2.000   1.0000          line
 48.4000    0    1.400   1.0000          NULL 
 49.8000    1    2.000   1.0000          line
 51.8000    0    1.000   1.0000          NULL 
 52.8000    1    2.000   1.0000          line
 54.8000    0    1.000   1.0000          NULL 
 55.8000    1    2.000   1.0000          line
 57.8000    0    1.300   1.0000          NULL 
 59.1000    1    2.000   1.0000          line
 61.1000    0    1.600   1.0000          NULL 
 62.7000    1    2.000   1.0000          line
 64.7000    0    1.100   1.0000          NULL 
 65.8000    1    2.000   1.0000          line
 67.8000    0    1.000   1.0000          NULL 
 68.8000    1    2.000   1.0000          line
 70.8000    0    2.000   1.0000          NULL 
 72.7999    1    2.000   1.0000          line
 74.7999    0    1.000   1.0000          NULL 
 75.7999    1    2.000   1.0000          line
 77.7999    0    1.200   1.0000          NULL 
 78.9999    1    2.000   1.0000          line
 80.9999    0    1.100   1.0000          NULL 
 82.0999    1    2.000   1.0000          line
 84.0999    0    1.000   1.0000          NULL 
 85.0999    1    2.000   1.0000          line
 87.0999    0    1.000   1.0000          NULL 
 88.0999    1    2.000   1.0000          line
 90.0999    0    1.000   1.0000          NULL 
 91.0999    1    2.000   1.0000          line
 93.0999    0    1.500   1.0000          NULL 
 94.5999    1    2.000   1.0000          line
 96.5999    0    1.800   1.0000          NULL 
 98.3999    1    2.000   1.0000          line
100.3999    0    1.000   1.0000          NULL 
101.3999    1    2.000   1.0000          line
103.3999    0    1.700   1.0000          NULL 
105.0999    1    2.000   1.0000          line
107.0999    0    1.100   1.0000          NULL 
108.1999    1    2.000   1.0000          line
110.1999    0    1.300   1.0000          NULL 
111.4999    1    2.000   1.0000          line
113.4999    0    1.400   1.0000          NULL 
114.8999    1    2.000   1.0000          line
116.8999    0    1.000   1.0000          NULL 
117.8999    1    2.000   1.0000          line
119.8999    0    1.000   1.0000          NULL 
120.8999    1    2.000   1.0000          line
122.8999    0    1.000   1.0000          NULL 
123.8999    1    2.000   1.0000          line
125.8999    0    1.000   1.0000          NULL 
126.8999    1    2.000   1.0000          line
128.8999    0    1.100   1.0000          NULL 
