  0.0000    1    2.000   1.0000          line
  2.0000    0    2.000   1.0000          NULL 
  4.0000    1    2.000   1.0000          line
  6.0000    0    2.000   1.0000          NULL 
  8.0000    1    2.000   1.0000          line
 10.0000    0    0.500   1.0000          NULL 
 10.5000    1    2.000   1.0000          line
 12.5000    0    0.500   1.0000          NULL 
 13.0000    1    2.000   1.0000          line
 15.0000    0    0.500   1.0000          NULL 
 15.5000    1    2.000   1.0000          line
 17.5000    0    1.500   1.0000          NULL 
 19.0000    1    2.000   1.0000          line
 21.0000    0    0.500   1.0000          NULL 
 21.5000    1    2.000   1.0000          line
 23.5000    0    0.500   1.0000          NULL 
 24.0000    1    2.000   1.0000          line
 26.0000    0    1.000   1.0000          NULL 
 27.0000    1    2.000   1.0000          line
 29.0000    0    2.000   1.0000          NULL 
 31.0000    1    2.000   1.0000          line
 33.0000    0    2.000   1.0000          NULL 
 35.0000    1    2.000   1.0000          line
 37.0000    0    1.000   1.0000          NULL 
 38.0000    1    2.000   1.0000          line
 40.0000    0    3.500   1.0000          NULL 
 43.5000    1    2.000   1.0000          line
 45.5000    0    0.500   1.0000          NULL 
 46.0000    1    2.000   1.0000          line
 48.0000    0    1.500   1.0000          NULL 
 49.5000    1    2.000   1.0000          line
 51.5000    0    1.500   1.0000          NULL 
 53.0000    1    2.000   1.0000          line
 55.0000    0    2.500   1.0000          NULL 
 57.5000    1    2.000   1.0000          line
 59.5000    0    0.500   1.0000          NULL 
 60.0000    1    2.000   1.0000          line
 62.0000    0    0.500   1.0000          NULL 
 62.5000    1    2.000   1.0000          line
 64.5000    0    0.500   1.0000          NULL 
 65.0000    1    2.000   1.0000          line
 67.0000    0    1.000   1.0000          NULL 
 68.0000    1    2.000   1.0000          line
 70.0000    0    1.000   1.0000          NULL 
 71.0000    1    2.000   1.0000          line
 73.0000    0    0.500   1.0000          NULL 
 73.5000    1    2.000   1.0000          line
 75.5000    0    1.000   1.0000          NULL 
 76.5000    1    2.000   1.0000          line
 78.5000    0    1.500   1.0000          NULL 
 80.0000    1    2.000   1.0000          line
 82.0000    0    0.500   1.0000          NULL 
 82.5000    1    2.000   1.0000          line
 84.5000    0    1.500   1.0000          NULL 
 86.0000    1    2.000   1.0000          line
 88.0000    0    0.500   1.0000          NULL 
 88.5000    1    2.000   1.0000          line
 90.5000    0    1.000   1.0000          NULL 
 91.5000    1    2.000   1.0000          line
 93.5000    0    1.500   1.0000          NULL 
 95.0000    1    2.000   1.0000          line
 97.0000    0    1.500   1.0000          NULL 
 98.5000    1    2.000   1.0000          line
100.5000    0    0.500   1.0000          NULL 
101.0000    1    2.000   1.0000          line
103.0000    0    1.500   1.0000          NULL 
104.5000    1    2.000   1.0000          line
106.5000    0    0.500   1.0000          NULL 
107.0000    1    2.000   1.0000          line
109.0000    0    1.000   1.0000          NULL 
110.0000    1    2.000   1.0000          line
112.0000    0    3.500   1.0000          NULL 
115.5000    1    2.000   1.0000          line
117.5000    0    2.500   1.0000          NULL 
120.0000    1    2.000   1.0000          line
122.0000    0    0.500   1.0000          NULL 
122.5000    1    2.000   1.0000          line
124.5000    0    0.500   1.0000          NULL 
125.0000    1    2.000   1.0000          line
127.0000    0    0.500   1.0000          NULL 
127.5000    1    2.000   1.0000          line
129.5000    0    2.500   1.0000          NULL 
132.0000    1    2.000   1.0000          line
134.0000    0    2.500   1.0000          NULL 
136.5000    1    2.000   1.0000          line
138.5000    0    0.500   1.0000          NULL 
139.0000    1    2.000   1.0000          line
141.0000    0    0.500   1.0000          NULL 
141.5000    1    2.000   1.0000          line
143.5000    0    0.500   1.0000          NULL 
144.0000    1    2.000   1.0000          line
146.0000    0    0.500   1.0000          NULL 
146.5000    1    2.000   1.0000          line
148.5000    0    4.000   1.0000          NULL 
152.5000    1    2.000   1.0000          line
154.5000    0    0.500   1.0000          NULL 
155.0000    1    2.000   1.0000          line
157.0000    0    3.000   1.0000          NULL 
160.0000    1    2.000   1.0000          line
162.0000    0    1.500   1.0000          NULL 
163.5000    1    2.000   1.0000          line
165.5000    0    0.500   1.0000          NULL 
166.0000    1    2.000   1.0000          line
168.0000    0    1.500   1.0000          NULL 
169.5000    1    2.000   1.0000          line
171.5000    0    2.000   1.0000          NULL 
173.5000    1    2.000   1.0000          line
175.5000    0    0.500   1.0000          NULL 
176.0000    1    2.000   1.0000          line
178.0000    0    2.500   1.0000          NULL 
180.5000    1    2.000   1.0000          line
182.5000    0    1.000   1.0000          NULL 
183.5000    1    2.000   1.0000          line
185.5000    0    2.500   1.0000          NULL 
188.0000    1    2.000   1.0000          line
190.0000    0    1.000   1.0000          NULL 
191.0000    1    2.000   1.0000          line
193.0000    0    1.500   1.0000          NULL 
194.5000    1    2.000   1.0000          line
196.5000    0    1.000   1.0000          NULL 
197.5000    1    2.000   1.0000          line
199.5000    0    2.000   1.0000          NULL 
201.5000    1    2.000   1.0000          line
203.5000    0    0.500   1.0000          NULL 
204.0000    1    2.000   1.0000          line
206.0000    0    1.500   1.0000          NULL 
207.5000    1    2.000   1.0000          line
209.5000    0    0.500   1.0000          NULL 
210.0000    1    2.000   1.0000          line
212.0000    0    3.000   1.0000          NULL 
215.0000    1    2.000   1.0000          line
217.0000    0    2.000   1.0000          NULL 
219.0000    1    2.000   1.0000          line
221.0000    0    0.500   1.0000          NULL 
221.5000    1    2.000   1.0000          line
223.5000    0    1.000   1.0000          NULL 
224.5000    1    2.000   1.0000          line
226.5000    0    4.000   1.0000          NULL 
230.5000    1    2.000   1.0000          line
232.5000    0    0.500   1.0000          NULL 
233.0000    1    2.000   1.0000          line
235.0000    0    1.000   1.0000          NULL 
236.0000    1    2.000   1.0000          line
238.0000    0    0.500   1.0000          NULL 
238.5000    1    2.000   1.0000          line
240.5000    0    0.500   1.0000          NULL 
241.0000    1    2.000   1.0000          line
243.0000    0    3.000   1.0000          NULL 
246.0000    1    2.000   1.0000          line
248.0000    0    2.500   1.0000          NULL 
250.5000    1    2.000   1.0000          line
252.5000    0    1.500   1.0000          NULL 
254.0000    1    2.000   1.0000          line
256.0000    0    1.000   1.0000          NULL 
257.0000    1    2.000   1.0000          line
259.0000    0    0.500   1.0000          NULL 
259.5000    1    2.000   1.0000          line
261.5000    0    0.500   1.0000          NULL 
262.0000    1    2.000   1.0000          line
264.0000    0    1.000   1.0000          NULL 
265.0000    1    2.000   1.0000          line
267.0000    0    0.500   1.0000          NULL 
267.5000    1    2.000   1.0000          line
269.5000    0    4.000   1.0000          NULL 
273.5000    1    2.000   1.0000          line
275.5000    0    1.000   1.0000          NULL 
276.5000    1    2.000   1.0000          line
278.5000    0    1.500   1.0000          NULL 
280.0000    1    2.000   1.0000          line
282.0000    0    1.500   1.0000          NULL 
283.5000    1    2.000   1.0000          line
285.5000    0    2.000   1.0000          NULL 
287.5000    1    2.000   1.0000          line
289.5000    0    0.500   1.0000          NULL 
290.0000    1    2.000   1.0000          line
292.0000    0    2.000   1.0000          NULL 
294.0000    1    2.000   1.0000          line
296.0000    0    0.500   1.0000          NULL 
296.5000    1    2.000   1.0000          line
298.5000    0    1.000   1.0000          NULL 
299.5000    1    2.000   1.0000          line
301.5000    0    1.000   1.0000          NULL 
302.5000    1    2.000   1.0000          line
304.5000    0    2.000   1.0000          NULL 
306.5000    1    2.000   1.0000          line
308.5000    0    2.500   1.0000          NULL 
311.0000    1    2.000   1.0000          line
313.0000    0    1.500   1.0000          NULL 
314.5000    1    2.000   1.0000          line
316.5000    0    0.500   1.0000          NULL 
317.0000    1    2.000   1.0000          line
319.0000    0    0.500   1.0000          NULL 
319.5000    1    2.000   1.0000          line
321.5000    0    3.500   1.0000          NULL 
325.0000    1    2.000   1.0000          line
327.0000    0    0.500   1.0000          NULL 
327.5000    1    2.000   1.0000          line
329.5000    0    0.500   1.0000          NULL 
330.0000    1    2.000   1.0000          line
332.0000    0    0.500   1.0000          NULL 
332.5000    1    2.000   1.0000          line
334.5000    0    1.500   1.0000          NULL 
336.0000    1    2.000   1.0000          line
338.0000    0    3.500   1.0000          NULL 
341.5000    1    2.000   1.0000          line
343.5000    0    0.500   1.0000          NULL 
344.0000    1    2.000   1.0000          line
346.0000    0    1.500   1.0000          NULL 
347.5000    1    2.000   1.0000          line
349.5000    0    1.000   1.0000          NULL 
350.5000    1    2.000   1.0000          line
352.5000    0    0.500   1.0000          NULL 
353.0000    1    2.000   1.0000          line
355.0000    0    0.500   1.0000          NULL 
355.5000    1    2.000   1.0000          line
357.5000    0    2.000   1.0000          NULL 
359.5000    1    2.000   1.0000          line
361.5000    0    0.500   1.0000          NULL 
362.0000    1    2.000   1.0000          line
364.0000    0    0.500   1.0000          NULL 
364.5000    1    2.000   1.0000          line
366.5000    0    1.000   1.0000          NULL 
367.5000    1    2.000   1.0000          line
369.5000    0    1.000   1.0000          NULL 
370.5000    1    2.000   1.0000          line
372.5000    0    3.500   1.0000          NULL 
376.0000    1    2.000   1.0000          line
378.0000    0    2.500   1.0000          NULL 
380.5000    1    2.000   1.0000          line
382.5000    0    0.500   1.0000          NULL 
383.0000    1    2.000   1.0000          line
385.0000    0    0.500   1.0000          NULL 
385.5000    1    2.000   1.0000          line
387.5000    0    1.000   1.0000          NULL 
388.5000    1    2.000   1.0000          line
390.5000    0    2.000   1.0000          NULL 
392.5000    1    2.000   1.0000          line
394.5000    0    2.500   1.0000          NULL 
397.0000    1    2.000   1.0000          line
399.0000    0    1.000   1.0000          NULL 
