  0.0000    1    2.000   1.0000          line
  2.0000    0    1.000   1.0000          NULL 
  3.0000    1    2.000   1.0000          line
  5.0000    0    1.500   1.0000          NULL 
  6.5000    1    2.000   1.0000          line
  8.5000    0    3.000   1.0000          NULL 
 11.5000    1    2.000   1.0000          line
 13.5000    0    0.500   1.0000          NULL 
 14.0000    1    2.000   1.0000          line
 16.0000    0    1.000   1.0000          NULL 
 17.0000    1    2.000   1.0000          line
 19.0000    0    2.000   1.0000          NULL 
 21.0000    1    2.000   1.0000          line
 23.0000    0    0.500   1.0000          NULL 
 23.5000    1    2.000   1.0000          line
 25.5000    0    1.000   1.0000          NULL 
 26.5000    1    2.000   1.0000          line
 28.5000    0    0.500   1.0000          NULL 
 29.0000    1    2.000   1.0000          line
 31.0000    0    0.500   1.0000          NULL 
 31.5000    1    2.000   1.0000          line
 33.5000    0    0.500   1.0000          NULL 
 34.0000    1    2.000   1.0000          line
 36.0000    0    4.000   1.0000          NULL 
 40.0000    1    2.000   1.0000          line
 42.0000    0    1.000   1.0000          NULL 
 43.0000    1    2.000   1.0000          line
 45.0000    0    0.500   1.0000          NULL 
 45.5000    1    2.000   1.0000          line
 47.5000    0    0.500   1.0000          NULL 
 48.0000    1    2.000   1.0000          line
 50.0000    0    4.000   1.0000          NULL 
 54.0000    1    2.000   1.0000          line
 56.0000    0    1.500   1.0000          NULL 
 57.5000    1    2.000   1.0000          line
 59.5000    0    0.500   1.0000          NULL 
 60.0000    1    2.000   1.0000          line
 62.0000    0    2.500   1.0000          NULL 
 64.5000    1    2.000   1.0000          line
 66.5000    0    1.500   1.0000          NULL 
 68.0000    1    2.000   1.0000          line
 70.0000    0    2.000   1.0000          NULL 
 72.0000    1    2.000   1.0000          line
 74.0000    0    0.500   1.0000          NULL 
 74.5000    1    2.000   1.0000          line
 76.5000    0    2.000   1.0000          NULL 
 78.5000    1    2.000   1.0000          line
 80.5000    0    0.500   1.0000          NULL 
 81.0000    1    2.000   1.0000          line
 83.0000    0    1.000   1.0000          NULL 
 84.0000    1    2.000   1.0000          line
 86.0000    0    1.000   1.0000          NULL 
 87.0000    1    2.000   1.0000          line
 89.0000    0    1.000   1.0000          NULL 
 90.0000    1    2.000   1.0000          line
 92.0000    0    2.500   1.0000          NULL 
 94.5000    1    2.000   1.0000          line
 96.5000    0    0.500   1.0000          NULL 
 97.0000    1    2.000   1.0000          line
 99.0000    0    1.500   1.0000          NULL 
100.5000    1    2.000   1.0000          line
102.5000    0    1.000   1.0000          NULL 
103.5000    1    2.000   1.0000          line
105.5000    0    0.500   1.0000          NULL 
106.0000    1    2.000   1.0000          line
108.0000    0    1.000   1.0000          NULL 
109.0000    1    2.000   1.0000          line
111.0000    0    4.000   1.0000          NULL 
115.0000    1    2.000   1.0000          line
117.0000    0    0.500   1.0000          NULL 
117.5000    1    2.000   1.0000          line
119.5000    0    1.000   1.0000          NULL 
120.5000    1    2.000   1.0000          line
122.5000    0    1.000   1.0000          NULL 
123.5000    1    2.000   1.0000          line
125.5000    0    0.500   1.0000          NULL 
126.0000    1    2.000   1.0000          line
128.0000    0    0.500   1.0000          NULL 
128.5000    1    2.000   1.0000          line
130.5000    0    0.500   1.0000          NULL 
131.0000    1    2.000   1.0000          line
133.0000    0    0.500   1.0000          NULL 
133.5000    1    2.000   1.0000          line
135.5000    0    0.500   1.0000          NULL 
136.0000    1    2.000   1.0000          line
138.0000    0    3.500   1.0000          NULL 
141.5000    1    2.000   1.0000          line
143.5000    0    0.500   1.0000          NULL 
144.0000    1    2.000   1.0000          line
146.0000    0    1.000   1.0000          NULL 
147.0000    1    2.000   1.0000          line
149.0000    0    2.000   1.0000          NULL 
151.0000    1    2.000   1.0000          line
153.0000    0    2.500   1.0000          NULL 
155.5000    1    2.000   1.0000          line
157.5000    0    1.000   1.0000          NULL 
158.5000    1    2.000   1.0000          line
160.5000    0    1.500   1.0000          NULL 
162.0000    1    2.000   1.0000          line
164.0000    0    0.500   1.0000          NULL 
164.5000    1    2.000   1.0000          line
166.5000    0    3.500   1.0000          NULL 
170.0000    1    2.000   1.0000          line
172.0000    0    0.500   1.0000          NULL 
172.5000    1    2.000   1.0000          line
174.5000    0    0.500   1.0000          NULL 
175.0000    1    2.000   1.0000          line
177.0000    0    0.500   1.0000          NULL 
177.5000    1    2.000   1.0000          line
179.5000    0    0.500   1.0000          NULL 
180.0000    1    2.000   1.0000          line
182.0000    0    1.500   1.0000          NULL 
183.5000    1    2.000   1.0000          line
185.5000    0    1.500   1.0000          NULL 
187.0000    1    2.000   1.0000          line
189.0000    0    1.500   1.0000          NULL 
190.5000    1    2.000   1.0000          line
192.5000    0    2.000   1.0000          NULL 
194.5000    1    2.000   1.0000          line
196.5000    0    0.500   1.0000          NULL 
197.0000    1    2.000   1.0000          line
199.0000    0    1.500   1.0000          NULL 
200.5000    1    2.000   1.0000          line
202.5000    0    0.500   1.0000          NULL 
203.0000    1    2.000   1.0000          line
205.0000    0    1.500   1.0000          NULL 
206.5000    1    2.000   1.0000          line
208.5000    0    3.500   1.0000          NULL 
212.0000    1    2.000   1.0000          line
214.0000    0    2.500   1.0000          NULL 
216.5000    1    2.000   1.0000          line
218.5000    0    0.500   1.0000          NULL 
219.0000    1    2.000   1.0000          line
221.0000    0    2.000   1.0000          NULL 
223.0000    1    2.000   1.0000          line
225.0000    0    0.500   1.0000          NULL 
225.5000    1    2.000   1.0000          line
227.5000    0    1.000   1.0000          NULL 
228.5000    1    2.000   1.0000          line
230.5000    0    1.500   1.0000          NULL 
232.0000    1    2.000   1.0000          line
234.0000    0    1.000   1.0000          NULL 
235.0000    1    2.000   1.0000          line
237.0000    0    0.500   1.0000          NULL 
237.5000    1    2.000   1.0000          line
239.5000    0    1.000   1.0000          NULL 
240.5000    1    2.000   1.0000          line
242.5000    0    2.500   1.0000          NULL 
245.0000    1    2.000   1.0000          line
247.0000    0    3.000   1.0000          NULL 
250.0000    1    2.000   1.0000          line
252.0000    0    1.500   1.0000          NULL 
253.5000    1    2.000   1.0000          line
255.5000    0    3.500   1.0000          NULL 
259.0000    1    2.000   1.0000          line
261.0000    0    0.500   1.0000          NULL 
261.5000    1    2.000   1.0000          line
263.5000    0    0.500   1.0000          NULL 
264.0000    1    2.000   1.0000          line
266.0000    0    1.000   1.0000          NULL 
267.0000    1    2.000   1.0000          line
269.0000    0    4.000   1.0000          NULL 
273.0000    1    2.000   1.0000          line
275.0000    0    4.000   1.0000          NULL 
279.0000    1    2.000   1.0000          line
281.0000    0    1.000   1.0000          NULL 
282.0000    1    2.000   1.0000          line
284.0000    0    0.500   1.0000          NULL 
284.5000    1    2.000   1.0000          line
286.5000    0    1.500   1.0000          NULL 
288.0000    1    2.000   1.0000          line
290.0000    0    4.000   1.0000          NULL 
294.0000    1    2.000   1.0000          line
296.0000    0    0.500   1.0000          NULL 
296.5000    1    2.000   1.0000          line
298.5000    0    1.000   1.0000          NULL 
299.5000    1    2.000   1.0000          line
301.5000    0    1.000   1.0000          NULL 
302.5000    1    2.000   1.0000          line
304.5000    0    1.500   1.0000          NULL 
306.0000    1    2.000   1.0000          line
308.0000    0    2.000   1.0000          NULL 
310.0000    1    2.000   1.0000          line
312.0000    0    1.000   1.0000          NULL 
313.0000    1    2.000   1.0000          line
315.0000    0    1.000   1.0000          NULL 
316.0000    1    2.000   1.0000          line
318.0000    0    3.500   1.0000          NULL 
321.5000    1    2.000   1.0000          line
323.5000    0    0.500   1.0000          NULL 
324.0000    1    2.000   1.0000          line
326.0000    0    0.500   1.0000          NULL 
326.5000    1    2.000   1.0000          line
328.5000    0    2.500   1.0000          NULL 
331.0000    1    2.000   1.0000          line
333.0000    0    0.500   1.0000          NULL 
333.5000    1    2.000   1.0000          line
335.5000    0    3.000   1.0000          NULL 
338.5000    1    2.000   1.0000          line
340.5000    0    1.000   1.0000          NULL 
341.5000    1    2.000   1.0000          line
343.5000    0    2.000   1.0000          NULL 
345.5000    1    2.000   1.0000          line
347.5000    0    1.500   1.0000          NULL 
349.0000    1    2.000   1.0000          line
351.0000    0    1.000   1.0000          NULL 
352.0000    1    2.000   1.0000          line
354.0000    0    0.500   1.0000          NULL 
354.5000    1    2.000   1.0000          line
356.5000    0    1.000   1.0000          NULL 
357.5000    1    2.000   1.0000          line
359.5000    0    2.500   1.0000          NULL 
362.0000    1    2.000   1.0000          line
364.0000    0    0.500   1.0000          NULL 
364.5000    1    2.000   1.0000          line
366.5000    0    0.500   1.0000          NULL 
367.0000    1    2.000   1.0000          line
369.0000    0    1.500   1.0000          NULL 
370.5000    1    2.000   1.0000          line
372.5000    0    0.500   1.0000          NULL 
373.0000    1    2.000   1.0000          line
375.0000    0    0.500   1.0000          NULL 
375.5000    1    2.000   1.0000          line
377.5000    0    1.000   1.0000          NULL 
378.5000    1    2.000   1.0000          line
380.5000    0    0.500   1.0000          NULL 
381.0000    1    2.000   1.0000          line
383.0000    0    1.500   1.0000          NULL 
384.5000    1    2.000   1.0000          line
386.5000    0    1.000   1.0000          NULL 
387.5000    1    2.000   1.0000          line
389.5000    0    0.500   1.0000          NULL 
390.0000    1    2.000   1.0000          line
392.0000    0    0.500   1.0000          NULL 
392.5000    1    2.000   1.0000          line
394.5000    0    0.500   1.0000          NULL 
395.0000    1    2.000   1.0000          line
397.0000    0    0.500   1.0000          NULL 
397.5000    1    2.000   1.0000          line
399.5000    0    0.500   1.0000          NULL 
