  0.0000    1    2.000   1.0000          line
  2.0000    0    0.500   1.0000          NULL 
  2.5000    1    2.000   1.0000          line
  4.5000    0    0.500   1.0000          NULL 
  5.0000    1    2.000   1.0000          line
  7.0000    0    0.500   1.0000          NULL 
  7.5000    1    2.000   1.0000          line
  9.5000    0    0.500   1.0000          NULL 
 10.0000    1    2.000   1.0000          line
 12.0000    0    1.500   1.0000          NULL 
 13.5000    1    2.000   1.0000          line
 15.5000    0    1.000   1.0000          NULL 
 16.5000    1    2.000   1.0000          line
 18.5000    0    1.000   1.0000          NULL 
 19.5000    1    2.000   1.0000          line
 21.5000    0    0.500   1.0000          NULL 
 22.0000    1    2.000   1.0000          line
 24.0000    0    1.000   1.0000          NULL 
 25.0000    1    2.000   1.0000          line
 27.0000    0    1.500   1.0000          NULL 
 28.5000    1    2.000   1.0000          line
 30.5000    0    0.500   1.0000          NULL 
 31.0000    1    2.000   1.0000          line
 33.0000    0    1.000   1.0000          NULL 
 34.0000    1    2.000   1.0000          line
 36.0000    0    0.500   1.0000          NULL 
 36.5000    1    2.000   1.0000          line
 38.5000    0    3.000   1.0000          NULL 
 41.5000    1    2.000   1.0000          line
 43.5000    0    1.500   1.0000          NULL 
 45.0000    1    2.000   1.0000          line
 47.0000    0    1.500   1.0000          NULL 
 48.5000    1    2.000   1.0000          line
 50.5000    0    2.500   1.0000          NULL 
 53.0000    1    2.000   1.0000          line
 55.0000    0    0.500   1.0000          NULL 
 55.5000    1    2.000   1.0000          line
 57.5000    0    0.500   1.0000          NULL 
 58.0000    1    2.000   1.0000          line
 60.0000    0    1.500   1.0000          NULL 
 61.5000    1    2.000   1.0000          line
 63.5000    0    1.000   1.0000          NULL 
 64.5000    1    2.000   1.0000          line
 66.5000    0    2.000   1.0000          NULL 
 68.5000    1    2.000   1.0000          line
 70.5000    0    2.000   1.0000          NULL 
 72.5000    1    2.000   1.0000          line
 74.5000    0    1.500   1.0000          NULL 
 76.0000    1    2.000   1.0000          line
 78.0000    0    1.000   1.0000          NULL 
 79.0000    1    2.000   1.0000          line
 81.0000    0    4.000   1.0000          NULL 
 85.0000    1    2.000   1.0000          line
 87.0000    0    0.500   1.0000          NULL 
 87.5000    1    2.000   1.0000          line
 89.5000    0    1.000   1.0000          NULL 
 90.5000    1    2.000   1.0000          line
 92.5000    0    4.000   1.0000          NULL 
 96.5000    1    2.000   1.0000          line
 98.5000    0    0.500   1.0000          NULL 
 99.0000    1    2.000   1.0000          line
101.0000    0    0.500   1.0000          NULL 
101.5000    1    2.000   1.0000          line
103.5000    0    2.000   1.0000          NULL 
105.5000    1    2.000   1.0000          line
107.5000    0    2.500   1.0000          NULL 
110.0000    1    2.000   1.0000          line
112.0000    0    1.000   1.0000          NULL 
113.0000    1    2.000   1.0000          line
115.0000    0    0.500   1.0000          NULL 
115.5000    1    2.000   1.0000          line
117.5000    0    3.000   1.0000          NULL 
120.5000    1    2.000   1.0000          line
122.5000    0    1.500   1.0000          NULL 
124.0000    1    2.000   1.0000          line
126.0000    0    4.000   1.0000          NULL 
130.0000    1    2.000   1.0000          line
132.0000    0    4.000   1.0000          NULL 
136.0000    1    2.000   1.0000          line
138.0000    0    1.000   1.0000          NULL 
139.0000    1    2.000   1.0000          line
141.0000    0    0.500   1.0000          NULL 
141.5000    1    2.000   1.0000          line
143.5000    0    1.000   1.0000          NULL 
144.5000    1    2.000   1.0000          line
146.5000    0    0.500   1.0000          NULL 
147.0000    1    2.000   1.0000          line
149.0000    0    0.500   1.0000          NULL 
149.5000    1    2.000   1.0000          line
151.5000    0    3.000   1.0000          NULL 
154.5000    1    2.000   1.0000          line
156.5000    0    0.500   1.0000          NULL 
157.0000    1    2.000   1.0000          line
159.0000    0    1.000   1.0000          NULL 
160.0000    1    2.000   1.0000          line
162.0000    0    0.500   1.0000          NULL 
162.5000    1    2.000   1.0000          line
164.5000    0    1.000   1.0000          NULL 
165.5000    1    2.000   1.0000          line
167.5000    0    1.000   1.0000          NULL 
168.5000    1    2.000   1.0000          line
170.5000    0    0.500   1.0000          NULL 
171.0000    1    2.000   1.0000          line
173.0000    0    2.500   1.0000          NULL 
175.5000    1    2.000   1.0000          line
177.5000    0    0.500   1.0000          NULL 
178.0000    1    2.000   1.0000          line
180.0000    0    0.500   1.0000          NULL 
180.5000    1    2.000   1.0000          line
182.5000    0    0.500   1.0000          NULL 
183.0000    1    2.000   1.0000          line
185.0000    0    0.500   1.0000          NULL 
185.5000    1    2.000   1.0000          line
187.5000    0    2.000   1.0000          NULL 
189.5000    1    2.000   1.0000          line
191.5000    0    1.000   1.0000          NULL 
192.5000    1    2.000   1.0000          line
194.5000    0    1.000   1.0000          NULL 
195.5000    1    2.000   1.0000          line
197.5000    0    0.500   1.0000          NULL 
198.0000    1    2.000   1.0000          line
200.0000    0    0.500   1.0000          NULL 
200.5000    1    2.000   1.0000          line
202.5000    0    2.000   1.0000          NULL 
204.5000    1    2.000   1.0000          line
206.5000    0    0.500   1.0000          NULL 
207.0000    1    2.000   1.0000          line
209.0000    0    0.500   1.0000          NULL 
209.5000    1    2.000   1.0000          line
211.5000    0    2.500   1.0000          NULL 
214.0000    1    2.000   1.0000          line
216.0000    0    4.000   1.0000          NULL 
220.0000    1    2.000   1.0000          line
222.0000    0    0.500   1.0000          NULL 
222.5000    1    2.000   1.0000          line
224.5000    0    1.000   1.0000          NULL 
225.5000    1    2.000   1.0000          line
227.5000    0    0.500   1.0000          NULL 
228.0000    1    2.000   1.0000          line
230.0000    0    0.500   1.0000          NULL 
230.5000    1    2.000   1.0000          line
232.5000    0    0.500   1.0000          NULL 
233.0000    1    2.000   1.0000          line
235.0000    0    1.500   1.0000          NULL 
236.5000    1    2.000   1.0000          line
238.5000    0    1.500   1.0000          NULL 
240.0000    1    2.000   1.0000          line
242.0000    0    3.500   1.0000          NULL 
245.5000    1    2.000   1.0000          line
247.5000    0    0.500   1.0000          NULL 
248.0000    1    2.000   1.0000          line
250.0000    0    1.500   1.0000          NULL 
251.5000    1    2.000   1.0000          line
253.5000    0    0.500   1.0000          NULL 
254.0000    1    2.000   1.0000          line
256.0000    0    0.500   1.0000          NULL 
256.5000    1    2.000   1.0000          line
258.5000    0    2.000   1.0000          NULL 
260.5000    1    2.000   1.0000          line
262.5000    0    1.500   1.0000          NULL 
264.0000    1    2.000   1.0000          line
266.0000    0    0.500   1.0000          NULL 
266.5000    1    2.000   1.0000          line
268.5000    0    2.000   1.0000          NULL 
270.5000    1    2.000   1.0000          line
272.5000    0    3.000   1.0000          NULL 
275.5000    1    2.000   1.0000          line
277.5000    0    0.500   1.0000          NULL 
278.0000    1    2.000   1.0000          line
280.0000    0    1.000   1.0000          NULL 
281.0000    1    2.000   1.0000          line
283.0000    0    0.500   1.0000          NULL 
283.5000    1    2.000   1.0000          line
285.5000    0    0.500   1.0000          NULL 
286.0000    1    2.000   1.0000          line
288.0000    0    0.500   1.0000          NULL 
288.5000    1    2.000   1.0000          line
290.5000    0    0.500   1.0000          NULL 
291.0000    1    2.000   1.0000          line
293.0000    0    3.000   1.0000          NULL 
296.0000    1    2.000   1.0000          line
298.0000    0    0.500   1.0000          NULL 
298.5000    1    2.000   1.0000          line
300.5000    0    0.500   1.0000          NULL 
301.0000    1    2.000   1.0000          line
303.0000    0    4.000   1.0000          NULL 
307.0000    1    2.000   1.0000          line
309.0000    0    0.500   1.0000          NULL 
309.5000    1    2.000   1.0000          line
311.5000    0    1.500   1.0000          NULL 
313.0000    1    2.000   1.0000          line
315.0000    0    2.500   1.0000          NULL 
317.5000    1    2.000   1.0000          line
319.5000    0    0.500   1.0000          NULL 
320.0000    1    2.000   1.0000          line
322.0000    0    0.500   1.0000          NULL 
322.5000    1    2.000   1.0000          line
324.5000    0    0.500   1.0000          NULL 
325.0000    1    2.000   1.0000          line
327.0000    0    3.500   1.0000          NULL 
330.5000    1    2.000   1.0000          line
332.5000    0    2.000   1.0000          NULL 
334.5000    1    2.000   1.0000          line
336.5000    0    2.500   1.0000          NULL 
339.0000    1    2.000   1.0000          line
341.0000    0    0.500   1.0000          NULL 
341.5000    1    2.000   1.0000          line
343.5000    0    0.500   1.0000          NULL 
344.0000    1    2.000   1.0000          line
346.0000    0    1.500   1.0000          NULL 
347.5000    1    2.000   1.0000          line
349.5000    0    1.500   1.0000          NULL 
351.0000    1    2.000   1.0000          line
353.0000    0    1.000   1.0000          NULL 
354.0000    1    2.000   1.0000          line
356.0000    0    3.500   1.0000          NULL 
359.5000    1    2.000   1.0000          line
361.5000    0    1.000   1.0000          NULL 
362.5000    1    2.000   1.0000          line
364.5000    0    3.000   1.0000          NULL 
367.5000    1    2.000   1.0000          line
369.5000    0    1.000   1.0000          NULL 
370.5000    1    2.000   1.0000          line
372.5000    0    2.000   1.0000          NULL 
374.5000    1    2.000   1.0000          line
376.5000    0    2.500   1.0000          NULL 
379.0000    1    2.000   1.0000          line
381.0000    0    0.500   1.0000          NULL 
381.5000    1    2.000   1.0000          line
383.5000    0    1.000   1.0000          NULL 
384.5000    1    2.000   1.0000          line
386.5000    0    1.000   1.0000          NULL 
387.5000    1    2.000   1.0000          line
389.5000    0    2.500   1.0000          NULL 
392.0000    1    2.000   1.0000          line
394.0000    0    1.000   1.0000          NULL 
395.0000    1    2.000   1.0000          line
397.0000    0    0.500   1.0000          NULL 
397.5000    1    2.000   1.0000          line
399.5000    0    0.500   1.0000          NULL 
