  0.0000    1    2.000   1.0000          line
  2.0000    0    1.000   1.0000          NULL 
  3.0000    1    2.000   1.0000          line
  5.0000    0    1.000   1.0000          NULL 
  6.0000    1    2.000   1.0000          line
  8.0000    0    1.200   1.0000          NULL 
  9.2000    1    2.000   1.0000          line
 11.2000    0    1.000   1.0000          NULL 
 12.2000    1    2.000   1.0000          line
 14.2000    0    1.100   1.0000          NULL 
 15.3000    1    2.000   1.0000          line
 17.3000    0    1.300   1.0000          NULL 
 18.6000    1    2.000   1.0000          line
 20.6000    0    1.600   1.0000          NULL 
 22.2000    1    2.000   1.0000          line
 24.2000    0    1.100   1.0000          NULL 
 25.3000    1    2.000   1.0000          line
 27.3000    0    1.500   1.0000          NULL 
 28.8000    1    2.000   1.0000          line
 30.8000    0    1.300   1.0000          NULL 
 32.1000    1    2.000   1.0000          line
 34.1000    0    1.300   1.0000          NULL 
 35.4000    1    2.000   1.0000          line
 37.4000    0    1.700   1.0000          NULL 
 39.1000    1    2.000   1.0000          line
 41.1000    0    1.100   1.0000          NULL 
 42.2000    1    2.000   1.0000          line
 44.2000    0    1.000   1.0000          NULL 
 45.2000    1    2.000   1.0000          line
 47.2000    0    1.900   1.0000          NULL 
 49.1000    1    2.000   1.0000          line
 51.1000    0    1.100   1.0000          NULL 
 52.2000    1    2.000   1.0000          line
 54.2000    0    1.000   1.0000          NULL 
 55.2000    1    2.000   1.0000          line
 57.2000    0    1.000   1.0000          NULL 
 58.2000    1    2.000   1.0000          line
 60.2000    0    1.000   1.0000          NULL 
 61.2000    1    2.000   1.0000          line
 63.2000    0    1.900   1.0000          NULL 
 65.1000    1    2.000   1.0000          line
 67.1000    0    1.000   1.0000          NULL 
 68.1000    1    2.000   1.0000          line
 70.1000    0    1.600   1.0000          NULL 
 71.7000    1    2.000   1.0000          line
 73.7000    0    1.300   1.0000          NULL 
 74.9999    1    2.000   1.0000          line
 76.9999    0    1.900   1.0000          NULL 
 78.8999    1    2.000   1.0000          line
 80.8999    0    1.300   1.0000          NULL 
 82.1999    1    2.000   1.0000          line
 84.1999    0    1.000   1.0000          NULL 
 85.1999    1    2.000   1.0000          line
 87.1999    0    1.100   1.0000          NULL 
 88.2999    1    2.000   1.0000          line
 90.2999    0    2.000   1.0000          NULL 
 92.2999    1    2.000   1.0000          line
 94.2999    0    1.000   1.0000          NULL 
 95.2999    1    2.000   1.0000          line
 97.2999    0    1.200   1.0000          NULL 
 98.4999    1    2.000   1.0000          line
100.4999    0    1.300   1.0000          NULL 
101.7999    1    2.000   1.0000          line
103.7999    0    1.000   1.0000          NULL 
104.7999    1    2.000   1.0000          line
106.7999    0    1.400   1.0000          NULL 
108.1999    1    2.000   1.0000          line
110.1999    0    1.500   1.0000          NULL 
111.6999    1    2.000   1.0000          line
113.6999    0    1.000   1.0000          NULL 
114.6999    1    2.000   1.0000          line
116.6999    0    1.000   1.0000          NULL 
117.6999    1    2.000   1.0000          line
119.6999    0    1.300   1.0000          NULL 
120.9999    1    2.000   1.0000          line
122.9999    0    1.000   1.0000          NULL 
123.9999    1    2.000   1.0000          line
125.9999    0    1.000   1.0000          NULL 
126.9999    1    2.000   1.0000          line
128.9999    0    1.000   1.0000          NULL 
