  0.0000    1    2.000   1.0000          line
  2.0000    0    1.100   1.0000          NULL 
  3.1000    1    2.000   1.0000          line
  5.1000    0    1.400   1.0000          NULL 
  6.5000    1    2.000   1.0000          line
  8.5000    0    1.700   1.0000          NULL 
 10.2000    1    2.000   1.0000          line
 12.2000    0    1.200   1.0000          NULL 
 13.4000    1    2.000   1.0000          line
 15.4000    0    1.300   1.0000          NULL 
 16.7000    1    2.000   1.0000          line
 18.7000    0    1.200   1.0000          NULL 
 19.9000    1    2.000   1.0000          line
 21.9000    0    1.900   1.0000          NULL 
 23.8000    1    2.000   1.0000          line
 25.8000    0    1.000   1.0000          NULL 
 26.8000    1    2.000   1.0000          line
 28.8000    0    1.000   1.0000          NULL 
 29.8000    1    2.000   1.0000          line
 31.8000    0    2.000   1.0000          NULL 
 33.8000    1    2.000   1.0000          line
 35.8000    0    1.000   1.0000          NULL 
 36.8000    1    2.000   1.0000          line
 38.8000    0    1.100   1.0000          NULL 
 39.9000    1    2.000   1.0000          line
 41.9000    0    1.300   1.0000          NULL 
 43.2000    1    2.000   1.0000          line
 45.2000    0    1.000   1.0000          NULL 
 46.2000    1    2.000   1.0000          line
 48.2000    0    2.000   1.0000          NULL 
 50.2000    1    2.000   1.0000          line
 52.2000    0    1.000   1.0000          NULL 
 53.2000    1    2.000   1.0000          line
 55.2000    0    1.200   1.0000          NULL 
 56.4000    1    2.000   1.0000          line
 58.4000    0    1.300   1.0000          NULL 
 59.7000    1    2.000   1.0000          line
 61.7000    0    1.000   1.0000          NULL 
 62.7000    1    2.000   1.0000          line
 64.7000    0    1.100   1.0000          NULL 
 65.8000    1    2.000   1.0000          line
 67.8000    0    1.700   1.0000          NULL 
 69.5000    1    2.000   1.0000          line
 71.5000    0    1.300   1.0000          NULL 
 72.7999    1    2.000   1.0000          line
 74.7999    0    1.800   1.0000          NULL 
 76.5999    1    2.000   1.0000          line
 78.5999    0    1.100   1.0000          NULL 
 79.6999    1    2.000   1.0000          line
 81.6999    0    1.600   1.0000          NULL 
 83.2999    1    2.000   1.0000          line
 85.2999    0    1.100   1.0000          NULL 
 86.3999    1    2.000   1.0000          line
 88.3999    0    1.000   1.0000          NULL 
 89.3999    1    2.000   1.0000          line
 91.3999    0    1.200   1.0000          NULL 
 92.5999    1    2.000   1.0000          line
 94.5999    0    1.000   1.0000          NULL 
 95.5999    1    2.000   1.0000          line
 97.5999    0    1.000   1.0000          NULL 
 98.5999    1    2.000   1.0000          line
100.5999    0    1.100   1.0000          NULL 
101.6999    1    2.000   1.0000          line
103.6999    0    1.000   1.0000          NULL 
104.6999    1    2.000   1.0000          line
106.6999    0    1.800   1.0000          NULL 
108.4999    1    2.000   1.0000          line
110.4999    0    1.000   1.0000          NULL 
111.4999    1    2.000   1.0000          line
113.4999    0    1.000   1.0000          NULL 
114.4999    1    2.000   1.0000          line
116.4999    0    1.000   1.0000          NULL 
117.4999    1    2.000   1.0000          line
119.4999    0    1.200   1.0000          NULL 
120.6999    1    2.000   1.0000          line
122.6999    0    1.100   1.0000          NULL 
123.7999    1    2.000   1.0000          line
125.7999    0    1.100   1.0000          NULL 
126.8999    1    2.000   1.0000          line
128.8999    0    1.100   1.0000          NULL 
