  0.0000    1    2.000   1.0000          line
  2.0000    0    1.000   1.0000          NULL 
  3.0000    1    2.000   1.0000          line
  5.0000    0    1.000   1.0000          NULL 
  6.0000    1    2.000   1.0000          line
  8.0000    0    1.100   1.0000          NULL 
  9.1000    1    2.000   1.0000          line
 11.1000    0    1.400   1.0000          NULL 
 12.5000    1    2.000   1.0000          line
 14.5000    0    1.000   1.0000          NULL 
 15.5000    1    2.000   1.0000          line
 17.5000    0    1.500   1.0000          NULL 
 19.0000    1    2.000   1.0000          line
 21.0000    0    1.300   1.0000          NULL 
 22.3000    1    2.000   1.0000          line
 24.3000    0    1.300   1.0000          NULL 
 25.6000    1    2.000   1.0000          line
 27.6000    0    1.000   1.0000          NULL 
 28.6000    1    2.000   1.0000          line
 30.6000    0    1.900   1.0000          NULL 
 32.5000    1    2.000   1.0000          line
 34.5000    0    1.000   1.0000          NULL 
 35.5000    1    2.000   1.0000          line
 37.5000    0    1.000   1.0000          NULL 
 38.5000    1    2.000   1.0000          line
 40.5000    0    2.000   1.0000          NULL 
 42.5000    1    2.000   1.0000          line
 44.5000    0    1.200   1.0000          NULL 
 45.7000    1    2.000   1.0000          line
 47.7000    0    1.500   1.0000          NULL 
 49.2000    1    2.000   1.0000          line
 51.2000    0    1.000   1.0000          NULL 
 52.2000    1    2.000   1.0000          line
 54.2000    0    1.200   1.0000          NULL 
 55.4000    1    2.000   1.0000          line
 57.4000    0    1.000   1.0000          NULL 
 58.4000    1    2.000   1.0000          line
 60.4000    0    1.200   1.0000          NULL 
 61.6000    1    2.000   1.0000          line
 63.6000    0    1.700   1.0000          NULL 
 65.3000    1    2.000   1.0000          line
 67.3000    0    1.100   1.0000          NULL 
 68.4000    1    2.000   1.0000          line
 70.4000    0    1.200   1.0000          NULL 
 71.6000    1    2.000   1.0000          line
 73.6000    0    1.600   1.0000          NULL 
 75.1999    1    2.000   1.0000          line
 77.1999    0    1.100   1.0000          NULL 
 78.2999    1    2.000   1.0000          line
 80.2999    0    1.800   1.0000          NULL 
 82.0999    1    2.000   1.0000          line
 84.0999    0    1.000   1.0000          NULL 
 85.0999    1    2.000   1.0000          line
 87.0999    0    1.100   1.0000          NULL 
 88.1999    1    2.000   1.0000          line
 90.1999    0    1.100   1.0000          NULL 
 91.2999    1    2.000   1.0000          line
 93.2999    0    1.500   1.0000          NULL 
 94.7999    1    2.000   1.0000          line
 96.7999    0    1.100   1.0000          NULL 
 97.8999    1    2.000   1.0000          line
 99.8999    0    1.600   1.0000          NULL 
101.4999    1    2.000   1.0000          line
103.4999    0    1.000   1.0000          NULL 
104.4999    1    2.000   1.0000          line
106.4999    0    1.000   1.0000          NULL 
107.4999    1    2.000   1.0000          line
109.4999    0    1.300   1.0000          NULL 
110.7999    1    2.000   1.0000          line
112.7999    0    1.700   1.0000          NULL 
114.4999    1    2.000   1.0000          line
116.4999    0    1.000   1.0000          NULL 
117.4999    1    2.000   1.0000          line
119.4999    0    1.100   1.0000          NULL 
120.5999    1    2.000   1.0000          line
122.5999    0    1.300   1.0000          NULL 
123.8999    1    2.000   1.0000          line
125.8999    0    1.000   1.0000          NULL 
126.8999    1    2.000   1.0000          line
128.8999    0    1.100   1.0000          NULL 
