  0.0000    1    2.000   1.0000          line
  2.0000    0    1.000   1.0000          NULL 
  3.0000    1    2.000   1.0000          line
  5.0000    0    1.300   1.0000          NULL 
  6.3000    1    2.000   1.0000          line
  8.3000    0    1.200   1.0000          NULL 
  9.5000    1    2.000   1.0000          line
 11.5000    0    1.000   1.0000          NULL 
 12.5000    1    2.000   1.0000          line
 14.5000    0    1.300   1.0000          NULL 
 15.8000    1    2.000   1.0000          line
 17.8000    0    1.600   1.0000          NULL 
 19.4000    1    2.000   1.0000          line
 21.4000    0    1.200   1.0000          NULL 
 22.6000    1    2.000   1.0000          line
 24.6000    0    1.100   1.0000          NULL 
 25.7000    1    2.000   1.0000          line
 27.7000    0    1.100   1.0000          NULL 
 28.8000    1    2.000   1.0000          line
 30.8000    0    1.000   1.0000          NULL 
 31.8000    1    2.000   1.0000          line
 33.8000    0    1.800   1.0000          NULL 
 35.6000    1    2.000   1.0000          line
 37.6000    0    1.000   1.0000          NULL 
 38.6000    1    2.000   1.0000          line
 40.6000    0    1.100   1.0000          NULL 
 41.7000    1    2.000   1.0000          line
 43.7000    0    1.900   1.0000          NULL 
 45.6000    1    2.000   1.0000          line
 47.6000    0    1.100   1.0000          NULL 
 48.7000    1    2.000   1.0000          line
 50.7000    0    1.600   1.0000          NULL 
 52.3000    1    2.000   1.0000          line
 54.3000    0    1.000   1.0000          NULL 
 55.3000    1    2.000   1.0000          line
 57.3000    0    1.800   1.0000          NULL 
 59.1000    1    2.000   1.0000          line
 61.1000    0    1.000   1.0000          NULL 
 62.1000    1    2.000   1.0000          line
 64.1000    0    1.200   1.0000          NULL 
 65.2999    1    2.000   1.0000          line
 67.2999    0    1.100   1.0000          NULL 
 68.3999    1    2.000   1.0000          line
 70.3999    0    1.000   1.0000          NULL 
 71.3999    1    2.000   1.0000          line
 73.3999    0    1.000   1.0000          NULL 
 74.3999    1    2.000   1.0000          line
 76.3999    0    1.500   1.0000          NULL 
 77.8999    1    2.000   1.0000          line
 79.8999    0    1.100   1.0000          NULL 
 80.9999    1    2.000   1.0000          line
 82.9999    0    1.000   1.0000          NULL 
 83.9999    1    2.000   1.0000          line
 85.9999    0    1.900   1.0000          NULL 
 87.8999    1    2.000   1.0000          line
 89.8999    0    1.300   1.0000          NULL 
 91.1999    1    2.000   1.0000          line
 93.1999    0    1.000   1.0000          NULL 
 94.1999    1    2.000   1.0000          line
 96.1999    0    1.000   1.0000          NULL 
 97.1999    1    2.000   1.0000          line
 99.1999    0    1.000   1.0000          NULL 
100.1999    1    2.000   1.0000          line
102.1999    0    1.200   1.0000          NULL 
103.3999    1    2.000   1.0000          line
105.3999    0    1.400   1.0000          NULL 
106.7999    1    2.000   1.0000          line
108.7999    0    2.000   1.0000          NULL 
110.7999    1    2.000   1.0000          line
112.7999    0    1.100   1.0000          NULL 
113.8999    1    2.000   1.0000          line
115.8999    0    1.000   1.0000          NULL 
116.8999    1    2.000   1.0000          line
118.8999    0    1.100   1.0000          NULL 
119.9999    1    2.000   1.0000          line
121.9999    0    1.800   1.0000          NULL 
123.7999    1    2.000   1.0000          line
125.7999    0    1.200   1.0000          NULL 
126.9999    1    2.000   1.0000          line
128.9999    0    1.000   1.0000          NULL 
